0 231 1 
0 334 1 
0 334 1 
0 335 1 
0 338 1 
1 196 3 
1 196 1 
1 196 1 
1 350 1 
2 111 1 
2 111 1 
2 111 1 
2 111 1 
2 113 1 
2 113 1 
2 113 1 
2 124 1 
2 124 1 
2 124 1 
2 124 1 
2 124 1 
2 128 1 
2 128 1 
2 128 1 
2 128 1 
2 189 1 
2 228 1 
2 228 1 
2 228 1 
2 281 1 
2 283 1 
2 283 3 
2 283 1 
2 283 1 
2 283 1 
2 283 1 
2 283 1 
2 283 1 
2 283 1 
2 290 1 
2 290 1 
2 298 1 
2 299 1 
2 306 1 
2 306 1 
2 306 1 
2 306 1 
2 306 1 
2 307 1 
2 308 1 
2 308 1 
2 309 1 
2 311 1 
2 331 1 
2 331 1 
2 331 1 
2 331 1 
2 334 1 
2 336 1 
2 340 1 
2 342 1 
2 342 1 
2 350 1 
2 350 1 
2 350 1 
2 350 1 
2 350 1 
2 350 1 
2 350 1 
2 350 1 
2 354 1 
3 111 1 
3 124 1 
3 299 1 
3 350 1 
3 350 1 
4 336 1 
5 124 1 
5 124 1 
6 8 1 
7 228 1 
7 350 1 
8 217 1 
8 281 1 
8 299 1 
8 299 1 
8 299 1 
8 299 1 
8 350 1 
9 34 1 
9 34 1 
9 204 1 
10 340 1 
11 306 1 
11 350 1 
12 124 1 
13 113 1 
14 113 1 
14 113 1 
14 299 1 
14 299 1 
14 299 1 
14 299 1 
14 299 1 
14 336 1 
15 24 1 
15 166 1 
15 256 1 
15 258 1 
15 264 1 
15 272 1 
15 273 1 
15 275 1 
15 279 1 
15 282 1 
15 283 1 
15 285 1 
15 289 1 
15 291 1 
15 293 1 
15 299 1 
15 304 1 
15 305 1 
15 306 1 
15 307 1 
15 308 1 
15 309 1 
15 310 1 
15 311 1 
15 312 1 
15 313 1 
15 314 1 
15 315 1 
15 316 1 
15 317 1 
15 318 1 
15 319 1 
15 320 1 
15 321 1 
15 322 1 
15 323 1 
15 324 1 
15 325 1 
15 327 1 
15 328 1 
15 331 1 
15 332 1 
15 334 1 
15 335 1 
15 336 1 
15 337 1 
15 338 1 
15 339 1 
15 340 1 
15 342 1 
15 350 1 
15 351 1 
15 352 1 
16 77 1 
16 195 3 
16 210 1 
16 212 1 
16 212 1 
16 302 1 
17 350 1 
18 8 2 
18 8 1 
18 28 1 
18 166 1 
18 222 1 
18 222 1 
18 234 1 
18 238 1 
18 308 1 
18 311 1 
18 340 1 
18 340 1 
18 340 1 
19 113 1 
20 38 1 
20 38 1 
21 299 1 
22 113 1 
22 350 1 
23 124 1 
23 124 1 
23 350 1 
23 350 1 
23 350 1 
24 176 1 
25 3 1 
25 7 1 
25 7 1 
25 7 1 
25 8 1 
25 8 1 
25 13 1 
25 54 1 
25 54 1 
25 54 1 
25 113 1 
25 113 1 
25 113 1 
25 113 1 
25 113 1 
25 124 1 
25 128 1 
25 128 1 
25 128 1 
25 128 1 
25 164 1 
25 234 1 
25 238 1 
26 93 2 
27 336 1 
28 350 1 
29 7 1 
29 293 1 
30 113 1 
31 169 1 
32 38 1 
32 267 1 
32 321 1 
33 38 1 
33 167 1 
33 167 1 
33 167 1 
33 167 1 
33 167 1 
33 167 1 
33 167 1 
33 167 1 
33 167 1 
33 167 1 
33 167 1 
33 167 1 
33 167 1 
33 167 1 
34 346 1 
35 38 1 
36 167 1 
36 167 1 
36 167 1 
36 167 1 
36 167 1 
37 188 1 
37 235 1 
38 44 3 
38 289 1 
38 289 1 
38 289 1 
38 289 1 
38 289 1 
38 299 1 
38 299 1 
39 299 1 
40 89 1 
41 30 1 
41 113 1 
41 217 1 
41 299 1 
41 299 1 
41 299 1 
41 299 1 
41 299 1 
42 3 1 
42 7 1 
42 7 1 
42 8 1 
42 17 1 
42 18 1 
42 19 1 
42 32 1 
42 83 1 
42 113 1 
42 113 1 
42 113 1 
42 113 1 
42 113 1 
42 113 1 
42 113 1 
42 113 1 
42 113 1 
42 113 1 
42 113 1 
42 128 1 
42 128 1 
42 128 1 
42 128 1 
42 166 1 
42 189 1 
42 190 1 
42 196 1 
42 199 1 
42 204 1 
42 207 1 
42 222 1 
42 263 1 
42 279 1 
42 281 1 
42 284 1 
42 285 1 
42 290 1 
42 291 1 
42 291 1 
42 291 1 
42 299 1 
42 299 1 
42 299 1 
42 299 1 
42 305 1 
42 305 1 
42 305 1 
42 305 1 
42 306 1 
42 306 1 
42 306 1 
42 306 1 
42 308 1 
42 308 1 
42 331 1 
42 331 1 
42 335 1 
42 340 1 
42 340 1 
42 342 1 
42 342 1 
42 350 1 
42 350 1 
42 350 1 
42 350 1 
42 350 1 
42 350 1 
42 350 1 
42 350 1 
42 354 1 
42 354 1 
42 354 1 
42 354 1 
42 354 1 
42 354 1 
43 1 2 
43 1 2 
43 3 1 
43 3 1 
43 3 1 
43 3 1 
43 3 1 
43 3 1 
43 5 1 
43 5 1 
43 7 1 
43 7 1 
43 7 1 
43 7 1 
43 8 1 
43 8 2 
43 8 2 
43 8 1 
43 8 1 
43 8 2 
43 8 1 
43 8 1 
43 8 1 
43 8 2 
43 8 2 
43 8 1 
43 8 1 
43 8 1 
43 8 1 
43 11 1 
43 13 1 
43 15 1 
43 16 1 
43 16 1 
43 17 1 
43 22 1 
43 24 1 
43 28 1 
43 28 1 
43 28 1 
43 28 1 
43 28 1 
43 28 1 
43 28 1 
43 28 1 
43 28 1 
43 28 1 
43 28 1 
43 28 1 
43 34 1 
43 44 1 
43 44 1 
43 44 1 
43 54 1 
43 54 1 
43 54 1 
43 61 2 
43 61 2 
43 75 2 
43 83 1 
43 86 2 
43 91 2 
43 91 2 
43 103 1 
43 103 1 
43 103 1 
43 103 1 
43 103 1 
43 103 1 
43 103 1 
43 103 1 
43 103 1 
43 103 1 
43 103 1 
43 103 1 
43 109 1 
43 109 1 
43 110 2 
43 110 2 
43 113 1 
43 113 1 
43 113 1 
43 113 1 
43 113 1 
43 113 1 
43 113 1 
43 113 1 
43 113 1 
43 113 1 
43 113 1 
43 113 1 
43 113 1 
43 113 1 
43 113 1 
43 113 1 
43 113 1 
43 113 1 
43 113 1 
43 113 1 
43 113 1 
43 113 1 
43 113 1 
43 113 1 
43 113 1 
43 113 1 
43 113 1 
43 113 1 
43 113 1 
43 113 1 
43 113 1 
43 113 1 
43 113 1 
43 113 1 
43 113 1 
43 113 1 
43 113 1 
43 113 1 
43 113 1 
43 113 1 
43 113 1 
43 113 1 
43 113 1 
43 113 1 
43 113 1 
43 113 1 
43 113 1 
43 113 1 
43 113 1 
43 113 1 
43 113 1 
43 113 1 
43 113 1 
43 113 1 
43 113 1 
43 113 1 
43 113 1 
43 113 1 
43 113 1 
43 113 1 
43 113 1 
43 113 1 
43 113 1 
43 113 1 
43 113 1 
43 113 1 
43 113 1 
43 113 1 
43 113 1 
43 113 1 
43 113 1 
43 113 1 
43 113 1 
43 113 1 
43 113 1 
43 113 1 
43 113 1 
43 113 1 
43 113 1 
43 113 1 
43 121 1 
43 121 1 
43 124 1 
43 124 1 
43 124 1 
43 124 1 
43 124 1 
43 124 1 
43 124 1 
43 124 1 
43 124 1 
43 124 1 
43 124 1 
43 124 1 
43 124 1 
43 124 1 
43 124 1 
43 124 1 
43 124 1 
43 124 1 
43 124 1 
43 124 1 
43 124 1 
43 124 1 
43 124 1 
43 124 1 
43 124 1 
43 124 1 
43 124 1 
43 124 1 
43 124 1 
43 124 1 
43 124 1 
43 124 1 
43 124 1 
43 124 1 
43 124 1 
43 124 1 
43 124 1 
43 124 1 
43 124 1 
43 124 1 
43 124 1 
43 124 1 
43 124 1 
43 124 1 
43 124 1 
43 124 1 
43 124 1 
43 124 1 
43 128 1 
43 128 1 
43 128 1 
43 128 1 
43 128 1 
43 128 1 
43 128 1 
43 128 1 
43 128 1 
43 128 1 
43 128 1 
43 128 1 
43 128 1 
43 128 1 
43 128 1 
43 128 1 
43 128 1 
43 128 1 
43 128 1 
43 128 1 
43 128 1 
43 128 1 
43 128 1 
43 128 1 
43 128 1 
43 128 1 
43 135 3 
43 135 1 
43 139 1 
43 139 1 
43 139 1 
43 139 1 
43 160 1 
43 160 1 
43 166 1 
43 166 1 
43 166 1 
43 166 1 
43 166 1 
43 166 1 
43 173 1 
43 173 1 
43 173 1 
43 173 1 
43 173 1 
43 173 1 
43 173 1 
43 173 1 
43 173 1 
43 173 1 
43 180 1 
43 180 1 
43 191 3 
43 197 3 
43 202 3 
43 204 1 
43 204 1 
43 205 3 
43 206 3 
43 217 1 
43 217 1 
43 217 1 
43 217 1 
43 217 1 
43 218 1 
43 218 1 
43 221 1 
43 222 1 
43 228 1 
43 228 1 
43 228 1 
43 228 1 
43 231 1 
43 231 1 
43 231 1 
43 231 1 
43 231 1 
43 234 1 
43 234 1 
43 234 1 
43 238 3 
43 238 1 
43 238 1 
43 238 1 
43 243 1 
43 243 1 
43 244 1 
43 251 1 
43 254 1 
43 254 1 
43 254 1 
43 254 1 
43 256 1 
43 259 1 
43 260 1 
43 265 1 
43 269 1 
43 270 1 
43 276 1 
43 279 1 
43 279 1 
43 279 1 
43 279 1 
43 280 1 
43 281 1 
43 282 1 
43 282 1 
43 282 1 
43 282 1 
43 282 1 
43 282 1 
43 283 1 
43 283 1 
43 283 1 
43 283 1 
43 283 1 
43 283 1 
43 283 1 
43 284 1 
43 284 1 
43 284 1 
43 285 1 
43 285 1 
43 285 1 
43 285 1 
43 287 1 
43 287 1 
43 288 1 
43 288 1 
43 289 1 
43 289 1 
43 289 1 
43 289 1 
43 289 1 
43 289 1 
43 290 1 
43 290 1 
43 290 1 
43 290 1 
43 291 1 
43 291 1 
43 292 1 
43 292 1 
43 293 1 
43 293 1 
43 293 1 
43 294 1 
43 294 1 
43 294 1 
43 294 1 
43 298 1 
43 298 1 
43 299 1 
43 299 1 
43 299 1 
43 299 1 
43 299 1 
43 299 1 
43 299 1 
43 299 1 
43 299 1 
43 299 1 
43 299 1 
43 299 1 
43 299 1 
43 299 1 
43 299 1 
43 299 1 
43 299 1 
43 299 1 
43 299 1 
43 299 1 
43 299 1 
43 299 1 
43 299 1 
43 299 1 
43 299 1 
43 299 1 
43 299 1 
43 299 1 
43 299 1 
43 299 1 
43 299 1 
43 299 1 
43 299 1 
43 299 1 
43 299 1 
43 299 1 
43 299 1 
43 299 1 
43 299 1 
43 299 1 
43 299 1 
43 299 1 
43 299 1 
43 299 1 
43 299 1 
43 299 1 
43 299 1 
43 299 1 
43 299 1 
43 299 1 
43 299 1 
43 305 1 
43 305 1 
43 305 1 
43 305 1 
43 305 1 
43 305 1 
43 305 1 
43 305 1 
43 305 1 
43 305 1 
43 305 1 
43 305 1 
43 305 1 
43 305 1 
43 305 1 
43 306 1 
43 306 1 
43 306 1 
43 306 1 
43 306 1 
43 306 1 
43 306 1 
43 306 1 
43 306 1 
43 306 1 
43 306 1 
43 306 1 
43 306 1 
43 306 1 
43 306 1 
43 306 1 
43 306 1 
43 306 1 
43 307 1 
43 307 1 
43 307 1 
43 307 1 
43 307 1 
43 307 1 
43 307 1 
43 307 1 
43 307 1 
43 307 1 
43 307 1 
43 307 1 
43 308 1 
43 308 1 
43 308 1 
43 308 1 
43 308 1 
43 308 1 
43 309 1 
43 310 1 
43 310 1 
43 310 1 
43 311 1 
43 311 1 
43 312 1 
43 312 1 
43 312 1 
43 312 1 
43 312 1 
43 312 1 
43 313 1 
43 321 1 
43 322 1 
43 322 1 
43 322 1 
43 322 1 
43 322 1 
43 322 1 
43 322 1 
43 322 1 
43 322 1 
43 322 3 
43 322 1 
43 322 1 
43 322 1 
43 322 3 
43 327 1 
43 327 1 
43 327 1 
43 327 1 
43 331 1 
43 331 1 
43 331 1 
43 331 1 
43 331 1 
43 331 1 
43 331 1 
43 331 1 
43 331 1 
43 332 1 
43 332 1 
43 332 1 
43 332 1 
43 332 1 
43 332 1 
43 332 1 
43 332 1 
43 334 1 
43 334 1 
43 335 1 
43 335 1 
43 335 1 
43 336 1 
43 336 1 
43 337 1 
43 337 1 
43 337 1 
43 337 1 
43 337 1 
43 337 1 
43 337 1 
43 337 1 
43 338 1 
43 338 1 
43 338 1 
43 338 1 
43 338 1 
43 338 1 
43 338 1 
43 338 1 
43 338 1 
43 338 1 
43 338 1 
43 338 1 
43 338 1 
43 338 1 
43 338 1 
43 340 1 
43 340 1 
43 340 1 
43 340 1 
43 340 1 
43 340 1 
43 340 1 
43 340 1 
43 340 1 
43 340 1 
43 340 1 
43 340 1 
43 340 1 
43 340 1 
43 340 1 
43 340 1 
43 340 1 
43 340 1 
43 340 1 
43 340 1 
43 340 1 
43 340 1 
43 342 1 
43 342 1 
43 350 1 
43 350 1 
43 350 1 
43 350 1 
43 350 1 
43 350 1 
43 350 1 
43 350 1 
43 350 1 
43 350 1 
43 350 1 
43 350 1 
43 350 1 
43 350 1 
43 350 1 
43 350 1 
43 350 1 
43 350 1 
43 350 1 
43 350 1 
43 350 1 
43 350 1 
43 350 1 
43 350 1 
43 350 1 
43 350 1 
43 350 1 
43 350 1 
43 350 1 
43 350 1 
43 350 1 
43 350 1 
43 350 1 
43 350 1 
43 350 1 
43 350 1 
43 350 1 
43 350 1 
43 350 1 
43 350 1 
43 350 1 
43 350 1 
43 350 1 
43 350 1 
43 350 1 
43 350 1 
43 350 1 
43 350 1 
43 350 1 
43 350 1 
43 350 1 
43 350 1 
43 350 1 
43 350 1 
43 350 1 
43 350 1 
43 350 1 
43 350 1 
43 350 1 
43 350 1 
43 352 1 
43 354 1 
43 354 1 
43 354 1 
43 354 1 
43 354 1 
43 354 1 
43 355 1 
43 355 1 
43 355 1 
43 355 1 
43 355 1 
44 38 1 
44 169 1 
45 124 1 
45 124 1 
45 124 1 
45 124 1 
46 5 1 
46 5 1 
46 83 1 
46 103 1 
46 113 1 
46 327 1 
47 4 1 
47 5 1 
47 7 1 
47 8 2 
47 12 1 
47 34 1 
47 48 1 
47 54 1 
47 98 1 
47 103 1 
47 103 2 
47 113 1 
47 113 2 
47 113 1 
47 124 1 
47 128 1 
47 128 1 
47 128 1 
47 128 1 
47 128 1 
47 128 1 
47 128 1 
47 128 1 
47 128 1 
47 128 1 
47 128 1 
47 128 1 
47 128 1 
47 128 1 
47 128 1 
47 139 1 
47 160 1 
47 189 1 
47 189 3 
47 218 1 
47 218 1 
47 219 1 
47 219 1 
47 219 3 
47 219 2 
47 219 3 
47 219 1 
47 244 1 
47 249 3 
47 249 3 
47 249 2 
47 254 1 
47 254 1 
47 254 1 
47 254 1 
47 254 1 
47 254 1 
47 254 1 
47 254 1 
47 254 1 
47 255 1 
47 271 1 
47 279 1 
47 294 2 
47 294 3 
47 294 1 
47 294 3 
47 299 1 
47 299 1 
47 299 1 
47 302 1 
47 308 1 
47 321 1 
47 322 1 
47 334 1 
47 334 1 
47 334 1 
47 335 1 
47 335 1 
47 335 1 
47 337 1 
47 337 1 
47 337 1 
47 338 1 
47 338 1 
47 338 1 
47 338 1 
47 338 1 
47 339 1 
47 350 1 
47 351 1 
47 352 1 
48 24 1 
48 34 1 
48 44 1 
48 48 1 
48 48 1 
48 83 1 
48 111 2 
48 152 1 
48 212 1 
48 212 1 
48 256 1 
48 350 1 
49 5 1 
49 28 1 
49 113 1 
49 204 1 
49 212 1 
49 212 1 
49 212 1 
49 212 1 
49 212 1 
49 212 1 
49 212 1 
49 261 1 
49 299 1 
49 336 1 
49 350 1 
50 212 1 
51 299 1 
52 38 2 
52 48 1 
52 54 1 
52 54 1 
52 89 1 
52 103 1 
52 279 1 
52 279 1 
52 279 1 
52 293 1 
52 305 1 
52 305 1 
53 28 1 
53 28 1 
53 70 1 
53 111 2 
53 128 1 
53 128 1 
53 128 1 
53 217 1 
53 336 1 
53 350 1 
53 350 1 
53 350 1 
54 113 1 
54 113 1 
54 113 1 
54 113 1 
54 113 1 
54 113 1 
54 113 1 
54 113 1 
54 113 1 
54 113 1 
54 113 1 
54 124 1 
54 124 1 
54 128 2 
54 128 1 
54 128 1 
54 128 1 
54 128 1 
54 128 1 
54 254 1 
54 254 1 
54 299 1 
54 305 1 
54 335 1 
54 335 1 
54 335 1 
54 335 1 
54 337 1 
54 337 1 
54 338 1 
55 282 1 
55 282 1 
55 282 1 
55 282 1 
55 282 3 
55 282 1 
55 282 1 
55 282 1 
55 282 3 
55 282 1 
55 311 1 
55 311 1 
56 262 1 
57 38 1 
58 322 1 
59 180 1 
59 295 1 
60 356 1 
61 38 1 
62 38 1 
63 248 2 
63 248 3 
63 354 1 
64 109 1 
64 113 1 
65 284 1 
66 210 1 
66 336 1 
67 228 1 
68 299 1 
69 28 1 
70 275 1 
70 275 3 
70 275 1 
70 275 1 
70 275 1 
70 275 1 
70 275 3 
70 275 1 
70 275 1 
70 275 1 
70 275 1 
70 275 1 
71 350 1 
71 350 1 
72 336 1 
73 299 1 
74 124 1 
75 124 1 
75 306 1 
75 306 1 
75 306 1 
75 306 1 
75 306 1 
75 306 1 
75 306 1 
75 306 1 
75 350 1 
76 305 1 
77 1 1 
77 1 2 
77 20 1 
77 24 1 
77 25 1 
77 25 1 
77 25 1 
77 25 1 
77 28 1 
77 28 1 
77 30 1 
77 61 2 
77 61 1 
77 70 1 
77 93 2 
77 109 1 
77 113 1 
77 113 1 
77 113 1 
77 113 1 
77 113 1 
77 121 1 
77 208 1 
77 218 1 
77 218 1 
77 243 1 
77 254 1 
77 256 1 
77 258 1 
77 264 1 
77 272 1 
77 273 1 
77 275 1 
77 279 1 
77 282 1 
77 283 1 
77 285 1 
77 289 1 
77 291 1 
77 293 1 
77 299 1 
77 304 1 
77 305 1 
77 306 1 
77 307 1 
77 308 1 
77 308 1 
77 309 1 
77 309 1 
77 309 1 
77 309 1 
77 309 1 
77 309 1 
77 309 3 
77 309 3 
77 310 1 
77 311 1 
77 312 1 
77 313 1 
77 314 1 
77 315 1 
77 316 1 
77 317 1 
77 318 1 
77 319 1 
77 320 1 
77 321 1 
77 322 1 
77 323 1 
77 324 1 
77 325 1 
77 327 1 
77 328 1 
77 330 1 
77 330 1 
77 330 1 
77 330 1 
77 331 1 
77 332 1 
77 333 1 
77 333 1 
77 333 1 
77 333 1 
77 334 1 
77 335 1 
77 336 1 
77 336 1 
77 337 1 
77 338 1 
77 339 1 
77 340 1 
77 341 1 
77 341 1 
77 341 1 
77 341 1 
77 342 1 
77 343 1 
77 343 1 
77 343 1 
77 343 1 
77 345 1 
77 345 1 
77 345 1 
77 345 1 
77 350 1 
77 351 1 
77 352 1 
77 353 1 
77 353 1 
77 353 1 
77 353 1 
77 354 1 
77 354 1 
77 354 1 
77 354 1 
77 355 1 
77 355 1 
77 355 1 
77 355 1 
77 355 1 
77 356 1 
77 356 1 
77 356 1 
77 356 1 
78 285 1 
78 285 3 
78 285 1 
78 305 1 
79 299 1 
80 170 1 
81 176 1 
81 336 1 
81 336 1 
82 350 1 
82 350 1 
82 354 1 
82 354 1 
83 48 1 
83 121 1 
84 285 3 
84 285 1 
84 285 1 
85 5 1 
85 5 1 
85 8 1 
85 305 1 
85 334 1 
86 190 1 
87 354 1 
88 3 1 
88 3 1 
88 3 1 
88 3 1 
88 3 1 
88 3 1 
88 3 1 
88 3 1 
88 3 1 
88 3 1 
88 3 1 
88 3 1 
88 3 1 
88 3 1 
88 4 1 
88 4 1 
88 4 1 
88 4 1 
88 4 1 
88 4 1 
88 4 1 
88 4 1 
88 4 1 
88 4 1 
88 4 1 
88 4 1 
88 4 1 
88 4 1 
88 4 1 
88 4 1 
88 4 1 
88 4 1 
88 4 1 
88 4 1 
88 4 1 
88 4 1 
88 5 1 
88 5 1 
88 5 1 
88 5 1 
88 5 1 
88 5 1 
88 5 1 
88 5 1 
88 5 1 
88 5 1 
88 5 1 
88 5 1 
88 5 1 
88 5 1 
88 7 1 
88 7 1 
88 7 1 
88 7 1 
88 7 1 
88 7 1 
88 7 1 
88 7 1 
88 7 1 
88 7 1 
88 7 1 
88 7 1 
88 7 1 
88 7 1 
88 7 1 
88 7 1 
88 7 1 
88 7 1 
88 7 1 
88 8 1 
88 8 2 
88 8 1 
88 8 1 
88 8 1 
88 8 1 
88 8 1 
88 8 1 
88 8 1 
88 8 1 
88 8 1 
88 8 1 
88 8 1 
88 8 1 
88 8 1 
88 8 1 
88 8 1 
88 8 1 
88 8 1 
88 8 2 
88 8 1 
88 8 1 
88 8 2 
88 11 1 
88 14 1 
88 15 1 
88 15 1 
88 15 1 
88 16 1 
88 18 1 
88 18 1 
88 18 1 
88 18 1 
88 18 1 
88 18 1 
88 28 1 
88 28 1 
88 28 1 
88 28 1 
88 28 1 
88 28 1 
88 28 1 
88 28 1 
88 28 1 
88 28 1 
88 28 1 
88 28 1 
88 28 1 
88 28 1 
88 28 1 
88 28 1 
88 28 1 
88 28 1 
88 28 1 
88 28 1 
88 28 1 
88 28 1 
88 28 1 
88 28 1 
88 28 1 
88 28 1 
88 28 1 
88 28 1 
88 28 1 
88 28 1 
88 32 1 
88 34 1 
88 34 1 
88 34 1 
88 34 1 
88 34 1 
88 34 1 
88 34 1 
88 44 1 
88 44 1 
88 44 1 
88 48 1 
88 54 1 
88 54 1 
88 54 1 
88 54 1 
88 54 1 
88 83 1 
88 83 1 
88 83 1 
88 83 1 
88 83 1 
88 83 1 
88 83 1 
88 83 1 
88 83 1 
88 103 1 
88 103 1 
88 103 1 
88 103 1 
88 103 1 
88 103 1 
88 106 1 
88 106 1 
88 107 1 
88 107 1 
88 107 1 
88 107 1 
88 108 1 
88 109 1 
88 109 1 
88 109 1 
88 109 1 
88 109 1 
88 109 1 
88 110 2 
88 111 1 
88 111 1 
88 112 1 
88 112 1 
88 112 1 
88 113 1 
88 113 1 
88 113 1 
88 113 1 
88 113 1 
88 113 1 
88 113 1 
88 113 1 
88 113 1 
88 113 1 
88 113 1 
88 113 1 
88 113 1 
88 113 1 
88 113 1 
88 113 1 
88 113 1 
88 113 1 
88 113 1 
88 113 1 
88 113 1 
88 113 1 
88 113 1 
88 113 1 
88 113 1 
88 113 1 
88 113 1 
88 113 1 
88 113 1 
88 113 1 
88 113 2 
88 113 1 
88 113 1 
88 113 1 
88 113 1 
88 113 1 
88 113 1 
88 113 1 
88 113 1 
88 113 1 
88 113 1 
88 113 2 
88 113 1 
88 113 1 
88 113 1 
88 113 1 
88 113 1 
88 113 1 
88 113 1 
88 113 1 
88 113 1 
88 113 1 
88 113 1 
88 113 1 
88 113 1 
88 113 1 
88 113 1 
88 113 1 
88 113 1 
88 113 1 
88 113 1 
88 113 1 
88 113 1 
88 113 1 
88 113 1 
88 113 1 
88 113 1 
88 113 1 
88 113 1 
88 113 1 
88 113 1 
88 113 1 
88 113 1 
88 113 1 
88 113 1 
88 113 1 
88 113 1 
88 113 1 
88 113 1 
88 113 1 
88 113 1 
88 113 1 
88 113 1 
88 113 1 
88 113 1 
88 113 1 
88 113 1 
88 113 1 
88 113 1 
88 113 1 
88 113 1 
88 113 1 
88 113 1 
88 113 1 
88 113 1 
88 113 1 
88 113 1 
88 113 1 
88 113 1 
88 113 1 
88 113 1 
88 113 1 
88 113 1 
88 113 1 
88 113 1 
88 113 1 
88 113 1 
88 113 1 
88 113 1 
88 113 1 
88 113 1 
88 113 1 
88 113 1 
88 113 1 
88 113 1 
88 113 1 
88 113 1 
88 113 1 
88 113 1 
88 113 1 
88 113 1 
88 113 1 
88 113 1 
88 113 1 
88 113 1 
88 113 1 
88 113 1 
88 113 1 
88 113 1 
88 113 1 
88 113 1 
88 113 1 
88 113 1 
88 113 1 
88 113 1 
88 113 1 
88 113 1 
88 113 1 
88 113 1 
88 113 1 
88 113 1 
88 113 1 
88 113 1 
88 113 1 
88 113 1 
88 113 1 
88 113 1 
88 113 1 
88 121 1 
88 121 1 
88 121 1 
88 121 1 
88 121 1 
88 121 1 
88 121 1 
88 121 1 
88 121 1 
88 121 1 
88 121 1 
88 121 1 
88 124 1 
88 124 1 
88 124 1 
88 124 1 
88 124 1 
88 124 1 
88 128 1 
88 128 1 
88 128 1 
88 128 1 
88 128 1 
88 128 1 
88 128 1 
88 128 1 
88 128 1 
88 128 1 
88 128 1 
88 128 1 
88 128 1 
88 128 1 
88 128 1 
88 128 1 
88 128 1 
88 128 1 
88 128 1 
88 128 1 
88 128 1 
88 128 1 
88 128 1 
88 128 1 
88 128 1 
88 128 1 
88 128 1 
88 128 1 
88 128 1 
88 128 1 
88 128 1 
88 128 1 
88 128 1 
88 128 1 
88 128 1 
88 128 1 
88 128 1 
88 128 1 
88 128 1 
88 128 1 
88 128 1 
88 128 1 
88 128 1 
88 128 1 
88 128 1 
88 128 1 
88 128 1 
88 128 1 
88 128 1 
88 128 1 
88 128 1 
88 128 1 
88 128 1 
88 128 1 
88 128 1 
88 128 1 
88 128 1 
88 128 1 
88 128 1 
88 128 1 
88 128 1 
88 128 1 
88 128 1 
88 128 1 
88 128 1 
88 128 1 
88 128 1 
88 128 1 
88 128 1 
88 128 1 
88 128 1 
88 128 1 
88 128 1 
88 128 1 
88 128 1 
88 128 1 
88 128 1 
88 128 1 
88 128 1 
88 128 1 
88 128 1 
88 128 1 
88 128 1 
88 128 1 
88 128 2 
88 128 1 
88 128 1 
88 128 1 
88 128 2 
88 128 1 
88 128 1 
88 128 1 
88 128 2 
88 128 2 
88 128 1 
88 128 2 
88 128 1 
88 128 1 
88 128 1 
88 128 1 
88 128 1 
88 128 1 
88 128 1 
88 128 1 
88 128 1 
88 128 1 
88 128 1 
88 128 1 
88 128 1 
88 128 1 
88 128 1 
88 128 1 
88 128 1 
88 128 1 
88 128 1 
88 128 1 
88 128 1 
88 128 1 
88 128 1 
88 128 1 
88 128 1 
88 128 1 
88 128 1 
88 128 1 
88 128 1 
88 128 1 
88 128 1 
88 128 1 
88 128 1 
88 128 1 
88 128 1 
88 128 1 
88 128 1 
88 128 1 
88 128 1 
88 128 1 
88 128 1 
88 128 1 
88 128 1 
88 128 1 
88 128 1 
88 128 1 
88 128 1 
88 128 1 
88 128 1 
88 128 1 
88 128 1 
88 128 1 
88 128 1 
88 128 1 
88 128 1 
88 128 1 
88 128 1 
88 128 1 
88 128 1 
88 128 1 
88 128 1 
88 128 1 
88 128 1 
88 128 1 
88 128 1 
88 128 1 
88 139 1 
88 139 1 
88 160 1 
88 160 1 
88 160 1 
88 160 1 
88 164 1 
88 166 1 
88 166 1 
88 166 1 
88 166 1 
88 166 1 
88 166 1 
88 166 1 
88 166 1 
88 166 1 
88 170 1 
88 173 1 
88 173 1 
88 173 1 
88 173 1 
88 173 1 
88 173 1 
88 173 1 
88 173 1 
88 173 1 
88 173 1 
88 173 1 
88 173 1 
88 173 1 
88 173 1 
88 173 1 
88 173 1 
88 173 1 
88 173 1 
88 180 1 
88 181 1 
88 188 1 
88 188 1 
88 189 1 
88 189 1 
88 190 1 
88 192 1 
88 192 1 
88 196 1 
88 199 3 
88 199 1 
88 204 1 
88 217 1 
88 217 1 
88 217 1 
88 217 1 
88 217 1 
88 217 1 
88 217 1 
88 221 1 
88 221 1 
88 222 1 
88 222 1 
88 222 1 
88 222 1 
88 227 1 
88 228 1 
88 228 1 
88 228 1 
88 228 1 
88 228 1 
88 228 1 
88 228 1 
88 228 1 
88 228 1 
88 228 1 
88 228 1 
88 228 1 
88 228 1 
88 228 1 
88 228 1 
88 228 1 
88 228 1 
88 228 1 
88 231 1 
88 231 1 
88 231 1 
88 231 1 
88 231 1 
88 231 1 
88 243 1 
88 251 1 
88 251 1 
88 251 1 
88 254 1 
88 254 1 
88 254 1 
88 254 1 
88 254 1 
88 254 1 
88 259 1 
88 260 1 
88 260 1 
88 260 1 
88 260 1 
88 260 1 
88 260 1 
88 265 1 
88 265 1 
88 269 1 
88 269 1 
88 269 1 
88 269 1 
88 269 1 
88 269 1 
88 270 1 
88 271 1 
88 271 1 
88 271 1 
88 279 1 
88 279 1 
88 279 1 
88 279 1 
88 279 1 
88 279 1 
88 279 1 
88 279 3 
88 279 3 
88 279 1 
88 279 1 
88 279 1 
88 281 1 
88 281 1 
88 281 1 
88 281 1 
88 281 1 
88 282 1 
88 282 1 
88 282 1 
88 283 1 
88 283 1 
88 283 1 
88 283 1 
88 283 1 
88 283 1 
88 284 1 
88 284 1 
88 284 1 
88 284 1 
88 284 1 
88 284 1 
88 284 1 
88 284 1 
88 284 1 
88 284 1 
88 284 1 
88 284 1 
88 284 1 
88 285 1 
88 285 1 
88 285 1 
88 285 1 
88 285 1 
88 285 1 
88 285 1 
88 285 1 
88 285 1 
88 285 1 
88 287 1 
88 287 1 
88 288 1 
88 288 1 
88 288 1 
88 288 1 
88 288 1 
88 289 1 
88 289 1 
88 289 1 
88 289 1 
88 289 1 
88 289 1 
88 289 1 
88 290 1 
88 290 1 
88 290 1 
88 290 1 
88 291 1 
88 291 1 
88 291 1 
88 292 1 
88 292 1 
88 292 1 
88 292 1 
88 292 1 
88 293 1 
88 293 1 
88 293 1 
88 293 1 
88 293 1 
88 294 1 
88 294 1 
88 294 1 
88 298 1 
88 298 1 
88 298 1 
88 298 1 
88 298 1 
88 298 3 
88 298 1 
88 298 1 
88 299 1 
88 299 1 
88 299 1 
88 299 1 
88 299 1 
88 299 1 
88 299 1 
88 299 1 
88 299 1 
88 299 1 
88 299 1 
88 299 1 
88 299 1 
88 299 1 
88 299 1 
88 299 1 
88 299 1 
88 299 1 
88 299 1 
88 299 1 
88 299 1 
88 299 1 
88 299 1 
88 299 1 
88 299 1 
88 299 1 
88 299 1 
88 299 1 
88 299 1 
88 299 1 
88 299 1 
88 299 1 
88 299 1 
88 303 3 
88 303 2 
88 303 1 
88 303 1 
88 303 1 
88 303 1 
88 305 1 
88 305 1 
88 305 1 
88 305 1 
88 305 1 
88 305 1 
88 305 1 
88 305 1 
88 305 1 
88 305 1 
88 305 1 
88 305 1 
88 305 1 
88 305 1 
88 305 1 
88 306 1 
88 306 1 
88 306 1 
88 307 1 
88 307 1 
88 307 1 
88 307 1 
88 307 1 
88 307 1 
88 307 1 
88 307 1 
88 307 1 
88 307 1 
88 307 1 
88 307 1 
88 307 1 
88 308 1 
88 308 1 
88 308 1 
88 308 1 
88 308 1 
88 308 1 
88 308 1 
88 308 1 
88 308 1 
88 308 1 
88 308 1 
88 308 1 
88 308 1 
88 308 1 
88 308 1 
88 308 1 
88 308 1 
88 308 1 
88 308 1 
88 308 1 
88 308 1 
88 309 1 
88 309 1 
88 309 1 
88 309 1 
88 309 1 
88 310 1 
88 310 1 
88 310 1 
88 310 1 
88 311 1 
88 311 1 
88 311 1 
88 311 1 
88 311 1 
88 311 1 
88 312 1 
88 312 1 
88 312 1 
88 313 1 
88 313 1 
88 313 1 
88 321 1 
88 321 1 
88 321 1 
88 321 1 
88 322 1 
88 322 1 
88 323 3 
88 327 1 
88 329 1 
88 331 1 
88 331 1 
88 331 1 
88 331 1 
88 331 1 
88 331 1 
88 332 1 
88 332 1 
88 332 1 
88 332 1 
88 332 1 
88 332 1 
88 332 1 
88 332 1 
88 332 1 
88 334 1 
88 334 1 
88 334 1 
88 334 1 
88 334 1 
88 334 1 
88 334 1 
88 334 1 
88 334 1 
88 334 1 
88 334 1 
88 334 1 
88 334 1 
88 335 1 
88 335 1 
88 336 1 
88 336 1 
88 336 1 
88 336 3 
88 336 1 
88 336 1 
88 336 1 
88 336 1 
88 337 1 
88 337 1 
88 338 1 
88 338 1 
88 338 1 
88 338 1 
88 338 1 
88 338 1 
88 338 1 
88 338 1 
88 338 1 
88 338 1 
88 338 1 
88 338 1 
88 338 1 
88 338 1 
88 338 1 
88 339 3 
88 339 3 
88 339 1 
88 339 1 
88 339 1 
88 339 1 
88 339 1 
88 339 1 
88 340 1 
88 340 1 
88 340 1 
88 340 1 
88 340 1 
88 340 1 
88 340 1 
88 340 1 
88 340 1 
88 340 1 
88 340 1 
88 340 1 
88 340 1 
88 340 1 
88 340 1 
88 340 1 
88 340 1 
88 340 1 
88 340 1 
88 340 1 
88 340 1 
88 340 1 
88 340 1 
88 340 1 
88 340 1 
88 340 1 
88 340 1 
88 340 1 
88 340 1 
88 340 1 
88 340 1 
88 340 1 
88 340 1 
88 340 1 
88 340 1 
88 340 1 
88 340 1 
88 340 1 
88 340 1 
88 340 1 
88 340 1 
88 340 1 
88 340 1 
88 340 1 
88 340 1 
88 340 1 
88 340 1 
88 340 1 
88 340 1 
88 340 1 
88 340 1 
88 340 1 
88 340 1 
88 340 1 
88 340 1 
88 340 1 
88 340 1 
88 340 1 
88 340 1 
88 340 1 
88 340 1 
88 340 1 
88 340 1 
88 340 1 
88 340 1 
88 340 1 
88 342 1 
88 342 1 
88 342 1 
88 342 1 
88 342 1 
88 345 1 
88 350 1 
88 350 1 
88 350 1 
88 350 1 
88 350 1 
88 350 1 
88 350 1 
88 350 1 
88 350 1 
88 350 1 
88 350 1 
88 350 1 
88 350 1 
88 350 1 
88 350 1 
88 350 1 
88 350 1 
88 350 1 
88 350 1 
88 350 1 
88 350 1 
88 350 1 
88 350 1 
88 350 1 
88 350 1 
88 350 1 
88 350 1 
88 350 1 
88 350 1 
88 350 1 
88 350 1 
88 350 1 
88 350 1 
88 350 1 
88 350 1 
88 350 1 
88 350 1 
88 350 1 
88 350 1 
88 350 1 
88 350 1 
88 350 1 
88 350 1 
88 350 1 
88 350 1 
88 350 1 
88 350 1 
88 350 1 
88 350 1 
88 350 1 
88 350 1 
88 350 1 
88 350 1 
88 350 1 
88 350 1 
88 350 1 
88 350 1 
88 350 1 
88 350 1 
88 350 1 
88 351 1 
88 351 1 
88 351 1 
88 351 1 
88 352 1 
88 352 1 
88 352 1 
88 352 1 
88 352 1 
88 352 1 
88 354 1 
88 354 1 
88 354 1 
88 354 1 
88 354 1 
88 354 1 
88 354 1 
88 354 1 
88 354 1 
88 354 1 
88 354 1 
88 354 1 
88 354 1 
88 354 1 
88 354 1 
88 354 1 
88 354 1 
88 354 1 
88 354 1 
88 355 1 
88 355 1 
88 355 1 
88 355 1 
88 355 1 
88 355 1 
88 355 1 
88 355 1 
88 355 1 
88 355 1 
88 355 1 
88 355 1 
88 355 1 
88 355 1 
88 355 1 
88 355 1 
88 355 1 
88 355 1 
88 355 1 
88 355 1 
89 340 1 
90 124 1 
90 128 1 
90 128 1 
90 228 1 
90 231 1 
90 282 1 
90 283 3 
90 283 1 
90 287 1 
90 299 1 
90 299 1 
90 299 1 
90 302 1 
90 307 1 
90 309 1 
90 328 1 
90 340 1 
90 354 1 
91 299 1 
92 12 1 
92 17 1 
92 98 1 
92 110 2 
92 110 2 
92 110 2 
92 110 2 
92 110 2 
92 110 2 
92 110 2 
92 110 2 
92 110 2 
92 110 1 
92 110 1 
92 110 2 
92 110 1 
92 110 2 
92 110 2 
92 176 1 
92 190 1 
92 210 1 
92 217 1 
92 218 1 
92 218 1 
92 219 1 
92 244 1 
92 251 1 
92 251 1 
92 251 1 
92 251 1 
92 254 1 
92 293 1 
92 293 1 
92 299 1 
92 302 1 
92 321 1 
92 322 1 
92 328 1 
92 328 1 
92 336 1 
92 351 1 
93 124 1 
93 124 1 
93 350 1 
93 350 1 
93 350 1 
94 1 2 
94 61 2 
95 12 1 
95 12 2 
95 12 3 
95 12 3 
95 107 1 
95 108 1 
95 111 2 
95 111 2 
95 154 1 
95 154 1 
95 212 1 
95 307 1 
95 307 1 
95 307 1 
95 307 1 
95 307 3 
95 307 1 
95 307 1 
95 307 1 
95 307 1 
95 307 3 
95 307 1 
95 307 1 
95 307 1 
95 307 1 
95 307 1 
95 307 1 
95 307 1 
96 354 1 
97 17 1 
97 18 1 
97 24 1 
97 189 1 
97 190 1 
97 199 1 
97 204 1 
97 256 1 
98 113 1 
98 113 1 
98 340 1 
98 340 1 
98 340 1 
99 318 3 
100 17 1 
100 17 1 
100 113 1 
100 170 1 
100 190 2 
100 210 1 
100 212 1 
100 336 1 
101 124 1 
101 124 1 
101 299 1 
101 306 1 
101 350 1 
101 350 1 
101 350 1 
101 354 1 
101 354 1 
102 1 1 
102 1 1 
102 28 1 
102 28 1 
102 28 1 
102 54 1 
102 61 1 
102 61 1 
102 108 1 
102 188 1 
102 254 1 
102 327 1 
102 327 1 
102 334 1 
103 48 1 
103 124 1 
103 124 1 
103 124 1 
103 299 1 
103 299 1 
103 350 1 
103 350 1 
103 350 1 
103 350 1 
104 107 1 
104 108 1 
105 124 1 
105 124 1 
105 124 1 
105 124 1 
105 124 1 
105 124 1 
105 228 1 
105 299 1 
105 299 1 
105 299 1 
105 299 1 
105 345 3 
106 162 1 
106 162 1 
106 170 1 
107 4 1 
107 4 1 
107 8 1 
107 14 1 
107 24 1 
107 44 1 
107 44 1 
107 103 1 
107 103 1 
107 107 1 
107 113 1 
107 113 1 
107 113 1 
107 113 1 
107 113 1 
107 113 1 
107 113 1 
107 113 1 
107 113 1 
107 113 1 
107 113 1 
107 124 1 
107 124 1 
107 124 1 
107 128 1 
107 128 1 
107 128 1 
107 128 1 
107 128 1 
107 128 1 
107 128 1 
107 128 1 
107 128 1 
107 128 1 
107 128 1 
107 128 1 
107 128 1 
107 128 1 
107 128 1 
107 128 1 
107 128 1 
107 170 1 
107 222 1 
107 222 1 
107 222 1 
107 228 1 
107 228 1 
107 234 1 
107 238 1 
107 256 1 
107 260 1 
107 269 1 
107 280 1 
107 283 1 
107 283 1 
107 285 1 
107 292 1 
107 294 1 
107 298 1 
107 298 1 
107 299 1 
107 305 1 
107 307 1 
107 308 1 
107 308 1 
107 321 1 
107 334 3 
107 334 3 
107 334 1 
107 334 1 
107 334 1 
107 335 1 
107 335 1 
107 338 1 
107 338 1 
107 338 1 
107 338 1 
107 338 1 
107 338 1 
107 338 1 
107 339 1 
107 339 1 
107 339 1 
107 340 1 
107 340 1 
107 350 1 
107 350 1 
108 4 1 
108 7 1 
108 8 1 
108 8 1 
108 8 1 
108 8 1 
108 8 1 
108 8 1 
108 8 1 
108 8 1 
108 8 1 
108 8 1 
108 15 1 
108 70 1 
108 70 2 
108 91 3 
108 93 1 
108 103 1 
108 109 1 
108 113 1 
108 113 1 
108 113 1 
108 113 1 
108 113 1 
108 113 1 
108 113 1 
108 113 1 
108 113 1 
108 113 1 
108 113 1 
108 113 1 
108 113 1 
108 113 1 
108 113 1 
108 113 1 
108 113 1 
108 113 1 
108 113 1 
108 113 1 
108 113 1 
108 113 1 
108 113 1 
108 124 1 
108 124 1 
108 124 1 
108 124 1 
108 128 1 
108 128 1 
108 128 1 
108 128 2 
108 128 1 
108 128 1 
108 128 1 
108 128 1 
108 128 1 
108 128 1 
108 128 1 
108 128 1 
108 166 1 
108 204 1 
108 228 1 
108 244 1 
108 254 1 
108 259 1 
108 270 1 
108 285 1 
108 287 1 
108 291 1 
108 292 1 
108 299 1 
108 299 1 
108 299 1 
108 310 1 
108 310 1 
108 310 1 
108 311 1 
108 312 1 
108 313 1 
108 332 1 
108 334 1 
108 334 1 
108 337 1 
108 338 1 
108 338 1 
108 338 1 
108 339 1 
108 340 1 
108 342 1 
108 350 1 
108 350 1 
108 350 1 
108 350 1 
108 350 1 
108 350 1 
108 350 1 
108 350 1 
108 350 1 
108 350 1 
108 351 1 
108 352 1 
108 354 1 
109 3 1 
109 28 1 
109 103 1 
109 113 1 
109 124 1 
109 128 1 
109 210 1 
109 305 1 
109 306 1 
109 306 1 
109 331 1 
109 340 1 
109 340 1 
109 340 1 
109 340 1 
109 340 1 
109 340 1 
109 340 1 
109 350 1 
109 350 1 
110 4 1 
110 7 1 
110 7 1 
110 7 1 
110 8 1 
110 8 1 
110 8 1 
110 8 1 
110 8 1 
110 8 1 
110 14 1 
110 14 1 
110 14 1 
110 22 1 
110 22 1 
110 22 1 
110 28 1 
110 28 1 
110 28 1 
110 28 1 
110 28 1 
110 28 1 
110 28 1 
110 28 1 
110 28 1 
110 28 1 
110 28 1 
110 28 1 
110 28 1 
110 30 1 
110 67 3 
110 83 1 
110 83 1 
110 83 1 
110 83 1 
110 83 1 
110 83 1 
110 83 1 
110 83 1 
110 83 1 
110 83 1 
110 83 1 
110 83 1 
110 83 1 
110 83 1 
110 83 1 
110 83 1 
110 83 1 
110 83 1 
110 91 2 
110 91 2 
110 106 1 
110 112 1 
110 113 1 
110 121 1 
110 124 1 
110 128 1 
110 128 1 
110 139 1 
110 164 1 
110 166 1 
110 166 1 
110 173 1 
110 173 1 
110 173 1 
110 173 1 
110 173 1 
110 181 1 
110 188 1 
110 188 1 
110 218 1 
110 228 1 
110 228 1 
110 231 1 
110 231 1 
110 231 1 
110 231 1 
110 283 1 
110 283 1 
110 283 1 
110 291 1 
110 299 1 
110 299 1 
110 299 1 
110 304 3 
110 306 1 
110 307 1 
110 307 1 
110 310 1 
110 310 1 
110 331 1 
110 331 1 
110 332 1 
110 332 1 
110 332 1 
110 332 1 
110 332 1 
110 336 1 
110 339 1 
110 345 1 
110 350 1 
110 355 1 
111 155 2 
111 350 1 
112 3 1 
112 4 1 
112 4 1 
112 5 1 
112 8 1 
112 8 1 
112 8 1 
112 8 1 
112 8 1 
112 10 2 
112 12 1 
112 12 1 
112 14 1 
112 14 1 
112 54 1 
112 54 1 
112 70 1 
112 85 2 
112 86 2 
112 94 1 
112 103 1 
112 103 1 
112 103 1 
112 103 1 
112 110 2 
112 111 1 
112 113 1 
112 113 1 
112 113 1 
112 124 1 
112 128 1 
112 128 1 
112 128 1 
112 128 1 
112 128 1 
112 128 1 
112 128 1 
112 128 1 
112 128 1 
112 128 1 
112 128 1 
112 128 1 
112 128 1 
112 139 1 
112 139 1 
112 139 1 
112 166 1 
112 173 3 
112 173 1 
112 180 1 
112 181 3 
112 181 1 
112 188 1 
112 209 1 
112 209 1 
112 217 1 
112 217 1 
112 218 1 
112 218 1 
112 218 1 
112 219 1 
112 221 1 
112 228 1 
112 231 1 
112 244 1 
112 251 1 
112 251 1 
112 253 1 
112 255 1 
112 255 1 
112 257 1 
112 257 1 
112 259 1 
112 259 1 
112 260 1 
112 260 1 
112 260 1 
112 263 1 
112 263 1 
112 265 1 
112 265 1 
112 269 1 
112 269 1 
112 269 1 
112 270 1 
112 270 1 
112 270 1 
112 270 1 
112 271 1 
112 271 1 
112 276 1 
112 280 1 
112 280 1 
112 281 1 
112 281 1 
112 281 1 
112 281 1 
112 281 1 
112 284 1 
112 284 1 
112 287 1 
112 287 1 
112 288 1 
112 294 1 
112 294 1 
112 299 1 
112 299 1 
112 299 1 
112 299 1 
112 303 1 
112 307 1 
112 307 1 
112 307 1 
112 307 1 
112 308 1 
112 308 1 
112 309 1 
112 309 1 
112 309 1 
112 310 1 
112 311 1 
112 311 1 
112 311 1 
112 312 1 
112 312 1 
112 312 3 
112 312 1 
112 312 3 
112 312 1 
112 312 1 
112 312 1 
112 312 1 
112 313 1 
112 321 1 
112 321 1 
112 321 1 
112 321 1 
112 321 1 
112 327 1 
112 327 1 
112 329 1 
112 329 1 
112 329 1 
112 331 1 
112 331 1 
112 331 1 
112 331 1 
112 331 1 
112 331 1 
112 331 1 
112 331 1 
112 332 1 
112 332 1 
112 332 1 
112 335 1 
112 340 1 
112 340 1 
112 342 1 
112 342 1 
112 342 1 
112 350 1 
112 351 1 
112 351 1 
112 351 1 
112 351 1 
112 352 1 
112 352 1 
112 352 1 
112 352 1 
112 355 1 
113 289 1 
113 299 1 
113 299 1 
114 14 1 
114 14 1 
114 14 1 
114 14 1 
115 16 1 
115 16 1 
115 16 1 
115 16 1 
115 16 1 
115 28 1 
115 28 1 
115 67 1 
115 113 1 
115 113 1 
115 173 1 
115 180 1 
115 189 1 
115 350 1 
116 320 3 
116 351 1 
116 351 1 
117 228 1 
118 299 1 
118 350 1 
119 308 1 
120 5 1 
120 113 1 
120 113 1 
120 228 1 
120 254 1 
120 282 1 
120 290 1 
120 291 1 
120 306 1 
120 350 1 
120 350 1 
120 354 1 
121 111 2 
122 25 1 
122 25 1 
122 25 1 
122 25 1 
122 25 1 
122 341 1 
122 341 1 
122 341 1 
122 341 1 
122 341 1 
122 354 1 
122 354 1 
122 355 1 
122 355 1 
123 111 1 
123 160 1 
123 281 1 
123 287 1 
123 299 1 
123 327 1 
123 327 1 
123 327 1 
123 327 1 
123 354 1 
123 354 1 
123 354 1 
124 27 1 
124 27 1 
125 8 1 
125 48 1 
125 107 1 
125 108 1 
125 124 1 
125 124 1 
125 128 1 
125 128 1 
125 128 1 
125 128 1 
125 128 1 
125 128 1 
125 128 1 
125 128 1 
125 128 1 
125 128 1 
125 192 1 
125 228 1 
125 290 1 
125 308 1 
125 334 1 
125 335 1 
125 335 1 
125 335 1 
125 337 1 
125 338 1 
125 338 1 
125 338 1 
125 338 1 
125 338 1 
125 338 1 
125 338 1 
125 338 1 
125 338 1 
125 338 1 
125 338 1 
125 338 1 
125 338 1 
125 338 1 
125 338 1 
125 338 1 
125 338 1 
125 338 1 
125 338 1 
125 338 1 
125 338 1 
125 338 1 
125 350 1 
125 350 1 
126 105 1 
127 128 1 
128 350 1 
129 124 1 
129 124 1 
129 124 1 
129 124 1 
129 124 1 
130 124 1 
130 124 1 
130 137 1 
130 340 1 
130 340 1 
131 28 1 
131 28 1 
131 103 1 
131 128 1 
131 173 1 
131 243 1 
131 350 1 
131 350 1 
132 28 1 
133 28 1 
133 55 3 
134 7 1 
134 83 1 
135 124 1 
136 350 1 
137 113 1 
138 124 1 
138 124 1 
138 128 1 
138 217 1 
138 217 1 
138 217 1 
138 283 1 
138 283 1 
138 283 1 
138 283 1 
138 292 1 
138 299 1 
138 308 1 
138 308 1 
138 340 1 
138 340 1 
138 340 1 
138 350 1 
138 350 1 
138 352 1 
138 354 1 
139 113 1 
140 270 1 
140 284 1 
140 284 1 
140 287 1 
140 288 1 
140 288 1 
140 292 1 
140 292 1 
140 292 1 
140 292 3 
140 298 1 
140 298 1 
141 25 1 
141 25 1 
141 25 1 
141 25 1 
141 25 1 
141 25 1 
141 25 1 
141 25 1 
141 25 1 
141 25 1 
141 25 1 
141 25 1 
141 341 1 
141 341 1 
141 341 1 
141 341 1 
141 341 1 
141 341 1 
141 341 1 
141 341 1 
141 341 1 
141 341 1 
141 341 1 
141 341 1 
141 354 1 
141 354 1 
141 354 1 
141 354 1 
141 354 1 
141 354 1 
141 355 1 
141 355 1 
141 355 1 
141 355 1 
141 355 1 
141 355 1 
142 307 1 
143 38 1 
143 38 1 
144 311 1 
145 305 1 
146 38 1 
146 38 1 
147 70 1 
148 350 1 
149 113 1 
149 113 1 
149 124 1 
149 124 1 
150 54 1 
151 105 1 
152 75 1 
152 110 2 
152 257 1 
152 279 1 
152 321 1 
152 340 1 
152 340 1 
153 109 1 
153 113 1 
153 113 1 
153 113 1 
153 113 1 
153 121 1 
154 3 1 
154 3 1 
154 3 1 
154 4 1 
154 4 1 
154 5 1 
154 5 1 
154 5 1 
154 7 1 
154 7 1 
154 7 1 
154 8 1 
154 8 1 
154 8 2 
154 8 1 
154 8 1 
154 8 1 
154 8 2 
154 8 2 
154 8 1 
154 93 2 
154 93 2 
154 107 1 
154 124 1 
154 124 1 
154 128 1 
154 128 1 
154 128 1 
154 128 1 
154 128 1 
154 128 1 
154 128 1 
154 128 1 
154 128 1 
154 128 1 
154 128 1 
154 128 1 
154 128 1 
154 128 1 
154 128 1 
154 128 1 
154 128 1 
154 128 1 
154 128 1 
154 128 1 
154 128 1 
154 128 1 
154 128 1 
154 128 1 
154 128 1 
154 128 1 
154 128 1 
154 128 1 
154 128 1 
154 221 1 
154 231 1 
154 234 1 
154 238 1 
154 281 1 
154 281 1 
154 281 1 
154 281 1 
154 287 1 
154 287 1 
154 298 1 
154 307 1 
154 309 1 
154 331 1 
154 331 1 
154 332 1 
154 332 1 
154 334 1 
154 334 1 
154 335 1 
154 336 1 
154 337 1 
154 337 1 
154 337 1 
154 338 1 
154 338 1 
154 338 1 
154 339 1 
154 339 1 
154 339 1 
154 342 1 
154 342 1 
154 343 3 
154 350 1 
154 350 1 
155 28 1 
155 28 1 
155 113 1 
155 113 1 
155 113 1 
155 113 1 
155 113 1 
155 113 1 
155 113 1 
155 113 2 
155 113 2 
156 8 1 
157 103 1 
158 289 1 
159 199 1 
160 257 1 
160 259 1 
160 265 1 
160 280 1 
161 3 1 
161 12 1 
161 21 1 
161 44 1 
161 89 1 
161 95 1 
161 96 1 
161 98 1 
161 100 1 
161 102 1 
161 115 1 
161 117 1 
161 118 1 
161 163 1 
161 191 1 
161 194 1 
161 197 1 
161 202 1 
161 205 1 
161 206 1 
161 209 1 
161 210 1 
161 218 1 
161 219 1 
161 220 1 
161 221 1 
161 222 1 
161 223 1 
161 224 1 
161 225 1 
161 226 1 
161 232 1 
161 233 1 
161 237 1 
161 240 1 
161 241 1 
161 242 1 
161 245 1 
161 246 1 
161 247 1 
161 248 1 
161 249 1 
161 250 1 
161 268 1 
161 287 1 
161 294 1 
161 298 1 
161 299 1 
161 299 1 
161 350 1 
161 351 1 
161 354 1 
161 354 1 
162 17 1 
163 5 1 
163 5 1 
163 7 1 
163 8 2 
163 8 1 
163 8 1 
163 8 1 
163 8 2 
163 8 1 
163 8 1 
163 25 1 
163 25 1 
163 25 1 
163 25 1 
163 28 1 
163 28 1 
163 34 1 
163 113 1 
163 113 1 
163 113 1 
163 113 1 
163 113 1 
163 113 1 
163 113 1 
163 113 1 
163 113 1 
163 113 1 
163 113 1 
163 113 1 
163 113 1 
163 113 1 
163 113 1 
163 113 1 
163 113 1 
163 113 1 
163 113 1 
163 113 1 
163 121 1 
163 121 1 
163 121 1 
163 160 1 
163 160 1 
163 166 1 
163 173 1 
163 173 1 
163 173 1 
163 188 1 
163 234 1 
163 234 1 
163 238 1 
163 238 1 
163 281 1 
163 283 1 
163 288 1 
163 288 1 
163 290 1 
163 299 1 
163 299 1 
163 305 1 
163 305 1 
163 310 1 
163 311 1 
163 311 1 
163 322 1 
163 330 1 
163 330 1 
163 330 1 
163 330 1 
163 332 1 
163 333 1 
163 333 1 
163 333 1 
163 333 1 
163 336 1 
163 336 1 
163 336 1 
163 336 1 
163 340 1 
163 340 1 
163 340 1 
163 340 1 
163 340 1 
163 340 1 
163 341 1 
163 341 1 
163 341 1 
163 341 1 
163 343 1 
163 343 1 
163 343 1 
163 343 1 
163 345 1 
163 345 1 
163 345 1 
163 345 1 
163 350 1 
163 350 1 
163 350 1 
163 350 1 
163 351 1 
163 353 1 
163 353 1 
163 353 1 
163 353 1 
163 354 1 
163 354 1 
163 354 1 
163 354 1 
163 355 1 
163 355 1 
163 355 1 
163 355 1 
163 356 1 
163 356 1 
163 356 1 
163 356 1 
164 221 1 
165 24 1 
165 256 1 
165 258 1 
165 264 1 
165 272 1 
165 273 1 
165 275 1 
165 279 1 
165 282 1 
165 283 1 
165 285 1 
165 289 1 
165 291 1 
165 293 1 
165 299 1 
165 304 1 
165 305 1 
165 306 1 
165 307 1 
165 308 1 
165 309 1 
165 310 1 
165 311 1 
165 312 1 
165 313 1 
165 314 1 
165 315 1 
165 316 1 
165 317 1 
165 318 1 
165 319 1 
165 320 1 
165 321 1 
165 322 1 
165 323 1 
165 324 1 
165 325 1 
165 327 1 
165 328 1 
165 331 1 
165 332 1 
165 334 1 
165 335 1 
165 336 1 
165 337 1 
165 338 1 
165 339 1 
165 340 1 
165 342 1 
165 350 1 
165 351 1 
165 352 1 
166 44 1 
167 70 1 
168 299 1 
169 291 1 
169 298 1 
169 299 1 
169 306 1 
169 308 1 
169 308 1 
170 305 1 
171 313 1 
172 70 1 
173 254 1 
174 305 1 
175 336 1 
176 18 1 
177 275 1 
177 275 1 
177 275 1 
177 275 1 
177 275 1 
177 275 1 
177 275 3 
177 275 1 
177 275 3 
177 275 1 
177 275 1 
177 275 1 
177 306 1 
177 306 3 
177 306 1 
177 306 1 
177 320 3 
177 322 3 
177 322 1 
177 322 1 
177 322 1 
177 322 1 
177 322 1 
177 322 3 
177 322 1 
177 322 1 
177 351 1 
177 351 1 
177 351 1 
178 11 1 
178 11 1 
179 113 1 
179 113 1 
179 281 1 
179 284 1 
179 299 1 
179 340 1 
179 340 1 
179 350 1 
179 350 1 
179 350 1 
179 350 1 
179 350 1 
180 93 2 
181 7 1 
181 83 1 
182 299 1 
183 260 1 
183 269 1 
183 288 1 
183 321 1 
183 321 1 
184 4 1 
184 8 1 
184 22 1 
184 22 1 
184 28 1 
184 28 1 
184 54 1 
184 54 1 
184 54 1 
184 70 1 
184 108 1 
184 112 1 
184 113 1 
184 121 1 
184 128 1 
184 139 1 
184 163 1 
184 173 1 
184 217 1 
184 251 1 
184 251 1 
184 254 1 
184 289 1 
184 321 1 
184 322 1 
184 336 1 
184 338 1 
184 342 1 
184 354 1 
184 354 1 
185 113 1 
185 113 1 
186 38 1 
187 199 1 
188 113 1 
189 1 2 
189 44 1 
189 61 2 
189 128 1 
189 128 1 
190 155 1 
191 113 1 
191 354 1 
192 44 1 
193 44 1 
193 113 1 
194 164 2 
195 154 1 
196 113 1 
196 113 1 
197 124 1 
197 217 1 
197 217 1 
198 124 1 
199 113 1 
200 354 1 
201 3 1 
201 3 1 
201 4 1 
201 4 1 
201 4 1 
201 8 1 
201 13 1 
201 13 1 
201 13 1 
201 13 1 
201 22 1 
201 77 1 
201 83 1 
201 99 1 
201 103 1 
201 103 1 
201 103 1 
201 113 1 
201 113 1 
201 113 1 
201 113 1 
201 124 1 
201 124 1 
201 124 1 
201 124 1 
201 124 1 
201 124 1 
201 124 1 
201 124 1 
201 124 1 
201 124 1 
201 124 1 
201 124 1 
201 124 1 
201 124 1 
201 124 1 
201 124 1 
201 124 1 
201 124 1 
201 124 1 
201 141 1 
201 166 1 
201 183 3 
201 183 1 
201 228 1 
201 229 1 
201 230 1 
201 231 1 
201 234 1 
201 238 1 
201 243 1 
201 244 1 
201 251 1 
201 251 1 
201 253 1 
201 254 1 
201 283 1 
201 284 1 
201 284 1 
201 290 1 
201 290 1 
201 290 1 
201 292 1 
201 292 1 
201 292 1 
201 292 1 
201 292 1 
201 292 1 
201 296 1 
201 299 1 
201 299 1 
201 299 1 
201 299 1 
201 299 1 
201 299 1 
201 299 1 
201 299 1 
201 299 1 
201 299 1 
201 299 1 
201 299 1 
201 299 1 
201 299 1 
201 299 1 
201 299 1 
201 299 1 
201 299 1 
201 299 1 
201 299 1 
201 299 1 
201 299 1 
201 299 1 
201 299 1 
201 299 1 
201 299 1 
201 299 1 
201 299 1 
201 299 1 
201 299 1 
201 299 1 
201 299 1 
201 305 1 
201 305 1 
201 305 1 
201 305 1 
201 305 1 
201 305 1 
201 305 1 
201 305 1 
201 305 1 
201 305 1 
201 306 1 
201 306 1 
201 306 1 
201 306 1 
201 306 1 
201 306 1 
201 306 1 
201 308 1 
201 308 1 
201 336 1 
201 340 1 
201 340 1 
201 340 1 
201 340 1 
201 347 1 
201 350 1 
201 350 1 
201 350 1 
201 350 1 
201 350 1 
201 350 1 
201 350 1 
201 350 1 
201 350 1 
201 350 1 
201 350 1 
201 350 1 
201 350 1 
201 350 1 
201 350 1 
201 350 1 
201 350 1 
201 350 1 
201 350 1 
201 350 1 
201 350 1 
201 350 1 
201 350 1 
201 350 1 
201 350 1 
201 350 1 
201 350 1 
201 350 1 
201 350 1 
201 350 1 
201 350 1 
201 350 1 
201 350 1 
201 350 1 
201 350 1 
201 350 1 
201 350 1 
201 350 1 
201 350 1 
201 350 1 
201 350 1 
201 350 1 
201 350 1 
201 350 1 
201 350 1 
201 350 1 
201 350 1 
201 350 1 
201 350 1 
201 350 1 
201 350 1 
201 350 1 
201 350 1 
201 350 1 
201 350 1 
201 350 1 
201 350 1 
201 350 1 
201 350 1 
201 350 1 
201 350 1 
201 350 1 
201 350 1 
201 350 1 
201 350 1 
201 350 1 
201 350 1 
201 350 1 
201 350 1 
201 350 1 
201 350 1 
201 350 1 
201 350 1 
201 350 1 
201 350 1 
201 350 1 
201 350 1 
201 350 1 
201 354 1 
201 354 1 
201 354 1 
201 354 1 
202 28 1 
202 83 1 
202 139 1 
202 139 1 
202 166 1 
202 166 1 
202 166 1 
202 166 1 
202 166 1 
202 166 3 
202 270 1 
203 340 1 
204 350 1 
205 28 1 
206 15 1 
206 321 1 
207 162 1 
208 292 1 
209 185 1 
210 299 1 
211 350 1 
212 199 1 
213 231 1 
214 67 1 
214 67 1 
214 67 1 
214 67 1 
214 67 1 
214 67 1 
215 305 1 
215 305 1 
216 128 2 
216 128 1 
216 334 1 
216 339 1 
217 113 1 
218 128 2 
218 128 1 
218 128 1 
218 338 1 
219 222 1 
220 270 1 
220 340 1 
220 340 1 
220 350 1 
220 354 1 
221 113 1 
221 166 1 
221 166 1 
221 173 1 
221 181 1 
222 128 1 
222 128 2 
222 128 1 
222 338 1 
223 128 2 
223 128 1 
223 128 1 
223 338 1 
224 160 1 
224 243 1 
224 260 1 
224 269 1 
225 336 1 
225 336 1 
225 336 1 
225 336 1 
225 336 1 
226 305 1 
226 350 1 
227 141 1 
228 21 1 
228 38 1 
228 38 1 
228 95 1 
229 199 1 
230 340 1 
231 113 1 
231 299 1 
231 299 1 
232 113 2 
232 113 1 
232 113 1 
232 113 1 
232 113 1 
232 113 1 
232 113 1 
232 113 1 
232 113 1 
233 185 1 
234 309 1 
234 309 3 
234 309 3 
234 309 1 
234 311 3 
234 311 3 
234 311 1 
234 311 1 
234 312 1 
235 338 1 
236 222 1 
237 124 1 
237 124 1 
237 124 1 
237 124 1 
238 113 1 
239 124 1 
240 20 1 
240 24 1 
240 30 1 
240 70 1 
240 124 1 
240 208 1 
240 256 1 
240 258 1 
240 264 1 
240 272 1 
240 273 1 
240 275 1 
240 279 1 
240 282 1 
240 283 1 
240 285 1 
240 289 1 
240 291 1 
240 293 1 
240 299 1 
240 304 1 
240 305 1 
240 306 1 
240 307 1 
240 308 1 
240 309 1 
240 310 1 
240 311 1 
240 312 1 
240 313 1 
240 314 1 
240 315 1 
240 316 1 
240 317 1 
240 318 1 
240 319 1 
240 320 1 
240 321 1 
240 322 1 
240 323 1 
240 324 1 
240 325 1 
240 327 1 
240 328 1 
240 331 1 
240 332 1 
240 334 1 
240 335 1 
240 336 1 
240 336 1 
240 337 1 
240 338 1 
240 339 1 
240 340 1 
240 342 1 
240 350 1 
240 351 1 
240 352 1 
241 199 1 
242 24 1 
242 256 1 
243 83 1 
244 299 1 
245 12 1 
245 98 1 
245 209 1 
245 210 1 
245 218 1 
245 219 1 
245 221 1 
245 222 1 
245 223 1 
245 224 1 
245 225 1 
245 226 1 
245 232 1 
245 233 1 
245 245 1 
245 246 1 
245 247 1 
245 248 1 
245 249 1 
245 250 1 
245 294 1 
246 289 1 
247 1 2 
247 5 1 
247 5 1 
247 8 1 
247 8 1 
247 8 1 
247 8 1 
247 8 1 
247 10 1 
247 10 2 
247 16 1 
247 20 1 
247 28 1 
247 28 1 
247 28 1 
247 28 1 
247 34 1 
247 48 1 
247 61 2 
247 85 2 
247 85 1 
247 91 1 
247 93 1 
247 103 1 
247 103 1 
247 109 1 
247 109 1 
247 110 1 
247 110 1 
247 110 1 
247 110 1 
247 110 2 
247 110 1 
247 110 1 
247 110 1 
247 110 1 
247 111 1 
247 111 1 
247 111 1 
247 111 1 
247 111 1 
247 111 2 
247 111 1 
247 111 2 
247 111 1 
247 111 1 
247 111 1 
247 111 1 
247 111 1 
247 124 1 
247 124 1 
247 124 1 
247 124 1 
247 124 1 
247 124 1 
247 124 1 
247 124 1 
247 124 1 
247 124 1 
247 124 1 
247 124 1 
247 124 1 
247 124 1 
247 126 1 
247 127 1 
247 128 1 
247 128 1 
247 128 1 
247 128 1 
247 139 1 
247 139 1 
247 139 1 
247 159 1 
247 160 1 
247 166 1 
247 175 1 
247 176 1 
247 180 1 
247 182 1 
247 184 1 
247 188 1 
247 208 1 
247 211 1 
247 211 1 
247 213 1 
247 217 1 
247 218 1 
247 219 1 
247 219 1 
247 220 1 
247 239 1 
247 244 1 
247 251 1 
247 253 1 
247 253 1 
247 253 1 
247 253 1 
247 254 1 
247 254 1 
247 254 1 
247 259 1 
247 259 1 
247 263 1 
247 263 1 
247 265 1 
247 265 1 
247 274 1 
247 275 1 
247 277 1 
247 280 1 
247 290 1 
247 290 1 
247 310 1 
247 311 1 
247 313 1 
247 313 1 
247 321 1 
247 321 1 
247 321 1 
247 322 1 
247 351 1 
247 354 1 
248 105 1 
249 128 1 
249 128 1 
249 128 1 
250 44 1 
251 289 1 
252 8 2 
252 128 2 
252 128 1 
252 128 1 
252 234 1 
252 238 1 
252 307 1 
252 309 1 
252 309 1 
252 334 1 
252 334 3 
252 334 1 
252 334 1 
252 335 3 
252 335 1 
252 335 1 
252 337 1 
252 337 1 
252 337 3 
252 338 1 
252 338 3 
252 342 1 
252 342 3 
252 352 1 
253 340 1 
254 9 1 
254 80 1 
254 82 1 
254 86 1 
254 133 1 
254 136 1 
255 299 1 
256 124 1 
257 350 1 
257 350 1 
258 354 1 
259 350 1 
259 350 1 
259 350 1 
259 350 1 
259 350 1 
260 8 1 
260 54 1 
260 54 1 
260 54 1 
260 54 1 
260 124 1 
260 124 1 
260 204 1 
260 234 1 
260 234 1 
260 238 1 
260 238 1 
260 293 1 
260 293 1 
260 293 1 
260 293 1 
260 293 1 
260 293 1 
260 293 3 
260 299 1 
261 128 1 
261 354 1 
262 8 1 
262 14 1 
262 113 1 
262 128 1 
262 128 1 
262 128 1 
262 166 1 
262 173 1 
262 173 1 
262 173 1 
262 243 1 
262 279 1 
262 334 1 
262 350 1 
262 350 1 
262 351 1 
263 305 1 
263 305 1 
263 354 1 
264 299 1 
265 124 1 
266 254 1 
266 254 1 
267 113 1 
268 15 1 
269 43 1 
270 113 1 
270 113 1 
270 113 1 
270 113 1 
270 113 1 
270 113 1 
270 113 1 
270 350 1 
271 113 1 
272 28 1 
273 334 1 
274 306 1 
275 28 1 
275 336 1 
275 336 1 
276 44 1 
277 160 1 
278 217 1 
278 299 1 
278 306 1 
278 338 1 
279 12 1 
279 12 1 
279 14 1 
279 98 1 
279 98 1 
279 223 1 
279 223 1 
279 224 1 
279 224 1 
279 225 1 
279 225 1 
279 226 1 
279 226 1 
279 232 1 
279 232 1 
279 233 1 
279 233 1 
279 245 1 
279 245 1 
279 246 1 
279 246 1 
279 247 1 
279 247 1 
279 248 1 
279 248 1 
279 249 1 
279 249 1 
279 250 1 
279 250 1 
279 294 1 
279 294 1 
280 97 1 
281 1 1 
281 61 1 
281 128 1 
281 128 1 
281 128 1 
281 128 1 
281 128 1 
281 128 1 
281 128 1 
281 128 1 
281 128 1 
281 128 1 
281 128 1 
281 128 1 
281 128 1 
281 128 1 
281 128 1 
281 128 1 
281 260 1 
281 269 1 
281 283 1 
281 289 1 
281 289 1 
281 299 1 
281 306 1 
281 306 1 
281 306 1 
281 306 1 
281 306 1 
281 306 1 
281 309 1 
281 309 1 
281 309 1 
281 311 1 
281 311 1 
281 332 1 
281 332 1 
281 334 1 
281 334 1 
281 335 1 
281 336 1 
281 338 1 
281 338 1 
281 338 1 
281 338 1 
281 338 1 
281 338 1 
281 340 1 
281 340 1 
281 340 1 
281 340 1 
281 340 1 
281 340 1 
281 340 1 
281 340 1 
281 352 1 
282 11 1 
283 113 1 
284 288 1 
285 25 1 
285 330 1 
285 333 1 
285 341 1 
285 343 1 
285 345 1 
285 353 1 
285 354 1 
285 355 1 
285 356 1 
286 306 1 
287 335 1 
288 4 1 
288 4 1 
288 8 1 
288 8 1 
288 8 2 
288 8 1 
288 8 1 
288 8 1 
288 8 1 
288 8 1 
288 8 1 
288 8 1 
288 8 1 
288 8 1 
288 8 2 
288 8 1 
288 8 1 
288 8 1 
288 8 2 
288 8 2 
288 8 1 
288 8 2 
288 8 2 
288 8 2 
288 8 1 
288 8 1 
288 8 1 
288 8 2 
288 8 1 
288 8 2 
288 8 2 
288 8 1 
288 8 2 
288 8 2 
288 22 1 
288 28 1 
288 28 1 
288 28 1 
288 28 1 
288 28 1 
288 28 1 
288 28 1 
288 28 1 
288 28 1 
288 28 1 
288 28 1 
288 34 1 
288 77 1 
288 83 1 
288 91 2 
288 108 1 
288 108 1 
288 108 1 
288 111 1 
288 111 1 
288 113 1 
288 113 1 
288 113 1 
288 113 1 
288 113 1 
288 113 1 
288 113 1 
288 113 1 
288 113 1 
288 121 1 
288 121 1 
288 121 1 
288 121 1 
288 121 1 
288 121 1 
288 121 1 
288 139 1 
288 139 2 
288 142 1 
288 166 1 
288 166 2 
288 166 2 
288 166 1 
288 166 1 
288 166 1 
288 166 1 
288 166 1 
288 173 2 
288 173 2 
288 173 1 
288 173 1 
288 173 1 
288 173 1 
288 173 1 
288 173 1 
288 178 3 
288 217 1 
288 217 1 
288 228 1 
288 228 1 
288 228 3 
288 228 1 
288 228 1 
288 228 1 
288 228 1 
288 228 1 
288 229 1 
288 230 1 
288 231 1 
288 231 1 
288 234 1 
288 234 1 
288 234 1 
288 238 1 
288 238 1 
288 238 1 
288 238 3 
288 243 1 
288 243 1 
288 243 1 
288 251 1 
288 253 1 
288 282 1 
288 298 1 
288 299 1 
288 299 1 
288 299 1 
288 305 1 
288 307 1 
288 331 1 
288 331 1 
288 331 1 
288 340 1 
288 340 1 
288 340 1 
288 350 1 
288 350 1 
288 351 1 
288 355 1 
288 355 1 
289 350 1 
290 354 1 
291 110 2 
292 54 1 
293 350 1 
294 111 2 
295 48 1 
296 128 1 
297 222 1 
297 222 1 
297 222 1 
297 334 1 
298 113 1 
298 339 1 
298 339 1 
299 113 1 
300 185 1 
301 162 1 
302 162 1 
303 162 1 
304 162 1 
305 162 1 
306 162 1 
307 339 1 
308 128 2 
308 128 1 
308 128 2 
309 128 1 
309 128 1 
310 299 1 
311 16 1 
311 16 1 
312 113 1 
312 113 1 
312 113 1 
312 113 1 
312 113 1 
312 113 1 
312 113 1 
312 113 1 
312 113 1 
312 113 1 
312 113 1 
312 113 1 
312 113 1 
312 113 1 
312 113 1 
312 113 1 
312 113 1 
312 113 1 
312 243 1 
312 254 1 
313 4 1 
313 5 1 
313 221 1 
313 293 1 
313 299 1 
314 3 1 
314 124 1 
315 54 1 
316 340 1 
316 340 1 
317 163 1 
318 4 1 
318 4 1 
318 83 1 
318 113 1 
319 8 1 
319 309 1 
319 331 1 
319 340 1 
319 340 1 
320 113 1 
320 113 1 
321 113 1 
322 54 1 
322 261 1 
322 261 1 
322 321 1 
322 350 1 
322 350 1 
323 3 1 
323 3 1 
323 4 1 
323 7 1 
323 7 1 
323 8 1 
323 28 1 
323 28 1 
323 44 1 
323 113 1 
323 113 1 
323 113 1 
323 113 1 
323 124 1 
323 124 1 
323 124 1 
323 124 1 
323 128 1 
323 166 1 
323 228 1 
323 260 1 
323 269 1 
323 284 1 
323 289 1 
323 299 1 
323 299 1 
323 299 1 
323 299 1 
323 299 1 
323 299 1 
323 305 1 
323 305 1 
323 331 1 
323 331 1 
323 340 1 
323 340 1 
323 340 1 
323 340 1 
323 350 1 
323 350 1 
323 354 1 
323 355 1 
324 4 1 
324 221 1 
324 222 2 
324 222 3 
324 222 1 
324 222 3 
324 228 1 
324 275 1 
324 299 1 
325 8 1 
326 199 1 
327 1 1 
327 2 1 
327 2 1 
327 2 1 
327 2 1 
327 2 1 
327 3 1 
327 4 1 
327 4 1 
327 5 1 
327 5 1 
327 5 1 
327 7 1 
327 10 1 
327 10 1 
327 54 1 
327 54 1 
327 61 1 
327 66 1 
327 66 1 
327 66 1 
327 66 1 
327 66 1 
327 70 1 
327 73 3 
327 85 1 
327 85 1 
327 86 1 
327 86 1 
327 91 1 
327 91 1 
327 93 1 
327 93 1 
327 111 2 
327 111 2 
327 113 1 
327 113 1 
327 113 1 
327 124 1 
327 124 1 
327 124 1 
327 124 1 
327 128 1 
327 128 1 
327 128 1 
327 128 1 
327 128 1 
327 128 1 
327 128 1 
327 128 1 
327 128 1 
327 128 1 
327 128 1 
327 128 1 
327 128 1 
327 173 1 
327 173 1 
327 173 1 
327 217 1 
327 217 1 
327 217 1 
327 222 1 
327 228 1 
327 231 1 
327 231 1 
327 265 1 
327 270 1 
327 270 1 
327 279 1 
327 279 1 
327 279 1 
327 279 1 
327 281 1 
327 281 1 
327 281 1 
327 283 1 
327 284 1 
327 287 1 
327 287 1 
327 288 1 
327 294 1 
327 299 1 
327 299 1 
327 299 1 
327 299 1 
327 307 1 
327 307 1 
327 312 1 
327 312 1 
327 312 1 
327 312 3 
327 312 1 
327 312 3 
327 312 1 
327 334 1 
327 334 1 
327 334 1 
327 334 1 
327 334 1 
327 334 1 
327 334 1 
327 334 1 
327 334 1 
327 334 1 
327 334 1 
327 334 1 
327 334 1 
327 334 1 
327 334 1 
327 335 1 
327 335 1 
327 335 1 
327 335 1 
327 335 1 
327 337 1 
327 337 1 
327 337 1 
327 337 1 
327 337 1 
327 337 1 
327 337 1 
327 337 1 
327 337 1 
327 338 1 
327 338 1 
327 338 1 
327 338 1 
327 338 1 
327 350 1 
327 350 1 
327 350 1 
328 113 1 
328 113 1 
328 113 1 
328 113 1 
328 113 1 
328 113 1 
328 113 1 
328 113 1 
328 124 1 
328 336 1 
328 350 1 
328 350 1 
329 8 1 
329 8 1 
329 8 1 
329 8 2 
329 124 1 
329 124 1 
329 124 1 
329 124 1 
329 128 1 
329 128 1 
329 128 1 
329 128 2 
329 290 1 
329 299 1 
329 299 1 
329 313 1 
329 313 1 
329 331 1 
329 335 1 
329 335 1 
329 338 1 
329 338 1 
329 338 1 
329 338 1 
329 339 1 
329 339 3 
329 339 3 
329 351 1 
330 350 1 
331 345 1 
332 24 1 
332 224 3 
332 224 3 
332 224 2 
332 256 1 
332 259 1 
332 259 1 
332 279 1 
332 279 1 
332 279 1 
332 279 1 
332 279 1 
332 279 1 
332 283 1 
332 287 1 
332 299 1 
332 307 1 
332 312 1 
332 312 1 
332 312 1 
332 312 1 
332 312 1 
332 312 1 
332 336 1 
332 336 1 
332 336 1 
332 336 1 
333 128 1 
334 299 1 
335 128 1 
335 334 1 
335 335 1 
336 2 1 
336 66 1 
337 38 1 
337 38 1 
337 38 1 
337 38 1 
337 38 1 
337 38 1 
337 38 1 
337 38 1 
337 38 1 
337 38 1 
337 38 1 
338 111 1 
339 16 1 
340 299 1 
341 13 1 
342 16 1 
343 48 1 
344 110 1 
344 110 2 
344 110 2 
345 305 1 
345 305 1 
345 305 1 
345 305 1 
345 306 1 
346 28 1 
347 308 1 
348 113 1 
348 263 1 
349 124 1 
350 8 1 
350 8 1 
350 8 1 
350 8 1 
350 28 1 
350 234 1 
350 234 1 
350 238 1 
350 238 1 
351 299 1 
351 306 1 
352 155 2 
352 166 1 
353 338 1 
353 338 1 
353 338 1 
353 338 1 
354 113 1 
354 121 1 
354 173 1 
355 7 1 
356 1 2 
356 61 2 
356 124 1 
356 258 3 
357 113 1 
357 299 1 
357 331 1 
357 350 1 
357 350 1 
358 113 1 
358 113 1 
358 113 1 
358 124 1 
358 217 1 
358 354 1 
359 113 1 
360 350 1 
360 350 1 
361 185 1 
362 97 1 
362 97 1 
363 173 1 
364 332 1 
364 354 1 
364 354 1 
364 354 1 
364 354 1 
365 103 1 
365 334 1 
365 337 1 
365 338 1 
366 128 1 
366 128 1 
366 128 2 
367 128 1 
367 285 1 
367 311 1 
367 352 1 
368 354 1 
369 111 2 
370 11 1 
370 18 1 
370 189 1 
370 204 1 
371 128 1 
371 128 1 
371 219 2 
371 219 3 
371 219 1 
371 219 3 
371 303 3 
371 303 2 
371 303 1 
371 303 1 
371 309 1 
371 309 1 
371 309 1 
371 311 1 
371 335 1 
371 338 1 
371 338 1 
371 338 1 
371 338 1 
371 338 1 
372 139 1 
372 189 1 
373 210 1 
373 255 1 
373 257 1 
374 45 3 
374 45 1 
374 113 1 
374 113 1 
374 150 3 
375 350 1 
376 113 1 
377 124 1 
378 110 1 
378 110 1 
378 110 1 
378 257 1 
379 110 1 
379 110 1 
379 110 1 
379 259 1 
379 271 1 
380 350 1 
380 350 1 
381 5 1 
381 8 1 
381 28 1 
381 109 1 
381 121 1 
381 222 1 
381 290 1 
381 290 1 
381 340 1 
381 350 1 
382 110 1 
382 110 1 
382 110 1 
382 196 1 
382 219 1 
383 9 1 
383 80 1 
383 110 1 
383 110 1 
383 110 1 
383 257 1 
383 271 1 
384 8 1 
384 8 1 
384 8 1 
384 8 1 
384 8 1 
384 8 1 
384 8 1 
384 8 1 
384 8 1 
384 22 1 
384 22 1 
384 22 1 
384 22 1 
384 22 1 
384 22 1 
384 22 1 
384 22 1 
384 22 1 
384 22 1 
384 22 1 
384 22 1 
384 22 1 
384 22 1 
384 22 1 
384 22 1 
384 77 1 
384 77 1 
384 77 1 
384 77 1 
384 77 1 
384 77 1 
384 77 1 
384 99 1 
384 99 1 
384 99 1 
384 99 1 
384 99 1 
384 99 1 
384 99 1 
384 141 1 
384 141 1 
384 141 1 
384 141 1 
384 141 1 
384 141 1 
384 141 1 
384 141 1 
384 228 1 
384 228 1 
384 228 1 
384 228 1 
384 228 1 
384 228 1 
384 228 1 
384 228 1 
384 228 1 
384 229 1 
384 229 1 
384 229 1 
384 229 1 
384 229 1 
384 229 1 
384 229 1 
384 229 1 
384 229 1 
384 230 1 
384 230 1 
384 230 1 
384 230 1 
384 230 1 
384 230 1 
384 230 1 
384 230 1 
384 230 1 
384 231 1 
384 231 1 
384 231 1 
384 231 1 
384 231 1 
384 231 1 
384 231 1 
384 231 1 
384 231 1 
384 234 1 
384 234 1 
384 234 1 
384 234 1 
384 234 1 
384 234 1 
384 234 1 
384 234 1 
384 234 1 
384 238 1 
384 238 1 
384 238 1 
384 238 1 
384 238 1 
384 238 1 
384 238 1 
384 238 1 
384 238 1 
384 243 1 
384 243 1 
384 243 1 
384 243 1 
384 243 1 
384 243 1 
384 243 1 
384 243 1 
384 243 1 
384 244 1 
384 244 1 
384 244 1 
384 244 1 
384 244 1 
384 244 1 
384 244 1 
384 244 1 
384 244 1 
384 251 1 
384 251 1 
384 251 1 
384 251 1 
384 251 1 
384 251 1 
384 251 1 
384 251 1 
384 251 1 
384 253 1 
384 253 1 
384 253 1 
384 253 1 
384 253 1 
384 253 1 
384 253 1 
384 253 1 
384 253 1 
384 254 1 
384 254 1 
384 254 1 
384 254 1 
384 254 1 
384 254 1 
384 254 1 
384 254 1 
384 254 1 
384 296 1 
384 296 1 
384 296 1 
384 296 1 
384 296 1 
384 296 1 
384 296 1 
384 347 1 
384 347 1 
384 347 1 
384 347 1 
384 347 1 
384 347 1 
384 347 1 
384 347 1 
385 113 1 
386 331 1 
386 331 1 
386 342 1 
387 113 1 
387 113 1 
387 340 1 
387 340 1 
387 354 1 
388 12 1 
388 12 1 
388 43 3 
388 43 1 
388 43 3 
388 70 1 
388 111 1 
388 111 1 
388 114 3 
388 128 1 
388 157 3 
388 307 1 
388 307 1 
388 307 1 
388 307 1 
388 331 1 
388 336 1 
388 336 1 
389 199 1 
390 340 1 
391 44 1 
391 44 1 
392 1 1 
392 3 1 
392 12 1 
392 12 1 
392 21 1 
392 41 1 
392 61 1 
392 70 1 
392 89 1 
392 95 1 
392 96 1 
392 98 1 
392 98 1 
392 100 1 
392 102 1 
392 115 1 
392 117 1 
392 118 1 
392 124 1 
392 124 1 
392 163 1 
392 191 1 
392 194 1 
392 197 1 
392 202 1 
392 205 1 
392 206 1 
392 209 1 
392 209 1 
392 210 1 
392 210 1 
392 218 1 
392 218 1 
392 219 1 
392 219 1 
392 220 1 
392 221 1 
392 221 1 
392 222 1 
392 222 1 
392 223 1 
392 223 1 
392 224 1 
392 224 1 
392 225 1 
392 225 1 
392 226 1 
392 226 1 
392 232 1 
392 232 1 
392 233 1 
392 233 1 
392 237 1 
392 240 1 
392 241 1 
392 242 1 
392 245 1 
392 245 1 
392 246 1 
392 246 1 
392 247 1 
392 247 1 
392 248 1 
392 248 1 
392 249 1 
392 249 1 
392 250 1 
392 250 1 
392 254 1 
392 268 1 
392 273 1 
392 275 1 
392 279 1 
392 282 1 
392 283 1 
392 285 1 
392 289 1 
392 291 1 
392 293 1 
392 294 1 
392 294 1 
392 299 1 
392 304 1 
392 305 1 
392 306 1 
392 307 1 
392 308 1 
392 309 1 
392 310 1 
392 311 1 
392 312 1 
392 313 1 
392 321 1 
392 322 1 
392 327 1 
392 328 1 
392 331 1 
392 332 1 
392 334 1 
392 335 1 
392 336 1 
392 337 1 
392 338 1 
392 339 1 
392 340 1 
392 342 1 
392 350 1 
392 351 1 
392 352 1 
392 356 1 
393 28 1 
393 67 1 
393 109 1 
393 112 1 
393 113 1 
393 113 1 
393 113 1 
393 113 1 
393 113 1 
393 113 1 
393 113 1 
393 180 1 
393 350 1 
394 350 1 
395 111 1 
395 124 1 
396 8 1 
396 8 1 
396 103 1 
396 137 1 
396 234 1 
396 238 1 
396 254 1 
396 254 1 
396 254 1 
396 254 1 
396 350 1 
396 350 1 
397 336 1 
398 332 1 
398 332 1 
399 112 1 
400 28 1 
400 67 1 
400 350 1 
400 350 1 
400 350 1 
400 350 1 
400 350 1 
401 16 1 
401 17 1 
401 19 1 
401 132 1 
401 135 1 
401 138 1 
401 142 1 
401 143 1 
401 144 1 
401 146 1 
401 151 1 
401 156 1 
401 167 1 
401 192 1 
401 196 1 
401 207 1 
401 212 1 
402 113 1 
403 17 1 
403 292 1 
403 292 1 
403 294 1 
403 350 1 
403 350 1 
403 350 1 
403 350 1 
403 354 1 
404 139 1 
405 1 1 
405 1 1 
405 1 1 
405 4 1 
405 7 1 
405 7 1 
405 7 1 
405 11 1 
405 20 1 
405 20 1 
405 20 1 
405 20 1 
405 20 1 
405 20 1 
405 20 1 
405 20 1 
405 28 1 
405 28 1 
405 28 1 
405 30 1 
405 61 1 
405 61 1 
405 61 1 
405 70 1 
405 107 1 
405 107 1 
405 108 1 
405 113 1 
405 113 1 
405 113 1 
405 113 1 
405 113 1 
405 113 1 
405 113 1 
405 113 1 
405 113 1 
405 113 1 
405 113 1 
405 113 1 
405 113 1 
405 113 1 
405 113 1 
405 113 2 
405 113 1 
405 113 1 
405 113 1 
405 113 1 
405 113 1 
405 113 1 
405 113 1 
405 113 1 
405 113 1 
405 124 1 
405 124 1 
405 124 1 
405 124 1 
405 155 2 
405 160 1 
405 160 1 
405 160 1 
405 160 1 
405 190 1 
405 208 1 
405 208 1 
405 208 1 
405 208 1 
405 208 1 
405 208 1 
405 208 1 
405 208 1 
405 237 1 
405 237 3 
405 237 3 
405 243 1 
405 299 1 
405 299 1 
405 299 1 
405 299 1 
405 299 1 
405 332 1 
405 336 1 
405 336 1 
405 336 1 
405 336 1 
405 336 1 
405 336 1 
405 336 1 
405 336 1 
405 336 1 
405 355 1 
405 355 1 
406 354 1 
407 113 1 
408 282 1 
409 28 1 
410 340 1 
410 340 1 
411 18 1 
412 133 1 
412 136 1 
413 298 1 
413 298 1 
414 113 1 
414 305 1 
414 340 1 
415 5 1 
415 28 1 
415 113 1 
415 113 1 
415 113 1 
415 113 1 
415 113 1 
415 124 1 
415 124 1 
415 173 1 
415 299 1 
415 306 1 
415 308 1 
415 334 1 
415 334 1 
415 334 1 
415 334 1 
415 334 1 
415 334 1 
415 334 1 
415 335 1 
415 337 1 
415 338 1 
415 354 1 
416 19 1 
417 113 1 
417 299 1 
417 299 1 
417 299 1 
417 339 1 
417 340 1 
417 350 1 
418 350 1 
419 5 1 
419 28 1 
419 299 1 
419 354 1 
420 340 1 
421 336 1 
422 43 1 
422 43 1 
422 43 1 
423 124 1 
424 124 1 
424 124 1 
425 113 1 
425 124 1 
425 287 1 
425 292 1 
425 306 1 
425 340 1 
426 185 1 
427 28 1 
428 113 1 
428 113 1 
428 299 1 
428 350 1 
428 354 1 
429 299 1 
429 299 1 
430 124 1 
431 97 1 
431 97 1 
431 344 1 
431 344 1 
432 7 1 
432 350 1 
432 350 1 
432 350 1 
432 350 1 
433 4 1 
433 34 1 
433 34 1 
433 34 1 
433 309 1 
433 311 1 
433 312 1 
434 113 1 
434 113 1 
434 113 1 
434 113 1 
434 113 1 
434 231 1 
435 18 1 
435 139 1 
435 152 1 
435 153 1 
435 154 1 
435 155 1 
435 157 1 
435 160 1 
435 161 1 
435 164 1 
435 166 1 
435 169 1 
435 170 1 
435 171 1 
435 172 1 
435 173 1 
435 176 1 
435 178 1 
435 179 1 
435 180 1 
435 181 1 
435 182 1 
435 183 1 
435 184 1 
435 188 1 
435 189 1 
435 190 1 
435 198 1 
435 199 1 
435 200 1 
435 201 1 
435 203 1 
435 204 1 
435 213 1 
435 216 1 
435 217 1 
435 227 1 
435 235 1 
435 236 1 
435 252 1 
435 262 1 
435 267 1 
435 274 1 
435 278 1 
435 286 1 
435 295 1 
435 297 1 
435 300 1 
435 302 1 
435 326 1 
435 346 1 
435 348 1 
436 124 1 
437 105 1 
438 25 1 
438 341 1 
438 354 1 
438 355 1 
439 54 1 
439 54 1 
439 54 1 
439 124 1 
439 299 1 
439 305 1 
439 350 1 
440 22 1 
441 4 1 
441 113 1 
442 105 1 
443 8 1 
443 8 1 
443 8 1 
443 8 1 
443 38 1 
443 128 1 
443 128 1 
443 128 1 
443 128 1 
443 128 1 
443 128 1 
443 128 1 
443 128 1 
443 128 1 
443 128 1 
443 128 1 
443 128 1 
443 128 1 
443 222 1 
443 231 1 
443 231 1 
443 231 1 
443 231 1 
443 303 1 
443 334 1 
443 335 1 
443 335 1 
443 337 1 
443 338 1 
443 338 1 
443 338 1 
443 338 1 
443 340 1 
444 103 1 
444 113 1 
444 352 1 
445 334 1 
445 334 1 
445 334 1 
445 334 1 
445 334 1 
445 335 1 
445 337 1 
446 308 1 
447 111 1 
447 139 1 
447 217 1 
448 8 1 
449 337 1 
449 337 1 
449 338 1 
450 334 1 
450 337 1 
450 338 1 
450 338 1 
451 48 1 
451 59 1 
451 254 1 
451 281 1 
451 288 1 
451 290 1 
451 307 1 
451 338 1 
452 25 1 
452 330 1 
452 333 1 
452 341 1 
452 343 1 
452 345 1 
452 353 1 
452 354 1 
452 355 1 
452 356 1 
453 1 2 
453 10 2 
453 61 2 
453 85 2 
454 350 1 
455 3 1 
455 4 1 
455 5 1 
455 8 1 
455 8 1 
455 8 2 
455 8 1 
455 30 1 
455 30 1 
455 93 2 
455 103 1 
455 106 1 
455 106 1 
455 128 1 
455 163 1 
455 217 1 
455 226 2 
455 226 3 
455 227 1 
455 227 1 
455 231 1 
455 282 1 
455 282 1 
455 284 1 
455 305 1 
455 308 1 
455 308 1 
455 309 1 
455 312 1 
455 340 1 
455 340 1 
455 340 1 
455 340 1 
455 340 1 
455 340 1 
455 340 1 
455 340 1 
455 340 1 
455 340 1 
455 340 1 
455 340 1 
455 340 1 
455 340 1 
455 340 1 
455 352 1 
455 352 1 
455 354 1 
455 354 1 
456 113 1 
456 173 1 
457 25 1 
457 25 1 
457 341 1 
457 341 1 
457 354 1 
457 355 1 
458 124 1 
458 299 1 
458 350 1 
459 1 2 
459 1 1 
459 1 1 
459 4 1 
459 4 1 
459 5 1 
459 7 1 
459 7 1 
459 8 1 
459 10 1 
459 16 1 
459 16 1 
459 16 1 
459 16 1 
459 20 1 
459 24 1 
459 28 1 
459 28 1 
459 28 1 
459 28 1 
459 28 1 
459 28 1 
459 28 1 
459 28 1 
459 30 1 
459 30 1 
459 42 3 
459 44 1 
459 48 3 
459 48 1 
459 48 3 
459 48 1 
459 48 1 
459 48 1 
459 57 3 
459 57 1 
459 61 1 
459 61 1 
459 61 2 
459 70 1 
459 70 1 
459 85 1 
459 86 1 
459 91 2 
459 91 1 
459 91 1 
459 91 1 
459 93 1 
459 109 1 
459 110 2 
459 111 1 
459 112 1 
459 112 1 
459 113 1 
459 113 1 
459 113 1 
459 113 1 
459 113 1 
459 113 1 
459 113 1 
459 113 1 
459 113 1 
459 113 1 
459 113 1 
459 113 1 
459 113 1 
459 113 1 
459 113 1 
459 113 1 
459 113 1 
459 113 1 
459 113 1 
459 113 1 
459 121 1 
459 121 1 
459 121 1 
459 121 1 
459 121 1 
459 124 1 
459 124 1 
459 124 1 
459 139 1 
459 139 1 
459 139 1 
459 166 1 
459 173 1 
459 173 1 
459 185 3 
459 208 1 
459 229 1 
459 229 1 
459 230 1 
459 230 1 
459 231 1 
459 231 1 
459 253 1 
459 253 1 
459 253 1 
459 256 1 
459 258 1 
459 261 1 
459 264 1 
459 265 1 
459 270 1 
459 272 1 
459 273 1 
459 275 1 
459 279 1 
459 280 1 
459 282 1 
459 283 1 
459 285 1 
459 289 1 
459 291 1 
459 293 1 
459 299 1 
459 299 1 
459 299 1 
459 304 1 
459 305 1 
459 306 1 
459 307 1 
459 308 1 
459 309 1 
459 310 1 
459 311 1 
459 312 1 
459 313 1 
459 314 1 
459 315 1 
459 316 1 
459 317 1 
459 318 1 
459 319 1 
459 320 1 
459 321 1 
459 322 1 
459 323 1 
459 324 1 
459 325 1 
459 327 1 
459 328 1 
459 331 1 
459 332 1 
459 334 1 
459 335 1 
459 336 1 
459 336 1 
459 336 1 
459 336 1 
459 336 1 
459 336 1 
459 336 1 
459 336 1 
459 336 1 
459 337 1 
459 338 1 
459 339 1 
459 340 1 
459 340 1 
459 340 1 
459 340 1 
459 340 1 
459 340 1 
459 340 1 
459 340 1 
459 340 1 
459 342 1 
459 350 1 
459 350 1 
459 350 1 
459 351 1 
459 352 1 
459 354 1 
460 8 1 
460 10 1 
460 11 1 
460 11 1 
460 11 1 
460 11 1 
460 11 1 
460 11 1 
460 11 1 
460 11 1 
460 11 1 
460 11 1 
460 11 1 
460 11 1 
460 11 1 
460 11 1 
460 11 1 
460 11 1 
460 11 1 
460 11 1 
460 11 1 
460 11 1 
460 11 1 
460 11 1 
460 11 1 
460 11 1 
460 11 1 
460 11 1 
460 11 1 
460 12 1 
460 14 1 
460 17 1 
460 20 1 
460 48 1 
460 54 1 
460 83 1 
460 85 1 
460 91 1 
460 93 1 
460 94 1 
460 94 1 
460 103 1 
460 103 1 
460 103 1 
460 105 1 
460 110 1 
460 110 1 
460 110 1 
460 110 1 
460 110 1 
460 110 1 
460 110 2 
460 110 1 
460 110 2 
460 110 2 
460 110 2 
460 110 2 
460 110 1 
460 110 1 
460 111 1 
460 111 1 
460 111 1 
460 111 1 
460 111 1 
460 111 1 
460 111 1 
460 111 1 
460 111 1 
460 112 1 
460 124 1 
460 124 1 
460 124 1 
460 124 1 
460 124 1 
460 128 1 
460 128 1 
460 130 1 
460 158 1 
460 160 1 
460 168 1 
460 169 1 
460 175 1 
460 176 1 
460 180 1 
460 185 1 
460 188 1 
460 196 1 
460 208 1 
460 209 1 
460 213 1 
460 215 1 
460 217 1 
460 217 1 
460 218 1 
460 219 1 
460 219 1 
460 219 1 
460 222 1 
460 229 1 
460 230 1 
460 239 1 
460 243 1 
460 253 1 
460 254 1 
460 262 1 
460 263 1 
460 265 1 
460 275 1 
460 277 1 
460 290 1 
460 290 1 
460 321 1 
460 321 1 
460 322 1 
460 351 1 
460 354 1 
461 124 1 
462 128 1 
462 340 1 
