0 266 1 
463 113 1 
463 299 1 
463 299 1 
464 282 1 
464 336 1 
465 299 1 
465 299 1 
466 113 1 
466 160 1 
466 189 1 
466 189 1 
466 189 1 
466 189 1 
466 192 1 
467 354 1 
468 270 1 
468 270 1 
468 316 3 
468 334 1 
468 334 1 
468 334 1 
468 334 1 
468 335 1 
468 337 1 
468 340 1 
469 28 1 
469 28 1 
469 28 1 
469 28 1 
469 28 1 
469 91 2 
469 103 1 
469 103 1 
469 103 2 
469 103 2 
469 103 3 
469 124 1 
469 124 1 
469 124 1 
469 124 1 
469 139 1 
469 139 1 
469 139 1 
469 173 1 
469 173 1 
469 173 1 
469 226 2 
469 226 3 
469 248 2 
469 248 3 
469 248 2 
469 248 3 
469 261 1 
469 261 1 
469 302 1 
469 307 1 
469 307 1 
469 307 1 
469 307 1 
469 307 1 
469 307 1 
469 331 1 
469 331 1 
469 331 1 
470 283 1 
470 283 1 
471 266 1 
472 350 1 
473 113 1 
473 113 1 
474 285 1 
475 334 1 
475 334 1 
475 334 1 
475 334 1 
475 335 1 
475 335 1 
475 335 1 
475 335 1 
475 335 1 
475 335 1 
475 335 1 
475 335 1 
475 335 1 
475 337 1 
475 337 1 
475 337 1 
475 337 1 
475 337 1 
475 337 1 
475 337 1 
475 337 1 
475 337 1 
475 338 1 
475 338 1 
475 338 1 
475 338 1 
475 338 1 
475 338 1 
475 338 1 
475 338 1 
475 338 1 
475 338 1 
476 306 1 
477 121 1 
477 121 1 
477 270 1 
477 270 1 
477 298 1 
477 298 1 
477 298 1 
477 298 1 
477 305 1 
477 331 1 
477 340 1 
477 340 1 
477 351 1 
477 354 1 
477 354 1 
477 354 1 
477 354 1 
478 335 1 
478 337 1 
478 338 1 
478 342 1 
479 8 1 
479 8 1 
479 113 1 
479 128 1 
479 128 1 
479 128 1 
479 128 1 
479 128 1 
479 128 1 
479 128 1 
479 128 1 
479 128 1 
479 128 1 
479 128 1 
479 128 1 
479 270 1 
479 299 1 
479 307 1 
479 308 1 
479 332 1 
479 332 1 
479 336 1 
479 337 1 
479 337 1 
479 337 1 
479 338 1 
479 338 1 
479 338 1 
479 338 1 
479 338 1 
479 338 1 
479 338 1 
479 338 1 
479 338 1 
479 338 1 
479 338 1 
479 338 1 
479 340 1 
479 340 1 
479 340 1 
479 350 1 
479 351 1 
480 5 1 
480 7 1 
481 354 1 
482 306 1 
483 199 1 
483 199 3 
483 299 1 
483 299 1 
483 299 1 
483 299 1 
483 299 1 
483 299 1 
483 299 1 
483 299 1 
483 299 1 
483 299 1 
483 306 1 
483 354 1 
484 1 1 
484 1 2 
484 1 2 
484 8 1 
484 8 2 
484 11 1 
484 11 3 
484 11 1 
484 13 1 
484 25 1 
484 28 1 
484 28 1 
484 61 2 
484 61 2 
484 61 1 
484 75 1 
484 83 1 
484 109 1 
484 109 1 
484 109 1 
484 111 2 
484 111 1 
484 111 2 
484 111 1 
484 113 1 
484 121 1 
484 121 1 
484 121 1 
484 121 1 
484 121 1 
484 139 1 
484 173 1 
484 263 1 
484 263 1 
484 282 1 
484 282 1 
484 299 1 
484 299 1 
484 327 3 
484 330 1 
484 333 1 
484 336 1 
484 341 1 
484 343 1 
484 345 1 
484 350 1 
484 353 1 
484 354 1 
484 355 1 
484 355 1 
484 355 1 
484 356 1 
485 285 1 
485 289 3 
485 289 1 
485 289 1 
485 291 1 
485 291 1 
485 291 3 
485 291 1 
485 308 1 
485 322 1 
485 322 1 
486 113 1 
486 124 1 
486 128 1 
486 128 1 
486 160 1 
486 160 1 
486 160 1 
486 290 1 
486 293 1 
486 332 1 
486 340 1 
486 340 1 
486 340 1 
486 340 1 
487 128 1 
488 128 1 
488 128 1 
488 128 1 
488 128 1 
488 128 1 
489 34 1 
489 93 2 
490 4 1 
490 7 1 
490 7 1 
490 7 1 
490 10 2 
490 11 1 
490 11 1 
490 11 1 
490 11 1 
490 11 1 
490 11 1 
490 11 1 
490 11 1 
490 11 1 
490 11 1 
490 11 1 
490 11 1 
490 13 1 
490 18 1 
490 24 1 
490 25 1 
490 28 1 
490 28 1 
490 28 1 
490 28 1 
490 28 1 
490 28 1 
490 28 1 
490 48 1 
490 83 1 
490 83 1 
490 83 1 
490 85 2 
490 86 2 
490 87 1 
490 88 1 
490 89 1 
490 89 1 
490 90 1 
490 90 1 
490 90 1 
490 91 2 
490 92 1 
490 94 1 
490 103 1 
490 109 1 
490 112 1 
490 121 1 
490 124 1 
490 128 1 
490 137 1 
490 139 1 
490 139 1 
490 139 1 
490 152 1 
490 153 1 
490 154 1 
490 155 1 
490 157 1 
490 160 1 
490 161 1 
490 164 1 
490 166 1 
490 166 1 
490 166 1 
490 166 1 
490 166 1 
490 166 1 
490 166 1 
490 166 1 
490 169 1 
490 170 1 
490 171 1 
490 172 1 
490 173 1 
490 176 1 
490 178 1 
490 179 1 
490 180 1 
490 181 1 
490 182 1 
490 183 1 
490 184 1 
490 188 1 
490 189 1 
490 190 1 
490 198 1 
490 199 1 
490 200 1 
490 201 1 
490 203 1 
490 204 1 
490 213 1 
490 214 1 
490 216 1 
490 217 1 
490 218 1 
490 222 1 
490 222 1 
490 227 1 
490 235 1 
490 236 1 
490 243 1 
490 243 1 
490 243 1 
490 243 1 
490 243 1 
490 243 1 
490 243 1 
490 243 1 
490 243 3 
490 243 1 
490 243 1 
490 243 1 
490 243 1 
490 243 1 
490 243 1 
490 252 1 
490 256 1 
490 258 1 
490 262 1 
490 264 1 
490 265 1 
490 267 1 
490 270 1 
490 272 3 
490 272 1 
490 273 1 
490 274 1 
490 275 1 
490 278 1 
490 279 1 
490 282 1 
490 283 1 
490 285 1 
490 286 1 
490 289 1 
490 291 1 
490 293 1 
490 295 1 
490 297 1 
490 299 1 
490 300 1 
490 302 1 
490 303 1 
490 304 1 
490 305 1 
490 306 1 
490 307 1 
490 307 1 
490 308 1 
490 309 1 
490 310 3 
490 310 1 
490 310 3 
490 310 1 
490 310 1 
490 310 1 
490 310 1 
490 310 1 
490 310 1 
490 310 1 
490 311 1 
490 312 1 
490 312 1 
490 312 1 
490 313 1 
490 313 1 
490 313 1 
490 313 1 
490 313 1 
490 314 1 
490 315 1 
490 316 1 
490 317 1 
490 318 1 
490 319 1 
490 320 1 
490 321 1 
490 322 1 
490 323 1 
490 324 1 
490 325 1 
490 326 1 
490 327 1 
490 328 1 
490 330 1 
490 331 1 
490 332 1 
490 332 1 
490 332 1 
490 332 1 
490 332 1 
490 332 1 
490 332 1 
490 332 1 
490 332 1 
490 332 1 
490 332 1 
490 332 1 
490 332 1 
490 332 1 
490 333 1 
490 334 1 
490 335 1 
490 336 1 
490 337 1 
490 338 1 
490 339 1 
490 340 1 
490 341 1 
490 342 1 
490 343 1 
490 345 1 
490 346 1 
490 348 1 
490 350 1 
490 351 1 
490 352 1 
490 353 1 
490 354 1 
490 355 1 
490 356 1 
491 227 1 
492 299 1 
493 1 1 
493 1 2 
493 1 2 
493 1 2 
493 1 2 
493 1 2 
493 3 1 
493 3 1 
493 3 1 
493 3 1 
493 4 1 
493 5 1 
493 5 1 
493 5 1 
493 7 1 
493 7 1 
493 7 1 
493 7 1 
493 7 1 
493 10 2 
493 10 2 
493 10 2 
493 20 1 
493 20 1 
493 22 1 
493 24 1 
493 24 1 
493 25 1 
493 25 1 
493 25 1 
493 25 1 
493 25 1 
493 28 1 
493 28 1 
493 28 1 
493 28 1 
493 28 1 
493 28 1 
493 28 1 
493 30 1 
493 30 1 
493 30 1 
493 30 1 
493 30 1 
493 30 1 
493 32 1 
493 32 1 
493 45 1 
493 54 1 
493 61 2 
493 61 2 
493 61 1 
493 61 2 
493 61 2 
493 61 2 
493 70 1 
493 70 1 
493 70 1 
493 83 1 
493 83 1 
493 83 1 
493 83 1 
493 83 1 
493 83 1 
493 83 1 
493 85 2 
493 85 2 
493 85 2 
493 86 2 
493 91 2 
493 91 2 
493 109 1 
493 109 1 
493 109 1 
493 109 1 
493 109 1 
493 121 1 
493 121 1 
493 121 1 
493 121 1 
493 121 1 
493 121 1 
493 124 1 
493 124 1 
493 139 1 
493 139 1 
493 164 1 
493 164 1 
493 164 1 
493 166 1 
493 188 1 
493 208 1 
493 208 1 
493 212 1 
493 228 1 
493 229 1 
493 230 1 
493 234 1 
493 234 1 
493 238 1 
493 238 1 
493 243 1 
493 243 1 
493 256 1 
493 256 1 
493 258 1 
493 258 1 
493 264 1 
493 264 1 
493 270 1 
493 272 1 
493 272 1 
493 273 1 
493 273 1 
493 275 1 
493 275 1 
493 279 1 
493 279 1 
493 282 1 
493 282 1 
493 283 1 
493 283 1 
493 285 1 
493 285 1 
493 289 1 
493 289 1 
493 291 1 
493 291 1 
493 293 1 
493 293 1 
493 299 1 
493 299 1 
493 299 1 
493 304 1 
493 304 1 
493 305 1 
493 305 1 
493 306 1 
493 306 1 
493 307 1 
493 307 1 
493 308 1 
493 308 1 
493 309 1 
493 309 1 
493 309 1 
493 310 1 
493 310 1 
493 311 1 
493 311 1 
493 312 1 
493 312 1 
493 313 1 
493 313 1 
493 314 1 
493 314 1 
493 315 1 
493 315 1 
493 316 1 
493 316 1 
493 317 1 
493 317 1 
493 318 1 
493 318 1 
493 319 1 
493 319 1 
493 320 1 
493 320 1 
493 321 1 
493 321 1 
493 322 1 
493 322 1 
493 323 1 
493 323 1 
493 324 1 
493 324 1 
493 325 1 
493 325 1 
493 327 1 
493 327 1 
493 328 1 
493 328 1 
493 330 1 
493 330 1 
493 330 1 
493 330 1 
493 330 1 
493 331 1 
493 331 1 
493 332 1 
493 332 1 
493 333 1 
493 333 1 
493 333 1 
493 333 1 
493 333 1 
493 334 1 
493 334 1 
493 335 1 
493 335 1 
493 336 1 
493 336 1 
493 336 1 
493 336 1 
493 336 1 
493 336 1 
493 336 1 
493 336 1 
493 336 1 
493 336 1 
493 336 1 
493 336 1 
493 336 1 
493 336 1 
493 336 1 
493 336 1 
493 336 1 
493 336 1 
493 336 1 
493 336 1 
493 336 1 
493 336 1 
493 336 1 
493 336 1 
493 336 1 
493 336 1 
493 336 1 
493 336 1 
493 336 1 
493 336 1 
493 336 1 
493 337 1 
493 337 1 
493 338 1 
493 338 1 
493 339 1 
493 339 1 
493 340 1 
493 340 1 
493 340 1 
493 340 1 
493 340 1 
493 340 1 
493 340 1 
493 341 1 
493 341 1 
493 341 1 
493 341 1 
493 341 1 
493 342 1 
493 342 1 
493 343 1 
493 343 1 
493 343 1 
493 343 1 
493 343 1 
493 345 1 
493 345 1 
493 345 1 
493 345 1 
493 345 1 
493 350 1 
493 350 1 
493 350 1 
493 351 1 
493 351 1 
493 352 1 
493 352 1 
493 353 1 
493 353 1 
493 353 1 
493 353 1 
493 353 1 
493 354 1 
493 354 1 
493 354 1 
493 354 1 
493 354 1 
493 354 1 
493 355 1 
493 355 1 
493 355 1 
493 355 1 
493 355 1 
493 356 1 
493 356 1 
493 356 1 
493 356 1 
493 356 1 
494 1 1 
494 61 1 
494 113 1 
494 113 1 
494 113 1 
494 113 1 
494 113 1 
494 113 1 
494 128 1 
494 128 1 
494 128 1 
494 128 1 
494 128 1 
494 128 1 
494 128 1 
494 173 1 
494 243 1 
494 282 1 
494 282 1 
494 285 1 
494 288 1 
494 291 1 
494 307 1 
494 307 1 
494 307 1 
494 307 1 
494 307 1 
494 309 1 
494 311 1 
494 311 1 
494 322 1 
494 323 3 
494 331 1 
494 331 1 
494 340 1 
494 350 1 
494 350 1 
494 350 1 
494 350 1 
494 352 1 
494 352 1 
494 352 1 
494 355 1 
495 13 1 
495 283 1 
495 285 1 
495 354 1 
496 103 1 
496 327 3 
497 299 1 
498 170 1 
499 113 1 
500 8 1 
500 116 3 
500 350 1 
500 350 1 
500 350 1 
500 350 1 
500 350 1 
500 350 1 
501 354 1 
502 128 1 
503 306 1 
503 306 1 
503 306 1 
503 306 1 
504 283 1 
505 124 1 
506 11 1 
507 124 1 
507 124 1 
508 124 1 
508 291 1 
508 299 1 
509 217 1 
509 217 1 
509 217 1 
509 282 1 
509 352 1 
510 38 1 
511 217 1 
511 288 1 
512 124 1 
512 350 1 
512 350 1 
513 219 1 
514 350 1 
515 8 1 
516 339 1 
517 3 1 
517 28 1 
518 103 1 
518 113 1 
518 113 1 
518 124 1 
518 124 1 
518 128 1 
518 260 1 
518 269 1 
518 283 1 
518 287 1 
518 288 1 
518 335 1 
518 338 1 
518 338 1 
518 338 1 
518 338 1 
518 338 1 
518 338 1 
518 338 1 
518 339 1 
518 350 1 
518 350 1 
518 352 1 
519 124 1 
520 98 1 
521 28 1 
522 1 2 
522 10 2 
522 25 1 
522 25 1 
522 28 1 
522 61 2 
522 85 2 
522 113 1 
522 113 1 
522 166 1 
522 330 1 
522 330 1 
522 333 1 
522 333 1 
522 341 1 
522 341 1 
522 343 1 
522 343 1 
522 345 1 
522 345 1 
522 353 1 
522 353 1 
522 354 1 
522 354 1 
522 355 1 
522 355 1 
522 356 1 
522 356 1 
523 299 1 
524 299 1 
525 124 1 
525 350 1 
525 350 1 
526 113 1 
527 8 1 
527 8 1 
527 231 1 
527 231 1 
528 28 1 
529 113 1 
530 8 1 
531 9 1 
531 44 1 
531 44 1 
531 80 1 
531 82 1 
531 86 1 
531 350 1 
531 350 1 
531 350 1 
532 128 1 
533 44 1 
533 173 1 
533 336 1 
534 299 1 
535 58 1 
536 121 1 
537 285 1 
537 289 1 
537 305 1 
538 103 1 
538 217 1 
538 311 1 
539 54 1 
539 70 1 
540 299 1 
540 350 1 
541 336 1 
542 199 1 
543 113 1 
543 113 1 
543 299 1 
543 332 1 
543 332 1 
543 340 1 
543 350 1 
543 350 1 
543 350 1 
543 350 1 
544 207 1 
545 16 1 
545 16 1 
546 299 1 
547 335 1 
547 338 1 
547 338 1 
548 12 1 
548 18 1 
548 21 1 
548 21 1 
548 27 1 
548 27 1 
548 27 1 
548 27 1 
548 27 1 
548 95 1 
548 95 1 
548 96 1 
548 98 1 
548 100 1 
548 102 1 
548 115 1 
548 117 1 
548 118 1 
548 139 1 
548 152 1 
548 153 1 
548 154 1 
548 155 1 
548 157 1 
548 160 1 
548 161 1 
548 163 1 
548 164 1 
548 166 1 
548 169 1 
548 170 1 
548 171 1 
548 172 1 
548 173 1 
548 176 1 
548 178 1 
548 179 1 
548 180 1 
548 181 1 
548 182 1 
548 183 1 
548 184 1 
548 188 1 
548 189 1 
548 190 1 
548 191 1 
548 194 1 
548 197 1 
548 198 1 
548 199 1 
548 200 1 
548 201 1 
548 202 1 
548 203 1 
548 204 1 
548 205 1 
548 206 1 
548 209 1 
548 210 1 
548 213 1 
548 216 1 
548 217 1 
548 218 1 
548 219 1 
548 220 1 
548 221 1 
548 222 1 
548 223 1 
548 224 1 
548 225 1 
548 226 1 
548 227 1 
548 232 1 
548 233 1 
548 235 1 
548 236 1 
548 245 1 
548 246 1 
548 247 1 
548 248 1 
548 249 1 
548 250 1 
548 252 1 
548 262 1 
548 267 1 
548 274 1 
548 278 1 
548 286 1 
548 294 1 
548 295 1 
548 297 1 
548 300 1 
548 302 1 
548 326 1 
548 346 1 
548 348 1 
549 113 1 
549 113 1 
549 113 1 
550 113 1 
551 113 1 
551 113 1 
551 139 1 
551 139 1 
551 139 1 
551 160 1 
551 160 1 
551 166 1 
551 284 1 
551 309 1 
552 7 1 
552 305 1 
553 299 1 
553 308 1 
553 338 1 
553 340 1 
553 340 1 
554 185 1 
555 207 1 
556 54 1 
556 54 1 
556 54 1 
557 218 1 
557 290 2 
557 298 1 
558 307 1 
559 185 1 
560 91 2 
561 350 1 
562 113 1 
562 113 1 
562 113 1 
563 4 1 
563 247 3 
563 247 3 
563 247 2 
564 299 1 
564 338 1 
564 350 1 
565 124 1 
566 124 1 
566 124 1 
566 124 1 
566 124 1 
566 124 1 
566 124 1 
566 124 1 
566 124 1 
566 124 1 
566 124 1 
567 299 1 
568 283 1 
569 285 1 
570 124 1 
571 54 1 
571 128 1 
571 293 1 
571 299 1 
571 350 1 
572 5 1 
572 8 2 
572 113 1 
572 113 1 
572 113 1 
572 113 1 
572 124 1 
572 124 1 
572 124 1 
572 128 1 
572 337 1 
572 338 1 
572 338 1 
573 299 1 
573 299 1 
573 308 1 
573 350 1 
574 38 1 
575 103 1 
575 299 1 
575 299 1 
576 124 1 
577 28 1 
577 28 1 
578 17 1 
579 350 1 
580 113 1 
580 113 1 
580 113 1 
580 113 1 
580 113 1 
580 113 1 
581 284 1 
582 21 1 
582 21 1 
582 95 1 
582 95 1 
583 5 1 
583 350 1 
584 350 1 
585 211 1 
585 211 1 
586 58 1 
586 113 1 
587 28 1 
587 44 1 
587 44 1 
587 67 1 
588 321 1 
588 321 1 
589 128 1 
590 128 1 
590 217 1 
591 9 1 
591 80 1 
591 82 1 
591 86 1 
591 89 1 
592 202 3 
592 265 1 
592 308 1 
592 313 1 
592 332 1 
592 332 1 
592 332 1 
592 332 1 
592 352 1 
593 110 2 
593 110 2 
593 110 2 
593 251 1 
593 280 1 
594 350 1 
595 350 1 
596 44 1 
596 44 1 
597 340 1 
598 306 1 
599 8 1 
599 173 1 
599 173 1 
599 173 1 
599 243 1 
599 331 1 
600 48 1 
601 5 1 
601 68 3 
601 350 1 
602 113 1 
603 243 1 
604 3 1 
604 3 1 
604 5 1 
604 7 1 
604 7 1 
604 7 1 
604 28 1 
604 28 1 
604 28 1 
604 28 1 
604 113 1 
604 113 1 
604 113 1 
604 166 1 
604 223 2 
604 223 3 
604 223 3 
604 228 1 
604 290 1 
604 294 1 
604 307 1 
604 307 1 
604 307 1 
604 307 1 
604 307 1 
604 307 1 
604 307 1 
604 354 1 
605 199 1 
606 244 1 
606 293 1 
606 299 1 
606 350 1 
607 8 1 
608 3 1 
608 4 1 
608 5 1 
608 7 1 
608 22 1 
608 22 1 
608 22 1 
608 22 1 
608 24 1 
608 24 1 
608 28 1 
608 28 1 
608 83 1 
608 83 1 
608 109 1 
608 109 1 
608 112 1 
608 113 1 
608 113 1 
608 113 1 
608 113 1 
608 139 1 
608 139 1 
608 166 1 
608 166 1 
608 166 1 
608 189 1 
608 212 1 
608 222 1 
608 231 1 
608 256 1 
608 256 1 
608 258 1 
608 259 1 
608 259 1 
608 261 1 
608 264 1 
608 272 1 
608 273 1 
608 275 1 
608 279 1 
608 282 1 
608 283 1 
608 285 1 
608 289 1 
608 291 1 
608 293 1 
608 298 1 
608 299 1 
608 302 1 
608 304 1 
608 305 1 
608 306 1 
608 307 1 
608 308 1 
608 309 1 
608 310 1 
608 311 1 
608 312 1 
608 313 1 
608 314 1 
608 315 1 
608 316 1 
608 317 1 
608 317 3 
608 318 1 
608 319 1 
608 320 1 
608 321 1 
608 322 1 
608 323 1 
608 324 1 
608 325 1 
608 327 1 
608 328 1 
608 331 1 
608 332 1 
608 334 1 
608 335 1 
608 336 1 
608 337 1 
608 338 1 
608 339 1 
608 340 1 
608 342 1 
608 350 1 
608 351 1 
608 352 1 
608 355 1 
608 355 1 
608 355 1 
608 355 1 
609 44 1 
610 113 1 
611 28 1 
612 14 1 
612 14 1 
612 16 1 
612 16 1 
612 17 1 
612 17 1 
612 19 1 
612 19 1 
612 41 1 
612 41 1 
612 42 3 
612 83 1 
612 83 1 
612 104 1 
612 104 1 
612 106 1 
612 106 1 
612 107 1 
612 107 1 
612 108 1 
612 108 1 
612 109 1 
612 109 1 
612 111 1 
612 111 1 
612 112 1 
612 112 1 
612 113 1 
612 113 1 
612 114 1 
612 114 1 
612 116 1 
612 116 1 
612 119 1 
612 119 1 
612 120 1 
612 120 1 
612 121 1 
612 121 1 
612 122 1 
612 122 1 
612 123 1 
612 123 1 
612 125 1 
612 125 1 
612 126 1 
612 126 1 
612 127 1 
612 127 1 
612 128 1 
612 128 1 
612 129 1 
612 129 1 
612 130 1 
612 130 1 
612 131 1 
612 131 1 
612 132 1 
612 132 1 
612 134 1 
612 134 1 
612 135 1 
612 135 1 
612 138 1 
612 138 1 
612 140 1 
612 140 1 
612 142 1 
612 142 1 
612 143 1 
612 143 1 
612 144 1 
612 144 1 
612 145 1 
612 145 1 
612 146 1 
612 146 1 
612 147 1 
612 147 1 
612 148 1 
612 148 1 
612 149 1 
612 149 1 
612 150 1 
612 150 1 
612 151 1 
612 151 1 
612 156 1 
612 156 1 
612 158 1 
612 158 1 
612 159 1 
612 159 1 
612 162 1 
612 162 1 
612 165 1 
612 165 1 
612 167 1 
612 167 1 
612 168 1 
612 168 1 
612 174 1 
612 174 1 
612 175 1 
612 175 1 
612 177 1 
612 177 1 
612 187 1 
612 187 1 
612 192 1 
612 192 1 
612 193 1 
612 193 1 
612 195 1 
612 195 1 
612 196 1 
612 196 1 
612 207 1 
612 207 1 
612 211 1 
612 211 1 
612 212 1 
612 212 1 
612 239 1 
612 239 1 
612 259 1 
612 277 1 
612 277 1 
612 301 1 
612 301 1 
612 305 1 
612 349 1 
612 349 1 
613 16 1 
613 17 1 
613 19 1 
613 132 1 
613 135 1 
613 138 1 
613 142 1 
613 143 1 
613 144 1 
613 146 1 
613 151 1 
613 156 1 
613 167 1 
613 192 1 
613 196 1 
613 207 1 
613 212 1 
614 305 1 
615 7 1 
615 54 1 
615 54 1 
615 54 1 
615 124 1 
615 299 1 
615 299 1 
615 350 1 
616 299 1 
617 14 1 
618 113 1 
618 113 1 
618 113 1 
618 113 1 
618 340 1 
618 340 1 
618 350 1 
618 350 1 
619 228 1 
619 228 1 
619 228 1 
619 249 3 
619 249 2 
620 21 1 
620 21 1 
620 21 1 
620 21 1 
620 21 1 
620 95 1 
620 95 1 
620 95 1 
620 95 1 
620 95 1 
621 173 1 
621 176 1 
621 176 1 
622 263 1 
623 350 1 
624 5 1 
624 28 1 
624 112 1 
624 113 1 
624 113 1 
624 113 1 
624 128 1 
624 128 1 
624 128 1 
624 128 1 
624 128 1 
624 128 1 
624 128 1 
624 128 1 
624 128 1 
624 139 1 
624 160 1 
624 166 1 
624 173 1 
624 228 1 
624 243 1 
624 251 1 
624 260 1 
624 269 1 
624 279 1 
624 282 1 
624 299 1 
624 307 1 
624 329 1 
624 331 1 
624 352 1 
624 352 1 
624 355 1 
624 355 1 
625 22 1 
625 30 1 
625 30 1 
625 30 1 
625 128 1 
625 299 1 
625 319 3 
626 124 1 
627 336 1 
628 1 3 
628 1 2 
628 1 2 
628 1 2 
628 1 2 
628 1 2 
628 1 2 
628 1 2 
628 1 2 
628 1 2 
628 1 2 
628 3 1 
628 3 1 
628 3 1 
628 3 1 
628 3 1 
628 3 1 
628 3 1 
628 3 1 
628 3 1 
628 3 1 
628 3 1 
628 3 1 
628 3 1 
628 3 1 
628 3 1 
628 3 1 
628 3 1 
628 3 1 
628 3 3 
628 3 1 
628 3 1 
628 3 1 
628 3 1 
628 3 1 
628 4 1 
628 4 1 
628 4 1 
628 4 1 
628 4 1 
628 4 1 
628 4 1 
628 4 1 
628 4 1 
628 4 3 
628 4 1 
628 4 1 
628 4 1 
628 5 1 
628 5 1 
628 5 3 
628 7 1 
628 7 1 
628 7 1 
628 7 1 
628 7 1 
628 7 1 
628 7 1 
628 7 1 
628 7 1 
628 7 1 
628 7 1 
628 7 1 
628 7 1 
628 7 3 
628 7 1 
628 7 1 
628 7 1 
628 7 1 
628 7 1 
628 7 1 
628 7 1 
628 7 1 
628 8 2 
628 8 2 
628 8 1 
628 8 2 
628 10 2 
628 10 2 
628 10 2 
628 10 2 
628 10 2 
628 10 2 
628 10 2 
628 10 3 
628 11 1 
628 11 1 
628 11 1 
628 11 3 
628 11 3 
628 11 1 
628 11 1 
628 12 2 
628 12 3 
628 12 3 
628 12 1 
628 13 1 
628 13 1 
628 13 1 
628 13 3 
628 14 3 
628 14 1 
628 14 2 
628 15 3 
628 16 1 
628 16 3 
628 17 1 
628 17 1 
628 17 1 
628 17 1 
628 17 3 
628 18 1 
628 18 1 
628 18 2 
628 18 3 
628 18 1 
628 19 1 
628 19 1 
628 19 3 
628 20 3 
628 21 1 
628 21 3 
628 22 1 
628 22 1 
628 22 1 
628 22 1 
628 22 3 
628 23 3 
628 24 3 
628 24 1 
628 24 1 
628 25 3 
628 25 1 
628 27 3 
628 27 1 
628 28 1 
628 28 1 
628 28 1 
628 28 1 
628 28 1 
628 28 1 
628 28 1 
628 28 1 
628 28 1 
628 28 1 
628 28 1 
628 28 1 
628 28 1 
628 28 1 
628 28 3 
628 28 1 
628 28 1 
628 28 1 
628 28 1 
628 28 1 
628 28 1 
628 28 1 
628 30 3 
628 32 1 
628 32 1 
628 32 1 
628 32 1 
628 32 3 
628 34 3 
628 35 3 
628 35 1 
628 35 1 
628 38 2 
628 38 1 
628 38 3 
628 43 1 
628 43 3 
628 45 1 
628 45 1 
628 45 3 
628 48 1 
628 48 3 
628 48 1 
628 48 1 
628 48 1 
628 48 1 
628 51 3 
628 54 1 
628 54 1 
628 54 3 
628 57 3 
628 58 3 
628 61 2 
628 61 2 
628 61 3 
628 61 2 
628 61 2 
628 61 2 
628 61 2 
628 61 2 
628 61 2 
628 61 2 
628 61 2 
628 67 3 
628 70 1 
628 70 3 
628 73 3 
628 74 3 
628 75 1 
628 75 3 
628 77 3 
628 79 3 
628 81 3 
628 83 1 
628 83 1 
628 83 1 
628 83 1 
628 83 1 
628 83 1 
628 83 1 
628 83 3 
628 83 1 
628 83 1 
628 83 1 
628 84 3 
628 85 2 
628 85 2 
628 85 2 
628 85 2 
628 85 2 
628 85 2 
628 85 3 
628 85 2 
628 86 2 
628 87 3 
628 87 1 
628 88 1 
628 88 3 
628 89 3 
628 89 1 
628 89 1 
628 90 1 
628 90 1 
628 90 3 
628 91 2 
628 91 2 
628 91 2 
628 91 3 
628 92 3 
628 92 1 
628 92 3 
628 92 2 
628 92 1 
628 93 2 
628 93 2 
628 93 2 
628 93 2 
628 93 2 
628 93 2 
628 93 2 
628 93 2 
628 93 3 
628 94 1 
628 94 1 
628 94 1 
628 94 3 
628 95 3 
628 95 1 
628 96 1 
628 97 2 
628 98 1 
628 99 3 
628 99 1 
628 100 3 
628 100 1 
628 102 3 
628 102 1 
628 103 2 
628 103 1 
628 103 2 
628 103 1 
628 103 1 
628 103 3 
628 103 1 
628 103 1 
628 103 1 
628 103 3 
628 103 2 
628 103 1 
628 104 3 
628 104 2 
628 106 3 
628 106 2 
628 107 2 
628 107 3 
628 108 2 
628 108 3 
628 109 2 
628 109 3 
628 109 1 
628 109 1 
628 110 2 
628 110 2 
628 110 2 
628 110 3 
628 111 2 
628 111 3 
628 112 3 
628 112 2 
628 113 1 
628 113 1 
628 113 1 
628 113 1 
628 113 1 
628 113 1 
628 113 1 
628 113 1 
628 113 1 
628 113 1 
628 113 1 
628 113 1 
628 113 1 
628 113 1 
628 113 1 
628 113 1 
628 113 1 
628 113 1 
628 113 1 
628 113 1 
628 113 1 
628 113 1 
628 113 1 
628 113 1 
628 113 1 
628 113 1 
628 113 1 
628 113 1 
628 113 1 
628 113 1 
628 113 1 
628 113 1 
628 113 1 
628 113 1 
628 113 1 
628 113 1 
628 113 1 
628 113 1 
628 113 1 
628 113 1 
628 113 1 
628 113 1 
628 113 1 
628 113 1 
628 113 1 
628 113 1 
628 113 1 
628 113 1 
628 113 1 
628 113 1 
628 113 1 
628 113 1 
628 113 1 
628 113 1 
628 113 1 
628 113 1 
628 113 1 
628 113 1 
628 113 1 
628 113 1 
628 113 1 
628 113 2 
628 113 1 
628 113 1 
628 113 1 
628 113 1 
628 113 1 
628 113 1 
628 113 1 
628 113 2 
628 113 1 
628 113 1 
628 113 1 
628 113 1 
628 113 1 
628 113 1 
628 113 2 
628 113 1 
628 113 1 
628 113 1 
628 113 2 
628 113 3 
628 113 1 
628 113 1 
628 113 1 
628 113 1 
628 113 1 
628 113 1 
628 113 1 
628 113 1 
628 113 1 
628 113 1 
628 113 1 
628 113 1 
628 113 1 
628 113 1 
628 113 1 
628 113 1 
628 113 1 
628 113 1 
628 113 1 
628 113 1 
628 113 1 
628 113 1 
628 113 1 
628 113 1 
628 113 1 
628 113 1 
628 113 1 
628 113 1 
628 113 1 
628 113 1 
628 113 1 
628 113 1 
628 113 1 
628 113 1 
628 113 1 
628 113 1 
628 113 1 
628 113 1 
628 113 1 
628 113 1 
628 113 1 
628 113 1 
628 113 1 
628 113 1 
628 113 1 
628 113 1 
628 113 1 
628 113 1 
628 113 1 
628 113 1 
628 113 1 
628 113 1 
628 113 1 
628 113 1 
628 114 2 
628 114 3 
628 115 1 
628 115 3 
628 116 3 
628 116 2 
628 117 1 
628 117 3 
628 118 3 
628 118 1 
628 119 3 
628 119 2 
628 120 3 
628 120 2 
628 121 1 
628 121 1 
628 121 2 
628 121 3 
628 121 1 
628 121 1 
628 121 1 
628 121 1 
628 121 1 
628 121 1 
628 122 3 
628 122 2 
628 123 3 
628 123 2 
628 124 1 
628 124 1 
628 124 3 
628 125 2 
628 125 3 
628 126 2 
628 126 3 
628 127 3 
628 127 2 
628 128 2 
628 128 2 
628 128 1 
628 128 1 
628 128 1 
628 128 2 
628 128 1 
628 128 1 
628 128 1 
628 128 2 
628 128 3 
628 129 3 
628 129 2 
628 130 3 
628 130 2 
628 131 2 
628 131 3 
628 132 1 
628 132 3 
628 133 3 
628 133 1 
628 134 3 
628 134 2 
628 135 3 
628 135 1 
628 136 1 
628 136 3 
628 137 1 
628 137 3 
628 137 1 
628 137 1 
628 138 3 
628 138 1 
628 139 1 
628 139 3 
628 139 2 
628 139 1 
628 140 2 
628 140 3 
628 141 3 
628 142 1 
628 142 3 
628 143 1 
628 143 3 
628 144 1 
628 144 3 
628 145 3 
628 145 2 
628 146 3 
628 146 1 
628 147 3 
628 147 2 
628 148 3 
628 148 2 
628 149 3 
628 149 2 
628 150 2 
628 150 3 
628 151 3 
628 151 1 
628 152 2 
628 152 1 
628 152 3 
628 153 3 
628 153 1 
628 153 2 
628 154 1 
628 154 2 
628 154 3 
628 155 2 
628 155 1 
628 155 3 
628 156 1 
628 156 3 
628 157 2 
628 157 3 
628 157 1 
628 158 3 
628 158 2 
628 159 3 
628 159 2 
628 160 2 
628 160 3 
628 160 1 
628 161 2 
628 161 1 
628 161 3 
628 162 2 
628 162 3 
628 163 1 
628 164 3 
628 164 2 
628 164 1 
628 165 2 
628 165 3 
628 166 1 
628 166 1 
628 166 2 
628 166 1 
628 166 3 
628 167 1 
628 167 3 
628 168 2 
628 168 3 
628 169 3 
628 169 1 
628 169 2 
628 170 3 
628 170 2 
628 170 1 
628 171 1 
628 171 2 
628 171 3 
628 172 2 
628 172 1 
628 172 3 
628 173 2 
628 173 1 
628 173 1 
628 173 3 
628 173 1 
628 173 1 
628 173 1 
628 174 2 
628 174 3 
628 175 2 
628 175 3 
628 176 3 
628 176 2 
628 176 1 
628 177 3 
628 177 2 
628 178 3 
628 178 2 
628 178 1 
628 179 3 
628 179 2 
628 179 1 
628 180 3 
628 180 2 
628 180 1 
628 181 3 
628 181 1 
628 181 2 
628 182 3 
628 182 2 
628 182 1 
628 183 3 
628 183 2 
628 183 1 
628 184 2 
628 184 1 
628 184 3 
628 186 1 
628 186 3 
628 187 2 
628 187 3 
628 188 3 
628 188 2 
628 188 1 
628 189 1 
628 189 2 
628 189 1 
628 189 3 
628 189 1 
628 189 1 
628 190 1 
628 190 1 
628 190 2 
628 190 1 
628 190 3 
628 191 1 
628 192 1 
628 192 3 
628 193 2 
628 193 3 
628 194 1 
628 195 2 
628 195 3 
628 196 3 
628 196 1 
628 197 1 
628 198 3 
628 198 1 
628 198 2 
628 199 1 
628 199 3 
628 199 2 
628 200 1 
628 200 2 
628 200 3 
628 201 1 
628 201 2 
628 201 3 
628 202 3 
628 202 1 
628 203 1 
628 203 3 
628 203 2 
628 204 2 
628 204 1 
628 204 3 
628 204 1 
628 205 1 
628 206 1 
628 206 3 
628 207 1 
628 207 3 
628 207 1 
628 208 3 
628 209 1 
628 209 3 
628 209 2 
628 209 3 
628 210 1 
628 211 2 
628 211 3 
628 212 1 
628 212 1 
628 212 3 
628 213 1 
628 213 2 
628 213 3 
628 214 1 
628 214 3 
628 216 2 
628 216 3 
628 216 1 
628 217 3 
628 217 2 
628 217 1 
628 218 3 
628 218 1 
628 218 3 
628 218 1 
628 218 2 
628 218 1 
628 219 1 
628 220 3 
628 220 1 
628 221 1 
628 222 1 
628 223 1 
628 224 2 
628 224 3 
628 224 3 
628 224 1 
628 225 1 
628 226 1 
628 227 2 
628 227 1 
628 227 3 
628 228 1 
628 228 1 
628 228 1 
628 232 1 
628 233 1 
628 234 1 
628 234 1 
628 234 1 
628 235 3 
628 235 2 
628 235 1 
628 236 1 
628 236 3 
628 236 2 
628 237 3 
628 237 1 
628 238 1 
628 238 3 
628 238 1 
628 238 1 
628 239 2 
628 239 3 
628 240 1 
628 240 3 
628 241 3 
628 241 1 
628 242 1 
628 242 3 
628 244 1 
628 244 1 
628 245 3 
628 245 2 
628 245 3 
628 245 1 
628 246 1 
628 246 3 
628 246 3 
628 246 2 
628 247 2 
628 247 3 
628 247 1 
628 248 1 
628 248 2 
628 248 3 
628 248 3 
628 249 1 
628 249 3 
628 249 2 
628 250 3 
628 250 2 
628 250 3 
628 250 1 
628 252 1 
628 252 2 
628 252 3 
628 253 1 
628 255 1 
628 255 1 
628 255 3 
628 255 3 
628 256 3 
628 256 1 
628 256 1 
628 257 3 
628 258 1 
628 258 1 
628 258 3 
628 259 1 
628 259 1 
628 259 1 
628 259 3 
628 259 1 
628 259 1 
628 259 1 
628 260 3 
628 260 1 
628 261 3 
628 262 1 
628 262 2 
628 262 3 
628 263 3 
628 264 1 
628 264 1 
628 264 3 
628 265 1 
628 265 3 
628 267 1 
628 267 3 
628 267 2 
628 268 3 
628 268 1 
628 269 1 
628 269 3 
628 270 3 
628 271 3 
628 272 1 
628 272 1 
628 273 1 
628 273 1 
628 274 2 
628 274 3 
628 274 1 
628 275 1 
628 275 1 
628 275 1 
628 276 3 
628 276 1 
628 277 2 
628 277 3 
628 278 1 
628 278 3 
628 278 2 
628 279 1 
628 279 1 
628 280 3 
628 280 1 
628 281 1 
628 281 1 
628 281 1 
628 281 1 
628 281 1 
628 281 1 
628 281 1 
628 281 1 
628 281 1 
628 281 1 
628 281 1 
628 281 1 
628 281 3 
628 281 3 
628 282 1 
628 282 1 
628 283 1 
628 283 1 
628 284 3 
628 285 1 
628 285 1 
628 285 1 
628 286 2 
628 286 3 
628 286 1 
628 287 3 
628 287 1 
628 287 1 
628 288 3 
628 289 1 
628 289 1 
628 290 3 
628 291 1 
628 291 1 
628 292 3 
628 293 1 
628 293 1 
628 294 1 
628 294 1 
628 295 2 
628 295 1 
628 295 3 
628 296 3 
628 297 1 
628 297 2 
628 297 3 
628 298 1 
628 298 1 
628 298 3 
628 299 1 
628 299 1 
628 299 1 
628 299 1 
628 299 1 
628 299 1 
628 299 1 
628 299 1 
628 299 1 
628 299 1 
628 299 1 
628 299 1 
628 299 1 
628 299 1 
628 299 1 
628 299 1 
628 299 1 
628 299 1 
628 299 1 
628 299 1 
628 299 1 
628 299 1 
628 299 1 
628 299 1 
628 299 1 
628 300 3 
628 300 2 
628 300 1 
628 301 3 
628 301 2 
628 302 1 
628 302 1 
628 302 1 
628 302 3 
628 302 1 
628 302 2 
628 302 1 
628 302 1 
628 302 1 
628 303 1 
628 303 2 
628 303 3 
628 303 3 
628 303 1 
628 304 1 
628 304 1 
628 305 1 
628 305 1 
628 305 1 
628 305 1 
628 305 1 
628 305 1 
628 305 1 
628 305 1 
628 305 1 
628 305 1 
628 305 1 
628 306 1 
628 306 1 
628 306 1 
628 306 1 
628 307 1 
628 307 1 
628 307 1 
628 307 1 
628 308 1 
628 308 1 
628 308 1 
628 309 1 
628 309 1 
628 310 1 
628 310 1 
628 310 1 
628 311 1 
628 311 1 
628 312 1 
628 312 1 
628 313 1 
628 313 1 
628 313 1 
628 314 1 
628 314 1 
628 315 1 
628 315 1 
628 316 1 
628 316 1 
628 317 1 
628 317 1 
628 318 1 
628 318 1 
628 319 1 
628 319 1 
628 320 1 
628 320 1 
628 321 1 
628 321 1 
628 321 1 
628 321 1 
628 322 1 
628 322 1 
628 322 1 
628 322 1 
628 322 1 
628 322 1 
628 322 1 
628 323 1 
628 323 1 
628 324 1 
628 324 1 
628 325 1 
628 325 1 
628 326 1 
628 326 2 
628 326 3 
628 327 1 
628 327 1 
628 328 1 
628 328 1 
628 329 1 
628 329 3 
628 329 2 
628 330 1 
628 330 3 
628 331 1 
628 331 1 
628 331 1 
628 332 1 
628 332 1 
628 333 1 
628 333 3 
628 334 1 
628 334 1 
628 335 1 
628 335 1 
628 336 1 
628 336 1 
628 336 1 
628 336 1 
628 336 1 
628 336 1 
628 336 1 
628 336 1 
628 336 1 
628 336 1 
628 336 1 
628 336 1 
628 336 1 
628 336 1 
628 336 1 
628 336 1 
628 336 1 
628 336 1 
628 336 1 
628 336 1 
628 336 1 
628 336 1 
628 336 1 
628 336 1 
628 336 1 
628 336 1 
628 336 1 
628 336 1 
628 336 1 
628 336 1 
628 336 1 
628 336 1 
628 336 1 
628 336 1 
628 336 1 
628 336 1 
628 336 1 
628 337 1 
628 337 1 
628 338 1 
628 338 1 
628 339 1 
628 339 1 
628 340 1 
628 340 1 
628 340 1 
628 340 1 
628 340 1 
628 340 1 
628 340 1 
628 340 1 
628 340 1 
628 340 1 
628 340 1 
628 340 1 
628 340 1 
628 340 1 
628 340 1 
628 340 1 
628 340 1 
628 340 1 
628 340 1 
628 341 3 
628 341 1 
628 342 1 
628 342 1 
628 343 3 
628 343 1 
628 344 2 
628 345 3 
628 345 1 
628 346 2 
628 346 1 
628 346 3 
628 347 3 
628 348 3 
628 348 2 
628 348 1 
628 349 3 
628 349 2 
628 350 1 
628 350 1 
628 351 1 
628 351 1 
628 351 1 
628 352 1 
628 352 1 
628 352 1 
628 353 3 
628 353 1 
628 354 1 
628 354 1 
628 354 3 
628 354 1 
628 354 1 
628 354 1 
628 354 1 
628 354 1 
628 354 1 
628 354 1 
628 354 1 
628 354 1 
628 354 1 
628 354 1 
628 354 1 
628 354 1 
628 355 3 
628 355 1 
628 355 1 
628 355 1 
628 355 1 
628 355 1 
628 355 1 
628 355 1 
628 355 1 
628 355 1 
628 356 1 
628 356 1 
628 356 3 
629 163 1 
630 5 1 
631 299 1 
632 28 1 
632 308 1 
632 308 1 
633 293 1 
633 293 1 
634 332 1 
634 332 1 
634 332 1 
635 336 1 
636 305 3 
636 305 3 
636 305 1 
636 306 1 
637 113 1 
638 305 1 
639 98 1 
639 124 1 
639 321 1 
640 299 1 
640 299 1 
641 113 1 
642 98 1 
642 124 1 
642 321 1 
643 28 1 
644 211 1 
644 211 1 
645 3 1 
645 3 1 
645 3 1 
645 3 1 
645 113 1 
645 113 1 
645 113 1 
645 113 1 
645 113 1 
645 113 1 
645 113 1 
645 113 1 
645 113 1 
645 124 1 
645 124 1 
645 124 1 
645 124 1 
645 124 1 
645 124 1 
645 124 1 
645 124 1 
645 124 1 
645 124 1 
645 128 1 
645 128 1 
645 251 1 
645 283 1 
645 285 1 
645 285 1 
645 299 1 
645 299 1 
645 299 1 
645 299 1 
645 299 1 
645 299 1 
645 299 1 
645 299 1 
645 299 1 
645 299 1 
645 299 1 
645 299 1 
645 299 1 
645 299 1 
645 299 1 
645 305 1 
645 306 1 
645 331 1 
645 340 1 
645 340 1 
645 340 1 
645 342 1 
645 350 1 
645 350 1 
645 350 1 
645 350 1 
645 350 1 
645 350 1 
645 350 1 
645 350 1 
645 350 1 
645 350 1 
645 350 1 
645 350 1 
645 350 1 
645 350 1 
645 350 1 
645 350 1 
645 350 1 
645 350 1 
645 350 1 
645 350 1 
645 350 1 
645 350 1 
645 350 1 
645 350 1 
645 350 1 
645 350 1 
645 350 1 
645 350 1 
645 350 1 
645 350 1 
645 350 1 
645 352 1 
646 1 2 
646 3 1 
646 3 1 
646 7 1 
646 7 1 
646 28 1 
646 32 1 
646 58 1 
646 61 2 
646 83 1 
646 83 1 
646 113 1 
646 113 1 
646 259 1 
646 298 1 
646 308 1 
646 308 1 
646 308 1 
646 321 1 
646 332 1 
646 336 1 
646 336 1 
646 336 1 
646 336 1 
646 336 1 
646 336 1 
646 336 1 
646 336 1 
646 336 1 
646 336 1 
646 336 1 
646 336 1 
646 336 1 
646 336 1 
646 340 3 
646 340 1 
646 340 1 
646 340 1 
646 340 1 
646 340 1 
646 340 1 
646 340 1 
646 340 1 
646 351 3 
646 351 1 
646 351 1 
646 351 3 
646 355 1 
647 4 1 
647 5 1 
647 42 3 
648 113 1 
648 113 1 
648 113 1 
648 124 1 
648 124 1 
648 124 1 
648 124 1 
648 124 1 
648 124 1 
648 289 1 
648 350 1 
648 350 1 
648 354 1 
649 121 1 
649 121 1 
649 121 1 
649 180 1 
649 336 1 
649 336 1 
649 336 1 
649 336 1 
649 336 1 
649 336 1 
650 10 1 
650 11 1 
650 28 1 
650 44 1 
650 83 1 
650 85 1 
650 91 1 
650 93 1 
650 94 1 
650 110 1 
650 110 1 
650 110 1 
650 110 1 
650 110 1 
650 110 1 
650 110 1 
650 110 1 
650 141 1 
650 176 1 
650 213 1 
650 228 1 
650 300 1 
650 308 1 
651 8 1 
651 10 1 
651 11 1 
651 16 1 
651 16 1 
651 16 1 
651 16 1 
651 16 1 
651 17 1 
651 17 1 
651 17 1 
651 17 1 
651 17 1 
651 19 1 
651 19 1 
651 19 1 
651 19 1 
651 19 1 
651 22 1 
651 28 1 
651 28 1 
651 28 1 
651 38 1 
651 38 1 
651 83 1 
651 83 1 
651 85 1 
651 89 1 
651 91 1 
651 93 1 
651 110 1 
651 110 1 
651 110 2 
651 110 1 
651 110 1 
651 110 1 
651 110 1 
651 110 2 
651 110 1 
651 110 1 
651 112 1 
651 128 1 
651 132 1 
651 132 1 
651 132 1 
651 132 1 
651 132 1 
651 135 1 
651 135 1 
651 135 1 
651 135 1 
651 135 1 
651 138 1 
651 138 1 
651 138 1 
651 138 1 
651 138 1 
651 139 1 
651 142 1 
651 142 1 
651 142 1 
651 142 1 
651 142 1 
651 143 1 
651 143 1 
651 143 1 
651 143 1 
651 143 1 
651 144 1 
651 144 1 
651 144 1 
651 144 1 
651 144 1 
651 146 1 
651 146 1 
651 146 1 
651 146 1 
651 146 1 
651 151 1 
651 151 1 
651 151 1 
651 151 1 
651 151 1 
651 156 1 
651 156 1 
651 156 1 
651 156 1 
651 156 1 
651 162 1 
651 166 1 
651 167 1 
651 167 1 
651 167 1 
651 167 1 
651 167 1 
651 173 1 
651 173 1 
651 173 1 
651 173 1 
651 174 1 
651 176 1 
651 180 1 
651 181 1 
651 192 1 
651 192 1 
651 192 1 
651 192 1 
651 192 1 
651 196 1 
651 196 1 
651 196 1 
651 196 1 
651 196 1 
651 207 1 
651 207 1 
651 207 1 
651 207 1 
651 207 1 
651 211 1 
651 212 1 
651 212 1 
651 212 1 
651 212 1 
651 212 1 
651 213 1 
651 229 1 
651 230 1 
651 239 1 
651 239 1 
651 254 1 
651 254 1 
651 286 1 
651 297 1 
651 305 1 
651 321 1 
651 346 1 
651 348 1 
651 350 1 
652 7 1 
652 7 1 
652 10 1 
652 11 1 
652 11 1 
652 11 1 
652 11 1 
652 11 1 
652 14 1 
652 83 1 
652 83 1 
652 85 1 
652 91 1 
652 93 1 
652 94 1 
652 110 1 
652 110 1 
652 110 1 
652 110 2 
652 110 1 
652 110 1 
652 110 1 
652 121 1 
652 124 1 
652 124 1 
652 141 1 
652 173 1 
652 176 1 
652 213 1 
652 252 1 
652 270 1 
652 355 1 
653 7 1 
653 10 1 
653 11 1 
653 12 1 
653 21 1 
653 22 1 
653 28 1 
653 28 1 
653 28 1 
653 83 1 
653 85 1 
653 91 1 
653 93 1 
653 95 1 
653 96 1 
653 98 1 
653 100 1 
653 102 1 
653 110 1 
653 110 1 
653 110 1 
653 110 1 
653 110 2 
653 110 1 
653 110 1 
653 110 1 
653 110 1 
653 115 1 
653 117 1 
653 118 1 
653 121 1 
653 121 1 
653 124 1 
653 124 1 
653 124 1 
653 124 1 
653 163 1 
653 176 1 
653 180 1 
653 191 1 
653 194 1 
653 195 1 
653 197 1 
653 202 1 
653 205 1 
653 206 1 
653 209 1 
653 210 1 
653 213 1 
653 218 1 
653 219 1 
653 220 1 
653 221 1 
653 222 1 
653 223 1 
653 224 1 
653 225 1 
653 226 1 
653 232 1 
653 233 1 
653 245 1 
653 246 1 
653 247 1 
653 248 1 
653 249 1 
653 250 1 
653 294 1 
653 321 1 
653 336 1 
654 10 1 
654 11 1 
654 11 1 
654 11 1 
654 11 1 
654 85 1 
654 91 1 
654 93 1 
654 110 1 
654 110 1 
654 110 1 
654 110 1 
654 110 1 
654 110 1 
654 110 1 
654 113 1 
654 161 1 
654 163 1 
654 166 1 
654 169 1 
654 171 1 
654 176 1 
654 178 1 
654 180 1 
654 181 1 
654 182 1 
654 184 1 
654 188 1 
654 198 1 
654 200 1 
654 201 1 
654 213 1 
654 213 1 
654 235 1 
654 236 1 
654 243 1 
654 252 1 
654 254 1 
654 254 1 
654 254 1 
654 262 1 
654 267 1 
654 274 1 
654 278 1 
654 286 1 
654 295 1 
654 297 1 
654 300 1 
654 308 1 
654 326 1 
654 346 1 
654 348 1 
655 7 1 
655 10 1 
655 11 1 
655 11 1 
655 11 1 
655 11 1 
655 11 1 
655 21 1 
655 28 1 
655 28 1 
655 83 1 
655 83 1 
655 85 1 
655 91 1 
655 93 1 
655 95 1 
655 105 1 
655 110 1 
655 110 1 
655 110 1 
655 110 1 
655 110 1 
655 110 1 
655 176 1 
655 213 1 
655 240 1 
656 10 1 
656 10 1 
656 11 1 
656 11 1 
656 13 1 
656 18 1 
656 21 1 
656 85 1 
656 85 1 
656 87 1 
656 88 1 
656 89 1 
656 90 1 
656 90 1 
656 91 1 
656 91 1 
656 92 1 
656 93 1 
656 93 1 
656 94 1 
656 95 1 
656 103 1 
656 110 1 
656 110 1 
656 110 1 
656 110 2 
656 110 1 
656 110 1 
656 110 1 
656 137 1 
656 139 1 
656 152 1 
656 153 1 
656 154 1 
656 155 1 
656 157 1 
656 160 1 
656 161 1 
656 164 1 
656 166 1 
656 169 1 
656 170 1 
656 171 1 
656 172 1 
656 173 1 
656 176 1 
656 176 1 
656 178 1 
656 179 1 
656 180 1 
656 181 1 
656 182 1 
656 183 1 
656 184 1 
656 188 1 
656 189 1 
656 190 1 
656 198 1 
656 198 1 
656 199 1 
656 200 1 
656 201 1 
656 203 1 
656 204 1 
656 209 1 
656 213 1 
656 213 1 
656 214 1 
656 216 1 
656 217 1 
656 227 1 
656 235 1 
656 236 1 
656 242 1 
656 252 1 
656 254 1 
656 254 1 
656 262 1 
656 267 1 
656 274 1 
656 278 1 
656 286 1 
656 287 1 
656 295 1 
656 297 1 
656 299 1 
656 299 1 
656 300 1 
656 302 1 
656 326 1 
656 346 1 
656 348 1 
657 5 1 
657 10 1 
657 11 1 
657 28 1 
657 28 1 
657 41 1 
657 85 1 
657 91 1 
657 93 1 
657 110 2 
657 110 1 
657 110 1 
657 110 1 
657 110 1 
657 110 1 
657 110 1 
657 110 1 
657 124 1 
657 176 1 
657 213 1 
657 219 1 
657 219 1 
657 254 1 
657 332 1 
658 7 1 
658 11 1 
658 21 1 
658 28 1 
658 83 1 
658 95 1 
658 110 1 
658 110 1 
658 110 1 
658 110 1 
658 110 1 
658 110 1 
658 110 1 
658 110 1 
658 110 1 
658 113 1 
658 113 1 
658 176 1 
658 188 1 
658 213 1 
658 241 1 
658 299 1 
659 21 1 
659 28 1 
659 54 1 
659 95 1 
659 110 1 
659 110 1 
659 110 1 
659 110 2 
659 110 1 
659 110 1 
659 110 1 
659 110 1 
659 110 1 
659 110 2 
659 166 1 
659 176 1 
659 213 1 
659 251 1 
659 268 1 
659 332 1 
660 19 1 
661 1 2 
661 28 1 
661 61 2 
661 97 1 
662 8 1 
662 8 1 
662 8 1 
662 8 1 
662 8 1 
662 8 1 
662 8 1 
662 12 1 
662 14 1 
662 75 1 
662 75 1 
662 98 1 
662 98 1 
662 103 1 
662 103 2 
662 107 1 
662 110 2 
662 110 2 
662 110 2 
662 113 2 
662 210 2 
662 261 1 
662 270 1 
662 327 1 
662 328 1 
662 332 1 
663 1 2 
663 61 2 
664 155 1 
665 164 1 
666 190 2 
667 48 1 
668 11 1 
668 11 1 
668 11 1 
668 11 1 
668 11 1 
668 11 1 
668 11 1 
668 11 1 
668 11 1 
668 11 1 
668 11 1 
668 11 1 
668 11 1 
668 11 1 
668 11 1 
668 11 1 
668 11 1 
668 11 1 
668 11 1 
668 11 1 
668 11 1 
668 11 1 
668 11 1 
668 11 1 
668 11 1 
668 11 1 
668 11 1 
668 11 1 
668 11 1 
668 11 1 
668 86 2 
668 91 2 
668 91 2 
668 103 1 
668 103 1 
668 350 1 
668 350 1 
669 8 1 
669 48 1 
669 66 1 
669 82 1 
669 111 1 
669 111 1 
669 111 1 
669 111 1 
669 111 1 
669 111 1 
669 111 1 
669 111 1 
669 111 1 
669 111 1 
669 128 1 
669 219 1 
669 254 1 
669 293 1 
669 338 1 
670 306 1 
671 336 1 
671 351 1 
671 351 1 
672 354 1 
672 354 1 
673 8 1 
673 8 1 
673 8 1 
673 8 1 
673 8 1 
673 8 1 
673 8 1 
673 8 1 
673 8 1 
673 8 1 
673 8 1 
673 8 1 
673 8 1 
673 8 1 
673 8 1 
673 8 1 
673 8 1 
673 8 1 
673 8 1 
673 8 1 
673 8 2 
673 8 2 
673 8 1 
673 8 1 
673 8 1 
673 8 1 
673 8 2 
673 8 2 
673 8 1 
673 13 1 
673 22 1 
673 22 1 
673 22 1 
673 28 1 
673 28 1 
673 28 1 
673 28 1 
673 40 3 
673 75 1 
673 77 1 
673 83 1 
673 83 1 
673 108 1 
673 108 1 
673 109 1 
673 109 1 
673 109 1 
673 109 1 
673 109 1 
673 109 1 
673 121 1 
673 121 1 
673 121 1 
673 139 1 
673 139 1 
673 151 3 
673 151 1 
673 166 1 
673 166 1 
673 173 1 
673 173 1 
673 173 1 
673 173 1 
673 173 1 
673 173 1 
673 173 1 
673 173 1 
673 181 1 
673 181 1 
673 181 1 
673 188 1 
673 188 1 
673 189 1 
673 229 1 
673 229 1 
673 229 1 
673 229 1 
673 230 1 
673 230 1 
673 230 1 
673 230 1 
673 234 1 
673 234 1 
673 234 1 
673 234 1 
673 234 1 
673 238 1 
673 238 1 
673 238 1 
673 238 1 
673 238 1 
673 282 1 
673 336 1 
673 336 1 
673 336 1 
673 336 1 
673 350 1 
674 13 1 
674 113 1 
674 281 1 
675 48 1 
675 48 1 
676 128 1 
677 13 1 
678 28 1 
678 213 1 
679 48 1 
679 213 1 
680 164 1 
680 176 1 
680 213 1 
681 121 1 
681 176 1 
681 213 1 
681 229 1 
681 230 1 
681 307 1 
682 8 1 
682 110 1 
682 110 2 
682 110 1 
682 110 1 
682 110 1 
682 176 1 
682 188 1 
682 213 1 
682 243 3 
683 11 1 
683 11 1 
683 11 1 
683 11 1 
683 11 1 
683 11 1 
683 11 1 
683 11 1 
683 11 1 
683 11 1 
683 11 1 
683 16 1 
683 24 1 
683 83 1 
683 110 1 
683 110 1 
683 110 1 
683 110 1 
683 110 2 
683 110 1 
683 110 1 
683 110 1 
683 110 1 
683 112 1 
683 113 1 
683 113 1 
683 113 1 
683 113 1 
683 113 1 
683 113 1 
683 139 1 
683 164 1 
683 166 1 
683 166 1 
683 176 1 
683 213 1 
683 217 1 
683 254 1 
683 254 1 
683 254 1 
683 256 1 
683 294 1 
683 340 1 
683 355 1 
684 28 1 
684 28 1 
684 28 1 
684 38 1 
684 213 1 
685 7 1 
685 213 1 
686 28 1 
686 213 1 
687 176 1 
687 213 1 
688 8 1 
688 8 1 
688 8 1 
688 8 1 
688 8 1 
688 12 1 
688 14 1 
688 75 1 
688 75 1 
688 98 1 
688 98 1 
688 103 1 
688 103 2 
688 107 1 
688 110 2 
688 110 2 
688 113 2 
688 210 2 
688 261 1 
688 270 1 
688 327 1 
688 328 1 
688 332 1 
689 306 1 
690 299 1 
691 83 1 
692 128 1 
693 185 1 
694 164 1 
695 199 1 
696 8 1 
697 28 1 
698 113 1 
698 113 1 
698 113 1 
698 113 1 
698 113 1 
698 113 1 
698 113 1 
698 113 1 
698 289 1 
699 38 1 
699 38 1 
700 113 1 
700 113 1 
700 113 1 
700 113 1 
701 199 1 
701 199 1 
702 199 1 
703 265 1 
704 350 1 
705 22 1 
705 28 1 
705 83 1 
705 121 1 
705 139 1 
705 166 1 
705 279 1 
705 309 1 
706 44 1 
706 44 1 
707 308 1 
708 124 1 
709 1 1 
709 1 1 
709 1 1 
709 1 1 
709 3 1 
709 3 1 
709 3 1 
709 3 1 
709 4 1 
709 4 1 
709 5 1 
709 7 1 
709 9 1 
709 9 1 
709 9 1 
709 10 1 
709 10 1 
709 10 1 
709 10 1 
709 10 1 
709 11 1 
709 11 1 
709 16 1 
709 16 1 
709 16 1 
709 18 1 
709 18 1 
709 22 1 
709 22 1 
709 22 1 
709 28 1 
709 28 1 
709 28 1 
709 28 1 
709 28 1 
709 30 1 
709 30 1 
709 30 1 
709 30 1 
709 30 1 
709 44 3 
709 46 3 
709 48 1 
709 48 1 
709 48 1 
709 48 1 
709 48 1 
709 48 1 
709 48 3 
709 48 1 
709 48 1 
709 48 3 
709 48 1 
709 48 1 
709 54 1 
709 54 1 
709 54 1 
709 54 1 
709 54 1 
709 54 1 
709 54 1 
709 54 1 
709 54 1 
709 61 1 
709 61 1 
709 61 1 
709 61 1 
709 66 1 
709 70 1 
709 70 1 
709 80 1 
709 80 1 
709 80 1 
709 82 1 
709 83 1 
709 83 1 
709 85 1 
709 85 1 
709 85 1 
709 85 1 
709 85 1 
709 86 1 
709 86 1 
709 86 1 
709 86 1 
709 86 1 
709 86 1 
709 91 1 
709 91 1 
709 91 1 
709 91 1 
709 91 1 
709 93 1 
709 93 1 
709 93 1 
709 93 1 
709 93 1 
709 93 1 
709 107 1 
709 108 1 
709 111 2 
709 111 2 
709 111 2 
709 111 2 
709 111 2 
709 111 2 
709 121 1 
709 121 1 
709 121 1 
709 121 1 
709 121 1 
709 121 1 
709 121 1 
709 121 1 
709 121 1 
709 121 1 
709 121 1 
709 121 1 
709 121 1 
709 124 1 
709 124 1 
709 124 1 
709 124 1 
709 128 1 
709 128 1 
709 128 1 
709 128 1 
709 128 1 
709 128 1 
709 128 1 
709 139 1 
709 139 1 
709 155 2 
709 155 2 
709 166 1 
709 166 1 
709 189 1 
709 190 1 
709 199 1 
709 204 1 
709 217 1 
709 217 1 
709 217 1 
709 217 2 
709 221 1 
709 244 1 
709 254 1 
709 255 1 
709 259 1 
709 259 1 
709 259 1 
709 259 1 
709 265 1 
709 265 1 
709 267 1 
709 270 1 
709 282 1 
709 290 1 
709 290 1 
709 299 1 
709 299 1 
709 299 1 
709 299 1 
709 299 1 
709 299 1 
709 299 1 
709 299 1 
709 307 1 
709 307 1 
709 308 1 
709 308 1 
709 311 1 
709 321 1 
709 321 1 
709 322 1 
709 322 1 
709 322 1 
709 330 3 
709 330 1 
709 330 1 
709 330 3 
709 333 3 
709 333 3 
709 333 1 
709 336 1 
709 336 1 
709 336 1 
709 336 1 
709 336 1 
709 336 1 
709 336 1 
709 336 1 
709 336 1 
709 336 1 
709 336 1 
709 336 1 
709 336 1 
709 336 1 
709 336 1 
709 340 1 
709 343 1 
709 343 3 
709 345 3 
709 345 1 
709 351 1 
709 352 1 
710 128 1 
711 34 1 
712 350 1 
713 113 2 
713 113 1 
713 113 1 
713 113 1 
713 113 1 
713 113 1 
713 113 1 
713 340 1 
714 308 1 
714 308 1 
715 1 1 
715 1 1 
715 1 1 
715 1 1 
715 1 1 
715 1 1 
715 1 1 
715 7 1 
715 10 1 
715 10 1 
715 10 1 
715 16 1 
715 20 1 
715 20 1 
715 20 1 
715 20 1 
715 20 1 
715 20 1 
715 20 1 
715 20 1 
715 20 1 
715 20 1 
715 25 1 
715 25 1 
715 25 1 
715 25 1 
715 28 1 
715 28 1 
715 30 1 
715 50 3 
715 61 1 
715 61 1 
715 61 1 
715 61 1 
715 61 1 
715 61 1 
715 61 1 
715 70 1 
715 70 1 
715 85 1 
715 85 1 
715 85 1 
715 113 1 
715 113 1 
715 113 1 
715 113 1 
715 113 1 
715 113 1 
715 124 1 
715 124 1 
715 124 1 
715 124 1 
715 124 1 
715 124 1 
715 124 1 
715 160 1 
715 160 1 
715 160 1 
715 160 1 
715 160 1 
715 166 1 
715 188 1 
715 188 1 
715 208 1 
715 208 1 
715 208 1 
715 208 1 
715 208 1 
715 208 1 
715 208 1 
715 208 1 
715 208 1 
715 208 1 
715 237 1 
715 237 3 
715 237 3 
715 241 3 
715 241 3 
715 241 1 
715 243 1 
715 270 1 
715 299 1 
715 330 1 
715 330 1 
715 330 1 
715 330 1 
715 333 1 
715 333 1 
715 333 1 
715 333 1 
715 336 1 
715 336 1 
715 336 1 
715 341 1 
715 341 1 
715 341 1 
715 341 1 
715 343 1 
715 343 1 
715 343 1 
715 343 1 
715 345 1 
715 345 1 
715 345 1 
715 345 1 
715 353 1 
715 353 1 
715 353 1 
715 353 1 
715 354 1 
715 354 1 
715 354 1 
715 354 1 
715 354 1 
715 354 1 
715 354 1 
715 354 1 
715 354 1 
715 354 1 
715 354 1 
715 355 1 
715 355 1 
715 355 1 
715 355 1 
715 356 1 
715 356 1 
715 356 1 
715 356 1 
716 38 1 
717 299 1 
718 312 1 
719 139 1 
720 212 1 
721 121 1 
721 212 1 
722 212 1 
723 28 1 
724 1 1 
724 44 1 
724 44 1 
724 61 1 
724 110 1 
724 110 1 
724 113 1 
724 113 1 
724 113 1 
724 113 1 
724 128 1 
724 128 1 
724 166 1 
724 217 1 
724 228 1 
724 228 1 
724 243 1 
724 243 1 
724 287 1 
725 322 1 
725 322 1 
726 8 1 
726 8 1 
726 8 1 
726 8 1 
726 75 1 
726 103 1 
726 107 1 
726 110 2 
726 110 2 
726 160 1 
726 210 2 
726 270 1 
726 332 1 
727 185 1 
728 18 1 
728 18 1 
728 18 1 
729 28 1 
729 28 1 
730 38 1 
730 38 1 
730 38 1 
730 38 1 
730 38 1 
730 38 1 
730 38 1 
730 38 1 
730 38 1 
730 38 1 
731 113 1 
732 4 1 
732 292 1 
733 106 1 
733 227 1 
733 279 3 
733 279 1 
733 279 3 
733 279 1 
733 279 1 
733 279 1 
734 1 2 
734 1 2 
734 7 1 
734 7 1 
734 7 1 
734 16 1 
734 19 1 
734 19 1 
734 22 1 
734 22 1 
734 28 1 
734 28 1 
734 28 1 
734 61 2 
734 61 2 
734 83 1 
734 83 1 
734 109 1 
734 109 1 
734 109 1 
734 109 1 
734 113 1 
734 113 1 
734 113 1 
734 113 1 
734 113 1 
734 113 1 
734 113 1 
734 113 1 
734 113 1 
734 113 1 
734 113 1 
734 113 1 
734 113 1 
734 113 1 
734 113 1 
734 113 1 
734 116 3 
734 121 1 
734 128 1 
734 139 1 
734 139 1 
734 166 1 
734 173 1 
734 173 1 
734 173 1 
734 180 1 
734 181 1 
734 188 1 
734 189 1 
734 189 1 
734 189 1 
734 189 1 
734 189 1 
734 190 1 
734 190 1 
734 192 1 
734 196 1 
734 207 1 
734 207 1 
734 212 1 
734 212 1 
734 212 2 
734 228 1 
734 228 1 
734 228 1 
734 228 1 
734 228 1 
734 228 1 
734 231 1 
734 243 1 
734 243 1 
734 243 1 
734 292 1 
734 292 1 
734 292 3 
734 299 1 
734 305 1 
734 306 1 
734 314 3 
734 336 1 
734 336 1 
734 336 1 
734 336 1 
734 336 1 
734 336 1 
734 336 1 
734 336 1 
734 336 1 
734 336 1 
734 336 1 
734 336 1 
734 336 1 
734 336 1 
734 336 1 
734 336 1 
734 336 1 
734 336 1 
734 336 1 
734 336 1 
734 336 1 
734 336 1 
734 336 1 
734 336 1 
734 336 1 
734 336 1 
734 336 1 
734 336 1 
734 336 1 
734 336 1 
734 336 1 
734 336 1 
734 336 1 
734 336 1 
734 336 1 
734 336 1 
734 336 1 
734 336 1 
734 336 1 
734 336 1 
734 336 1 
734 336 1 
734 336 1 
734 336 1 
734 336 1 
734 336 1 
734 336 1 
734 336 1 
734 336 1 
734 336 1 
734 336 1 
734 350 1 
734 350 1 
734 350 1 
734 350 1 
734 350 1 
734 350 1 
734 350 1 
734 350 1 
735 340 1 
736 113 1 
737 3 1 
738 350 1 
739 113 1 
739 113 1 
739 350 1 
739 350 1 
739 350 1 
739 350 1 
739 350 1 
740 24 1 
740 24 1 
740 256 1 
740 256 1 
740 258 1 
740 258 1 
740 258 1 
740 258 1 
740 264 1 
740 264 1 
740 264 1 
740 264 1 
740 272 1 
740 272 1 
740 272 1 
740 272 1 
740 272 1 
740 272 1 
740 273 1 
740 273 1 
740 273 1 
740 273 1 
740 273 1 
740 273 1 
740 275 1 
740 275 1 
740 275 1 
740 275 1 
740 275 1 
740 275 1 
740 279 1 
740 279 1 
740 279 1 
740 279 1 
740 279 1 
740 279 1 
740 282 1 
740 282 1 
740 282 1 
740 282 1 
740 282 1 
740 282 1 
740 283 1 
740 283 1 
740 283 1 
740 283 1 
740 283 1 
740 283 1 
740 285 1 
740 285 1 
740 285 1 
740 285 1 
740 285 1 
740 285 1 
740 289 1 
740 289 1 
740 289 1 
740 289 1 
740 289 1 
740 289 1 
740 291 1 
740 291 1 
740 291 1 
740 291 1 
740 291 1 
740 291 1 
740 293 1 
740 293 1 
740 293 1 
740 293 1 
740 293 1 
740 293 1 
740 299 1 
740 299 1 
740 299 1 
740 299 1 
740 299 1 
740 299 1 
740 304 1 
740 304 1 
740 304 1 
740 304 1 
740 304 1 
740 304 1 
740 305 1 
740 305 1 
740 305 1 
740 305 1 
740 305 1 
740 305 1 
740 306 1 
740 306 1 
740 306 1 
740 306 1 
740 306 1 
740 306 1 
740 307 1 
740 307 1 
740 307 1 
740 307 1 
740 307 1 
740 307 1 
740 308 1 
740 308 1 
740 308 1 
740 308 1 
740 308 1 
740 308 1 
740 309 1 
740 309 1 
740 309 1 
740 309 1 
740 309 1 
740 309 1 
740 310 1 
740 310 1 
740 310 1 
740 310 1 
740 310 1 
740 310 1 
740 311 1 
740 311 1 
740 311 1 
740 311 1 
740 311 1 
740 311 1 
740 312 1 
740 312 1 
740 312 1 
740 312 1 
740 312 1 
740 312 1 
740 313 1 
740 313 1 
740 313 1 
740 313 1 
740 313 1 
740 313 1 
740 314 1 
740 314 1 
740 314 1 
740 314 1 
740 314 1 
740 314 1 
740 315 1 
740 315 1 
740 315 1 
740 315 1 
740 315 1 
740 315 1 
740 316 1 
740 316 1 
740 316 1 
740 316 1 
740 316 1 
740 316 1 
740 317 1 
740 317 1 
740 317 1 
740 317 1 
740 317 1 
740 317 1 
740 318 1 
740 318 1 
740 318 1 
740 318 1 
740 318 1 
740 318 1 
740 319 1 
740 319 1 
740 319 1 
740 319 1 
740 319 1 
740 319 1 
740 320 1 
740 320 1 
740 320 1 
740 320 1 
740 320 1 
740 320 1 
740 321 1 
740 321 1 
740 321 1 
740 321 1 
740 321 1 
740 321 1 
740 322 1 
740 322 1 
740 322 1 
740 322 1 
740 322 1 
740 322 1 
740 323 1 
740 323 1 
740 323 1 
740 323 1 
740 323 1 
740 323 1 
740 324 1 
740 324 1 
740 324 1 
740 324 1 
740 324 1 
740 324 1 
740 325 1 
740 325 1 
740 325 1 
740 325 1 
740 325 1 
740 325 1 
740 327 1 
740 327 1 
740 327 1 
740 327 1 
740 327 1 
740 327 1 
740 328 1 
740 328 1 
740 328 1 
740 328 1 
740 328 1 
740 328 1 
740 331 1 
740 331 1 
740 331 1 
740 331 1 
740 331 1 
740 331 1 
740 332 1 
740 332 1 
740 332 1 
740 332 1 
740 332 1 
740 332 1 
740 334 1 
740 334 1 
740 334 1 
740 334 1 
740 334 1 
740 334 1 
740 335 1 
740 335 1 
740 335 1 
740 335 1 
740 335 1 
740 335 1 
740 336 1 
740 336 1 
740 336 1 
740 336 1 
740 336 1 
740 336 1 
740 337 1 
740 337 1 
740 337 1 
740 337 1 
740 337 1 
740 337 1 
740 338 1 
740 338 1 
740 338 1 
740 338 1 
740 338 1 
740 338 1 
740 339 1 
740 339 1 
740 339 1 
740 339 1 
740 339 1 
740 339 1 
740 340 1 
740 340 1 
740 340 1 
740 340 1 
740 340 1 
740 340 1 
740 342 1 
740 342 1 
740 342 1 
740 342 1 
740 342 1 
740 342 1 
740 350 1 
740 350 1 
740 350 1 
740 350 1 
740 350 1 
740 350 1 
740 351 1 
740 351 1 
740 351 1 
740 351 1 
740 351 1 
740 351 1 
740 352 1 
740 352 1 
740 352 1 
740 352 1 
740 352 1 
740 352 1 
741 166 1 
741 166 1 
741 173 1 
742 354 1 
743 113 1 
743 113 1 
744 128 1 
744 303 1 
745 113 1 
746 48 1 
746 124 1 
747 1 1 
747 9 1 
747 10 1 
747 13 1 
747 13 1 
747 13 3 
747 51 3 
747 61 1 
747 70 1 
747 80 1 
747 85 1 
747 86 1 
747 93 1 
747 217 2 
747 217 1 
747 217 1 
747 217 1 
747 217 1 
747 350 1 
748 331 1 
749 4 1 
749 8 1 
749 8 1 
749 28 1 
749 70 1 
749 128 1 
749 128 1 
749 234 1 
749 234 1 
749 238 1 
749 238 1 
749 243 1 
749 260 1 
749 269 1 
749 281 1 
749 289 1 
749 299 1 
749 340 1 
749 340 1 
749 340 1 
749 340 1 
750 113 1 
750 121 1 
750 121 1 
750 128 1 
750 229 1 
750 229 1 
750 230 1 
750 230 1 
751 204 1 
751 204 1 
751 204 1 
752 113 1 
753 103 1 
753 332 1 
754 28 1 
754 38 1 
754 83 1 
754 112 1 
755 97 1 
755 97 1 
755 97 1 
756 28 1 
756 281 1 
757 139 1 
758 22 1 
759 7 1 
759 113 1 
759 113 1 
759 113 1 
759 113 1 
759 124 1 
759 166 1 
759 217 1 
759 217 1 
760 97 1 
760 97 1 
760 344 1 
760 344 1 
761 111 1 
761 127 3 
761 139 1 
761 139 1 
761 355 1 
762 124 1 
763 237 3 
763 240 3 
763 241 3 
763 242 3 
763 268 3 
764 293 1 
765 340 1 
766 3 1 
766 5 1 
766 7 1 
766 7 1 
766 8 1 
766 9 1 
766 10 1 
766 14 1 
766 14 1 
766 16 1 
766 20 1 
766 28 1 
766 28 1 
766 28 1 
766 28 1 
766 28 1 
766 48 1 
766 70 1 
766 80 1 
766 82 1 
766 83 1 
766 83 1 
766 85 1 
766 86 1 
766 91 1 
766 93 1 
766 103 1 
766 110 1 
766 110 1 
766 110 1 
766 110 1 
766 110 1 
766 110 1 
766 110 2 
766 110 1 
766 110 1 
766 110 1 
766 111 1 
766 111 1 
766 111 1 
766 111 1 
766 111 1 
766 111 1 
766 113 1 
766 115 1 
766 124 1 
766 124 1 
766 124 1 
766 124 1 
766 128 1 
766 128 1 
766 128 1 
766 131 1 
766 173 1 
766 173 1 
766 175 1 
766 176 1 
766 181 1 
766 181 1 
766 208 1 
766 213 1 
766 218 1 
766 239 1 
766 254 1 
766 264 1 
766 265 1 
766 275 1 
766 277 1 
766 278 1 
766 290 1 
767 166 1 
767 217 1 
768 1 2 
768 18 1 
768 18 3 
768 18 1 
768 61 2 
768 112 1 
768 113 1 
768 113 1 
768 113 1 
768 139 1 
768 189 3 
768 189 1 
768 189 1 
768 190 1 
768 204 1 
768 204 3 
768 204 1 
768 221 3 
768 221 3 
768 221 2 
768 228 1 
768 263 1 
768 270 1 
768 302 1 
768 302 1 
768 340 1 
768 355 1 
768 355 1 
769 305 3 
769 305 3 
769 305 1 
769 306 1 
769 306 1 
769 354 1 
770 19 1 
770 199 1 
771 128 1 
772 170 1 
773 8 1 
773 128 1 
773 335 1 
773 338 1 
773 338 1 
774 155 1 
775 7 1 
775 124 1 
775 124 1 
776 113 1 
777 128 2 
777 128 1 
777 310 1 
777 310 1 
777 313 1 
777 332 1 
777 332 1 
777 332 1 
777 332 1 
777 332 1 
777 332 1 
777 332 1 
777 332 1 
777 332 1 
777 332 1 
777 332 1 
777 332 1 
777 332 1 
777 332 1 
777 332 1 
777 332 1 
777 332 1 
777 332 1 
777 332 1 
777 332 1 
777 332 1 
777 332 1 
777 332 1 
777 332 1 
777 332 1 
777 332 1 
777 332 1 
777 332 1 
777 332 1 
777 332 1 
777 339 1 
778 128 1 
778 128 1 
778 128 1 
778 128 1 
778 128 1 
778 338 1 
779 83 1 
780 25 1 
780 25 1 
780 25 1 
780 25 1 
780 28 1 
780 28 1 
780 113 1 
780 113 1 
780 139 1 
780 166 1 
780 166 1 
780 173 1 
780 330 1 
780 330 1 
780 330 1 
780 330 1 
780 333 1 
780 333 1 
780 333 1 
780 333 1 
780 341 1 
780 341 1 
780 341 1 
780 341 1 
780 343 1 
780 343 1 
780 343 1 
780 343 1 
780 345 1 
780 345 1 
780 345 1 
780 345 1 
780 353 1 
780 353 1 
780 353 1 
780 353 1 
780 354 1 
780 354 1 
780 354 1 
780 354 1 
780 355 1 
780 355 1 
780 355 1 
780 355 1 
780 355 1 
780 355 1 
780 355 1 
780 355 1 
780 355 1 
780 355 1 
780 355 1 
780 355 1 
780 355 1 
780 355 1 
780 355 1 
780 355 1 
780 355 1 
780 355 1 
780 355 1 
780 355 1 
780 355 1 
780 355 1 
780 355 1 
780 355 1 
780 355 1 
780 356 1 
780 356 1 
780 356 1 
780 356 1 
781 185 1 
782 113 1 
783 34 1 
783 128 1 
783 306 1 
784 336 1 
785 307 1 
786 260 1 
786 260 1 
786 269 1 
786 269 1 
787 180 1 
788 332 1 
789 113 1 
789 113 1 
789 113 1 
789 113 1 
789 285 1 
789 289 1 
789 289 1 
789 289 3 
789 291 3 
789 291 1 
789 291 1 
789 291 1 
789 308 1 
789 322 1 
790 166 1 
791 28 1 
792 355 1 
793 83 1 
794 113 1 
795 23 1 
795 124 1 
795 124 1 
795 281 1 
795 288 1 
795 290 1 
795 298 1 
795 309 1 
795 321 1 
795 321 1 
795 335 1 
796 18 1 
796 139 1 
796 196 1 
797 137 1 
798 9 1 
798 80 1 
798 82 1 
798 86 1 
799 1 2 
799 3 1 
799 4 1 
799 8 1 
799 8 1 
799 8 1 
799 8 1 
799 8 1 
799 28 1 
799 28 1 
799 61 2 
799 83 1 
799 103 1 
799 113 2 
799 113 1 
799 121 1 
799 121 1 
799 124 1 
799 204 1 
799 251 1 
799 254 1 
799 259 1 
799 283 1 
799 299 1 
799 299 1 
799 299 1 
799 299 1 
799 299 1 
799 310 1 
799 332 1 
799 350 1 
799 350 1 
799 354 1 
799 354 1 
799 355 1 
800 350 1 
801 124 1 
801 128 1 
801 128 1 
801 139 1 
801 338 1 
802 7 1 
803 121 1 
803 285 1 
803 306 1 
803 308 1 
803 321 1 
803 352 1 
804 124 1 
804 124 1 
805 302 1 
806 113 1 
806 113 1 
806 113 1 
806 217 1 
806 288 1 
806 299 1 
806 354 1 
807 199 1 
808 173 2 
808 299 1 
809 4 1 
809 103 1 
809 103 1 
809 276 1 
809 280 1 
809 350 1 
809 350 1 
809 350 1 
809 350 1 
809 350 1 
809 350 1 
810 124 1 
810 229 1 
810 230 1 
810 289 1 
810 311 1 
810 313 1 
810 354 1 
811 354 1 
812 25 1 
812 330 1 
812 333 1 
812 341 1 
812 343 1 
812 345 1 
812 353 1 
812 354 1 
812 355 1 
812 356 1 
813 192 1 
814 124 1 
814 350 1 
814 350 1 
814 350 1 
815 293 1 
816 41 1 
817 113 1 
817 113 1 
817 124 1 
817 251 1 
817 284 1 
817 350 1 
817 354 1 
818 83 1 
818 83 1 
818 113 1 
818 113 1 
818 279 1 
818 279 1 
818 279 1 
819 228 1 
819 243 1 
820 1 2 
820 1 2 
820 1 2 
820 1 2 
820 1 2 
820 1 2 
820 9 1 
820 9 2 
820 9 1 
820 9 2 
820 10 2 
820 10 2 
820 10 2 
820 10 2 
820 10 2 
820 11 1 
820 11 3 
820 13 1 
820 13 3 
820 13 1 
820 13 1 
820 13 1 
820 18 1 
820 19 1 
820 20 2 
820 20 2 
820 61 2 
820 61 2 
820 61 2 
820 61 2 
820 61 2 
820 61 2 
820 80 2 
820 80 1 
820 80 1 
820 80 2 
820 85 2 
820 85 2 
820 85 2 
820 85 2 
820 85 2 
820 86 2 
820 86 2 
820 86 2 
820 86 2 
820 86 2 
820 91 2 
820 91 2 
820 91 2 
820 91 2 
820 91 2 
820 91 2 
820 91 2 
820 93 2 
820 93 2 
820 93 2 
820 94 1 
820 94 3 
820 103 1 
820 103 3 
820 137 1 
820 189 1 
820 190 1 
820 191 3 
820 192 1 
820 194 3 
820 196 1 
820 199 1 
820 204 1 
820 207 1 
820 208 2 
820 208 2 
820 209 1 
820 209 3 
820 209 1 
820 209 2 
820 209 3 
820 210 1 
820 218 1 
820 244 1 
820 251 1 
820 251 1 
820 251 1 
820 253 1 
820 254 1 
820 254 1 
820 254 1 
820 254 1 
820 254 1 
820 254 1 
820 254 1 
820 282 1 
820 282 1 
820 307 1 
820 308 1 
820 308 1 
820 308 1 
820 310 1 
820 311 1 
820 312 1 
820 313 1 
820 320 3 
820 321 1 
820 321 1 
820 321 1 
820 321 1 
820 321 1 
820 321 1 
820 321 1 
820 322 1 
820 327 1 
820 327 1 
820 328 1 
820 331 1 
820 331 3 
820 331 1 
820 331 1 
820 331 1 
820 331 1 
820 331 1 
820 331 1 
820 331 1 
820 331 1 
820 331 3 
820 332 1 
820 332 1 
820 332 1 
820 332 1 
820 336 1 
820 336 1 
820 351 1 
820 351 1 
820 352 3 
820 352 1 
820 352 1 
820 352 3 
820 352 1 
821 113 1 
822 299 1 
822 299 1 
822 299 1 
823 336 1 
824 350 1 
824 350 1 
825 231 1 
825 231 1 
825 334 1 
825 335 1 
826 113 1 
827 289 1 
828 350 1 
829 8 1 
829 8 1 
829 103 1 
829 113 1 
829 113 1 
829 113 1 
829 113 1 
829 113 1 
829 270 1 
829 299 1 
829 299 1 
829 350 1 
830 1 1 
830 61 1 
831 128 1 
831 128 1 
832 350 1 
833 14 1 
834 4 1 
835 195 1 
836 41 1 
837 113 1 
838 70 1 
839 254 1 
839 290 1 
839 306 1 
839 306 1 
839 306 1 
839 306 1 
839 340 1 
839 350 1 
840 112 1 
840 113 1 
840 124 1 
840 128 1 
840 128 1 
840 128 1 
840 128 1 
840 128 1 
840 128 1 
840 128 1 
840 128 1 
840 128 1 
840 128 1 
840 128 1 
840 128 1 
840 128 1 
840 228 1 
840 254 1 
840 254 1 
840 259 1 
840 260 1 
840 260 1 
840 269 1 
840 269 1 
840 281 1 
840 284 1 
840 284 1 
840 284 1 
840 285 1 
840 287 1 
840 292 1 
840 305 1 
840 306 1 
840 308 1 
840 312 1 
840 312 1 
840 321 1 
840 321 1 
840 321 1 
840 321 1 
840 331 1 
840 331 1 
840 332 1 
840 332 1 
840 335 1 
840 338 1 
840 339 1 
840 340 1 
840 342 1 
840 350 1 
840 350 1 
840 350 1 
840 352 1 
841 103 2 
841 103 2 
841 103 1 
841 103 1 
841 103 2 
841 103 3 
841 103 1 
841 103 1 
841 103 1 
841 110 2 
841 110 2 
841 113 1 
842 27 1 
843 1 2 
843 7 1 
843 8 1 
843 16 1 
843 17 1 
843 19 1 
843 61 2 
843 111 1 
843 111 1 
843 192 1 
843 196 1 
843 207 1 
843 212 1 
843 212 1 
843 234 1 
843 237 3 
843 238 1 
843 240 3 
843 241 3 
843 242 3 
843 268 3 
843 281 1 
843 293 1 
843 298 1 
843 307 1 
843 307 1 
843 321 1 
843 322 1 
843 351 1 
844 70 1 
845 349 1 
845 349 1 
846 195 1 
847 28 1 
848 350 1 
849 38 1 
850 163 1 
850 163 1 
850 163 1 
850 288 1 
851 299 1 
852 70 1 
853 77 1 
854 17 1 
854 298 1 
855 124 1 
856 28 1 
857 299 1 
858 105 1 
859 306 1 
860 7 1 
860 22 1 
860 22 1 
860 30 1 
860 30 1 
860 106 1 
860 106 1 
860 106 1 
860 106 1 
860 107 1 
860 111 1 
860 111 2 
860 128 1 
860 153 3 
860 215 3 
860 227 1 
860 227 1 
860 227 1 
860 227 1 
860 228 1 
860 228 1 
860 228 1 
860 228 1 
860 228 1 
860 228 1 
860 228 1 
860 228 1 
860 228 1 
860 231 1 
860 263 1 
860 265 1 
860 279 1 
860 280 1 
860 293 1 
860 299 1 
860 314 3 
860 336 1 
860 336 1 
860 336 1 
860 336 1 
860 336 1 
860 336 1 
860 336 1 
860 336 1 
860 336 1 
860 336 1 
860 336 1 
860 336 1 
860 336 1 
860 336 1 
860 336 1 
860 336 1 
860 336 1 
860 336 1 
860 336 1 
860 336 1 
860 336 1 
861 28 1 
862 44 1 
863 299 1 
864 70 1 
865 299 1 
866 5 1 
867 8 2 
868 103 1 
868 113 1 
868 113 1 
868 113 1 
869 166 1 
869 315 3 
869 334 1 
869 334 1 
869 334 1 
869 335 1 
869 335 1 
869 335 1 
869 335 1 
869 337 1 
869 338 1 
869 338 1 
869 338 1 
869 338 1 
869 338 1 
869 338 1 
869 338 1 
869 340 1 
869 340 1 
870 54 1 
871 8 2 
871 8 2 
871 8 1 
871 8 2 
871 34 1 
871 34 1 
871 113 1 
871 128 1 
871 281 1 
871 284 1 
871 298 1 
871 299 1 
871 306 1 
871 306 1 
871 306 1 
871 307 1 
871 308 1 
871 350 1 
871 354 1 
871 355 1 
871 355 1 
872 7 1 
872 7 1 
872 113 1 
872 113 1 
872 113 1 
872 113 1 
872 113 1 
872 113 1 
872 113 1 
872 160 1 
872 160 1 
872 217 1 
872 283 1 
872 283 1 
872 284 1 
872 288 1 
872 288 1 
872 298 1 
872 298 1 
872 306 1 
872 307 1 
872 350 1 
872 350 1 
872 354 1 
872 354 1 
873 16 1 
873 17 1 
873 19 1 
873 132 1 
873 135 1 
873 138 1 
873 142 1 
873 143 1 
873 144 1 
873 146 1 
873 151 1 
873 156 1 
873 167 1 
873 192 1 
873 196 1 
873 207 1 
873 212 1 
874 299 1 
875 270 1 
875 312 1 
876 350 1 
877 70 1 
878 77 1 
879 77 1 
880 77 1 
881 111 1 
881 121 1 
881 282 1 
881 282 1 
882 350 1 
883 350 1 
884 77 1 
885 3 1 
885 217 1 
886 3 1 
886 34 1 
887 48 1 
888 6 1 
888 26 1 
888 29 1 
888 31 1 
888 33 1 
888 36 1 
888 37 1 
888 39 1 
888 40 1 
888 46 1 
888 47 1 
888 49 1 
888 50 1 
888 51 1 
888 53 1 
888 55 1 
888 56 1 
888 60 1 
888 62 1 
888 63 1 
888 64 1 
888 65 1 
888 68 1 
888 69 1 
888 71 1 
888 76 1 
888 78 1 
888 185 1 
888 199 1 
888 199 1 
888 199 1 
888 207 1 
889 14 1 
889 103 1 
889 124 1 
889 124 1 
889 164 1 
889 253 1 
889 254 1 
889 270 1 
889 271 1 
889 321 1 
889 322 1 
889 322 1 
889 328 1 
889 331 1 
889 336 1 
889 342 1 
889 351 1 
889 352 1 
890 58 1 
891 75 1 
891 110 2 
891 209 1 
891 251 1 
891 251 1 
891 257 1 
891 283 1 
892 299 1 
893 4 1 
893 4 1 
893 7 1 
893 118 3 
893 118 3 
893 118 1 
893 128 1 
893 288 1 
894 113 1 
895 8 1 
895 8 1 
895 8 1 
895 8 1 
895 8 1 
895 8 1 
895 8 1 
895 8 1 
895 8 1 
895 8 1 
895 8 1 
895 8 1 
895 8 1 
895 8 1 
895 8 2 
895 8 1 
895 8 1 
895 8 1 
895 8 1 
895 13 1 
895 16 1 
895 18 1 
895 75 1 
895 110 2 
895 110 2 
895 110 2 
895 111 1 
895 111 1 
895 113 1 
895 124 1 
895 166 1 
895 189 1 
895 204 1 
895 263 1 
895 299 1 
895 350 1 
895 350 1 
895 350 1 
895 350 1 
896 113 1 
896 228 1 
897 185 1 
897 185 1 
898 8 2 
898 8 1 
898 8 1 
898 8 1 
898 28 1 
898 28 1 
898 28 1 
898 83 1 
898 113 1 
898 113 1 
898 113 1 
898 113 1 
898 113 1 
898 113 1 
898 113 1 
898 113 2 
898 113 1 
898 113 1 
898 113 1 
898 113 1 
898 113 1 
898 113 2 
898 113 1 
898 113 1 
898 113 1 
898 113 2 
898 113 1 
898 173 1 
898 243 1 
898 308 1 
898 340 1 
898 340 1 
898 340 1 
898 351 1 
898 355 1 
899 113 1 
899 113 1 
900 350 1 
901 113 1 
902 289 1 
903 199 1 
904 105 1 
905 105 1 
906 90 1 
906 254 1 
907 5 1 
907 281 1 
907 293 1 
907 294 1 
907 298 1 
907 306 1 
907 354 1 
907 354 1 
907 354 1 
908 299 1 
908 299 1 
909 44 1 
909 44 1 
910 7 1 
910 111 1 
910 111 1 
910 112 1 
910 185 3 
910 336 1 
910 336 1 
911 238 3 
912 44 1 
913 113 2 
913 113 1 
913 113 1 
913 113 1 
913 340 1 
913 340 1 
913 340 1 
914 299 1 
914 350 1 
915 215 1 
915 215 1 
915 215 1 
915 215 3 
916 332 1 
917 299 1 
918 98 3 
918 98 3 
918 98 2 
918 254 1 
918 331 1 
919 113 1 
919 337 1 
920 228 1 
920 228 1 
921 34 1 
922 293 1 
923 211 1 
924 281 1 
924 281 1 
924 281 1 
924 281 1 
924 287 1 
924 287 1 
925 350 1 
926 105 1 
926 185 1 
927 44 1 
927 75 1 
927 75 1 
927 196 1 
927 352 1 
928 3 1 
928 4 1 
928 113 1 
928 128 1 
928 128 1 
928 128 1 
928 128 1 
928 128 1 
928 128 1 
928 128 1 
928 217 1 
928 298 1 
928 334 1 
928 335 1 
928 338 1 
928 340 1 
928 340 1 
928 340 1 
929 7 1 
930 217 1 
931 121 1 
932 7 1 
932 89 1 
932 89 1 
933 11 1 
933 11 1 
933 254 1 
933 254 1 
933 254 1 
933 254 1 
933 254 1 
933 254 1 
933 254 1 
933 254 1 
933 254 1 
933 350 1 
933 350 1 
933 350 1 
933 350 1 
933 350 1 
934 355 1 
935 121 1 
936 28 1 
936 91 2 
936 124 1 
936 350 1 
937 185 1 
937 185 1 
937 185 1 
937 199 1 
938 28 1 
938 139 1 
938 139 1 
938 173 1 
939 113 1 
