5140 192 1 
5141 321 1 
5142 273 1 
5142 304 1 
5142 305 1 
5142 306 1 
5143 334 1 
5143 334 1 
5143 334 1 
5143 334 1 
5143 334 1 
5143 335 1 
5143 335 1 
5143 335 1 
5143 335 1 
5143 335 1 
5143 337 1 
5143 337 1 
5143 337 1 
5143 337 1 
5143 337 1 
5143 337 1 
5143 337 1 
5143 338 1 
5143 338 1 
5143 338 1 
5143 338 1 
5143 338 1 
5143 338 1 
5143 338 1 
5143 338 1 
5143 338 1 
5143 338 1 
5143 338 1 
5143 338 1 
5143 338 1 
5143 338 1 
5143 338 1 
5144 54 1 
5144 299 1 
5145 8 1 
5145 8 1 
5145 113 1 
5145 217 1 
5145 228 1 
5145 249 2 
5145 249 3 
5145 249 3 
5145 270 1 
5145 284 1 
5145 298 1 
5145 307 1 
5145 311 1 
5146 1 1 
5146 1 2 
5146 3 1 
5146 61 1 
5146 61 2 
5146 128 1 
5146 128 1 
5146 128 1 
5146 128 1 
5146 128 1 
5146 128 1 
5146 128 1 
5146 128 1 
5146 128 1 
5146 128 1 
5146 222 1 
5146 231 1 
5146 250 3 
5146 250 2 
5146 260 1 
5146 269 1 
5146 282 1 
5146 298 1 
5146 305 1 
5146 308 1 
5146 308 1 
5146 308 1 
5146 312 1 
5146 312 1 
5146 334 1 
5146 335 1 
5146 338 1 
5146 340 1 
5146 340 1 
5146 340 1 
5146 340 1 
5146 340 1 
5146 340 1 
5146 340 1 
5146 340 1 
5146 340 1 
5146 351 1 
5146 352 1 
5146 352 1 
5147 54 1 
5148 8 1 
5148 18 1 
5148 107 1 
5148 108 1 
5148 108 1 
5148 113 1 
5148 113 1 
5148 113 1 
5148 124 1 
5148 124 1 
5148 124 1 
5148 124 1 
5148 124 1 
5148 128 1 
5148 128 2 
5148 128 1 
5148 128 1 
5148 128 1 
5148 128 1 
5148 189 1 
5148 190 1 
5148 204 1 
5148 260 1 
5148 269 1 
5148 283 1 
5148 284 1 
5148 284 1 
5148 290 1 
5148 290 1 
5148 290 1 
5148 338 1 
5148 338 1 
5148 339 1 
5148 340 1 
5148 340 1 
5148 340 1 
5148 340 1 
5148 340 1 
5148 340 1 
5148 340 1 
5148 340 1 
5148 340 1 
5148 340 1 
5148 340 1 
5148 340 1 
5148 340 1 
5148 340 1 
5148 340 1 
5148 342 1 
5149 7 1 
5150 279 1 
5151 1 2 
5151 61 2 
5152 340 1 
5153 11 1 
5153 124 1 
5153 124 1 
5153 124 1 
5153 124 1 
5153 124 1 
5154 54 1 
5154 54 1 
5154 93 2 
5154 93 2 
5154 113 1 
5154 113 1 
5155 77 1 
5156 305 1 
5157 113 1 
5157 299 1 
5158 91 2 
5158 110 2 
5158 209 1 
5158 209 3 
5158 209 2 
5158 209 3 
5159 350 1 
5160 160 1 
5161 128 1 
5162 10 2 
5162 85 2 
5162 86 2 
5162 93 2 
5163 128 1 
5164 336 1 
5164 336 1 
5164 336 1 
5165 2 1 
5165 8 1 
5165 8 1 
5165 66 1 
5165 228 1 
5165 228 1 
5165 229 1 
5165 229 1 
5165 230 1 
5165 230 1 
5165 231 1 
5165 231 1 
5165 234 1 
5165 234 1 
5165 238 1 
5165 238 1 
5165 243 1 
5165 243 1 
5165 244 1 
5165 244 1 
5165 251 1 
5165 251 1 
5165 253 1 
5165 253 1 
5165 254 1 
5165 254 1 
5166 113 1 
5166 113 1 
5167 190 2 
5168 5 1 
5168 124 1 
5169 340 1 
5170 113 1 
5170 113 1 
5170 124 1 
5170 124 1 
5170 124 1 
5170 124 1 
5170 124 1 
5170 299 1 
5170 350 1 
5170 350 1 
5170 350 1 
5170 350 1 
5170 350 1 
5171 160 1 
5172 113 1 
5172 221 1 
5172 260 1 
5172 269 1 
5173 28 1 
5173 28 1 
5174 1 2 
5174 1 2 
5174 61 2 
5174 61 2 
5174 103 1 
5174 291 1 
5174 308 1 
5175 350 1 
5176 113 1 
5177 305 1 
5177 305 1 
5177 305 1 
5178 336 1 
5179 299 1 
5180 28 1 
5180 299 1 
5181 308 1 
5182 103 1 
5182 124 1 
5183 160 1 
5184 305 1 
5185 342 1 
5186 113 1 
5186 113 1 
5186 160 1 
5187 271 1 
5188 70 1 
5189 354 1 
5190 28 1 
5190 28 1 
5190 299 1 
5190 336 1 
5191 113 1 
5191 113 2 
5192 113 1 
5192 217 1 
5193 189 1 
5194 2 3 
5194 62 3 
5194 66 3 
5194 213 3 
5194 302 1 
5195 305 1 
5196 290 1 
5196 290 1 
5197 305 1 
5198 44 1 
5198 350 1 
5199 124 1 
5199 290 1 
5200 28 1 
5200 113 1 
5200 113 1 
5200 294 1 
5200 299 1 
5200 299 1 
5200 340 1 
5200 354 1 
5200 354 1 
5201 299 1 
5201 299 1 
5201 307 1 
5202 285 1 
5203 331 1 
5204 110 2 
5205 293 1 
5206 113 1 
5206 113 1 
5206 124 1 
5206 124 1 
5206 279 1 
5206 279 1 
5206 279 1 
5206 279 1 
5206 279 1 
5206 279 1 
5206 299 1 
5206 299 1 
5206 299 1 
5206 340 1 
5207 336 1 
5208 244 1 
5208 350 1 
5209 299 1 
5210 38 1 
5211 354 1 
5212 261 1 
5213 83 1 
5214 44 1 
5215 112 1 
5216 113 1 
5216 113 1 
5216 113 1 
5216 113 1 
5217 8 1 
5217 8 1 
5217 128 1 
5217 164 2 
5217 327 1 
5218 3 1 
5218 4 1 
5218 8 1 
5218 8 1 
5218 12 1 
5218 28 1 
5218 28 1 
5218 30 1 
5218 30 1 
5218 54 1 
5218 70 1 
5218 83 1 
5218 103 1 
5218 113 1 
5218 113 1 
5218 113 1 
5218 113 1 
5218 113 1 
5218 124 1 
5218 124 1 
5218 173 1 
5218 173 1 
5218 231 1 
5218 231 1 
5218 243 1 
5218 248 2 
5218 248 3 
5218 285 1 
5218 307 1 
5218 307 1 
5218 308 1 
5218 308 1 
5218 336 1 
5218 337 1 
5218 340 1 
5218 340 1 
5218 340 1 
5218 340 1 
5218 340 1 
5218 340 1 
5218 351 1 
5218 352 1 
5219 155 1 
5220 113 1 
5220 113 1 
5220 113 1 
5220 113 1 
5221 8 1 
5221 113 1 
5221 113 1 
5221 113 2 
5221 128 1 
5221 249 2 
5221 249 3 
5221 249 3 
5221 282 1 
5221 298 1 
5221 306 1 
5221 307 1 
5221 321 1 
5221 340 1 
5221 352 1 
5221 352 1 
5221 352 1 
5222 323 3 
5223 8 1 
5223 8 2 
5223 8 1 
5223 8 1 
5223 290 1 
5223 307 1 
5224 336 1 
5225 299 1 
5225 299 1 
5225 299 1 
5225 299 1 
5225 299 1 
5226 204 1 
5227 3 1 
5227 3 1 
5227 7 1 
5227 8 1 
5227 8 1 
5227 28 1 
5227 124 1 
5227 124 1 
5227 139 1 
5227 279 1 
5227 279 1 
5227 288 1 
5227 288 1 
5227 292 1 
5227 307 1 
5227 331 1 
5227 331 1 
5227 331 1 
5227 337 1 
5227 337 1 
5227 353 1 
5228 3 1 
5229 113 1 
5229 113 1 
5230 254 1 
5231 7 1 
5232 285 1 
5232 285 1 
5232 285 1 
5232 285 1 
5232 285 1 
5232 285 1 
5232 285 1 
5233 185 1 
5234 113 1 
5235 8 1 
5235 28 1 
5235 28 1 
5235 28 1 
5235 28 1 
5235 121 1 
5235 139 1 
5235 160 1 
5235 160 1 
5235 173 1 
5235 231 1 
5235 231 1 
5235 231 1 
5235 231 1 
5235 231 3 
5235 260 1 
5235 269 1 
5235 308 1 
5235 308 1 
5235 351 1 
5235 355 1 
5236 350 1 
5237 24 1 
5237 256 1 
5237 258 1 
5237 264 1 
5237 272 1 
5237 273 1 
5237 275 1 
5237 279 1 
5237 282 1 
5237 283 1 
5237 285 1 
5237 289 1 
5237 291 1 
5237 293 1 
5237 299 1 
5237 304 1 
5237 305 1 
5237 306 1 
5237 307 1 
5237 308 1 
5237 309 1 
5237 310 1 
5237 311 1 
5237 312 1 
5237 313 1 
5237 314 1 
5237 315 1 
5237 316 1 
5237 317 1 
5237 318 1 
5237 319 1 
5237 320 1 
5237 321 1 
5237 322 1 
5237 323 1 
5237 324 1 
5237 325 1 
5237 327 1 
5237 328 1 
5237 331 1 
5237 332 1 
5237 334 1 
5237 335 1 
5237 336 1 
5237 337 1 
5237 338 1 
5237 339 1 
5237 340 1 
5237 342 1 
5237 350 1 
5237 351 1 
5237 352 1 
5238 105 1 
5238 105 1 
5238 105 1 
5238 199 1 
5239 336 1 
5239 336 1 
5239 336 1 
5239 336 1 
5240 98 1 
5241 265 1 
5241 280 1 
5242 1 1 
5242 1 1 
5242 2 1 
5242 2 1 
5242 2 1 
5242 2 1 
5242 2 1 
5242 2 1 
5242 7 1 
5242 7 1 
5242 7 1 
5242 7 1 
5242 7 1 
5242 7 1 
5242 7 1 
5242 7 1 
5242 8 1 
5242 8 1 
5242 8 1 
5242 8 1 
5242 12 1 
5242 12 1 
5242 12 1 
5242 12 1 
5242 21 1 
5242 21 1 
5242 21 1 
5242 21 1 
5242 21 1 
5242 21 1 
5242 21 1 
5242 21 1 
5242 21 1 
5242 21 1 
5242 21 1 
5242 21 1 
5242 22 1 
5242 22 1 
5242 22 1 
5242 22 1 
5242 22 1 
5242 22 1 
5242 22 1 
5242 22 1 
5242 22 1 
5242 22 1 
5242 38 1 
5242 38 1 
5242 38 1 
5242 38 1 
5242 38 1 
5242 38 1 
5242 38 1 
5242 38 1 
5242 61 1 
5242 61 1 
5242 66 1 
5242 66 1 
5242 66 1 
5242 66 1 
5242 66 1 
5242 66 1 
5242 95 1 
5242 95 1 
5242 95 1 
5242 95 1 
5242 95 1 
5242 95 1 
5242 95 1 
5242 95 1 
5242 95 1 
5242 95 1 
5242 95 1 
5242 95 1 
5242 96 1 
5242 96 1 
5242 96 1 
5242 96 1 
5242 97 1 
5242 97 1 
5242 97 1 
5242 97 1 
5242 97 1 
5242 97 1 
5242 97 1 
5242 97 1 
5242 97 1 
5242 97 1 
5242 97 1 
5242 97 1 
5242 97 1 
5242 97 1 
5242 98 1 
5242 98 1 
5242 98 1 
5242 98 1 
5242 100 1 
5242 100 1 
5242 100 1 
5242 100 1 
5242 102 1 
5242 102 1 
5242 102 1 
5242 102 1 
5242 115 1 
5242 115 1 
5242 115 1 
5242 115 1 
5242 117 1 
5242 117 1 
5242 117 1 
5242 117 1 
5242 118 1 
5242 118 1 
5242 118 1 
5242 118 1 
5242 128 1 
5242 128 1 
5242 163 1 
5242 163 1 
5242 163 1 
5242 163 1 
5242 191 1 
5242 191 1 
5242 191 1 
5242 191 1 
5242 194 1 
5242 194 1 
5242 194 1 
5242 194 1 
5242 197 1 
5242 197 1 
5242 197 1 
5242 197 1 
5242 202 1 
5242 202 1 
5242 202 1 
5242 202 1 
5242 205 1 
5242 205 1 
5242 205 1 
5242 205 1 
5242 206 1 
5242 206 1 
5242 206 1 
5242 206 1 
5242 209 1 
5242 209 1 
5242 209 1 
5242 209 1 
5242 210 1 
5242 210 1 
5242 210 1 
5242 210 1 
5242 218 1 
5242 218 1 
5242 218 1 
5242 218 1 
5242 219 1 
5242 219 1 
5242 219 1 
5242 219 1 
5242 220 1 
5242 220 1 
5242 220 1 
5242 220 1 
5242 221 1 
5242 221 1 
5242 221 1 
5242 221 1 
5242 222 1 
5242 222 1 
5242 222 1 
5242 222 1 
5242 223 1 
5242 223 1 
5242 223 1 
5242 223 1 
5242 224 1 
5242 224 1 
5242 224 1 
5242 224 1 
5242 225 1 
5242 225 1 
5242 225 1 
5242 225 1 
5242 226 1 
5242 226 1 
5242 226 1 
5242 226 1 
5242 228 1 
5242 228 1 
5242 228 1 
5242 228 1 
5242 228 1 
5242 228 1 
5242 228 1 
5242 228 1 
5242 229 1 
5242 229 1 
5242 229 1 
5242 229 1 
5242 229 1 
5242 229 1 
5242 229 1 
5242 229 1 
5242 230 1 
5242 230 1 
5242 230 1 
5242 230 1 
5242 230 1 
5242 230 1 
5242 230 1 
5242 230 1 
5242 231 1 
5242 231 1 
5242 231 1 
5242 231 1 
5242 231 1 
5242 231 1 
5242 231 1 
5242 231 1 
5242 232 1 
5242 232 1 
5242 232 1 
5242 232 1 
5242 233 1 
5242 233 1 
5242 233 1 
5242 233 1 
5242 234 1 
5242 234 1 
5242 234 1 
5242 234 1 
5242 234 1 
5242 234 1 
5242 234 1 
5242 234 1 
5242 238 1 
5242 238 1 
5242 238 1 
5242 238 1 
5242 238 1 
5242 238 1 
5242 238 1 
5242 238 1 
5242 243 1 
5242 243 1 
5242 243 1 
5242 243 1 
5242 243 1 
5242 243 1 
5242 243 1 
5242 243 1 
5242 244 1 
5242 244 1 
5242 244 1 
5242 244 1 
5242 244 1 
5242 244 1 
5242 244 1 
5242 244 1 
5242 245 1 
5242 245 1 
5242 245 1 
5242 245 1 
5242 246 1 
5242 246 1 
5242 246 1 
5242 246 1 
5242 247 1 
5242 247 1 
5242 247 1 
5242 247 1 
5242 248 1 
5242 248 1 
5242 248 1 
5242 248 1 
5242 249 1 
5242 249 1 
5242 249 1 
5242 249 1 
5242 250 1 
5242 250 1 
5242 250 1 
5242 250 1 
5242 251 1 
5242 251 1 
5242 251 1 
5242 251 1 
5242 251 1 
5242 251 1 
5242 251 1 
5242 251 1 
5242 253 1 
5242 253 1 
5242 253 1 
5242 253 1 
5242 253 1 
5242 253 1 
5242 253 1 
5242 253 1 
5242 254 1 
5242 254 1 
5242 254 1 
5242 254 1 
5242 254 1 
5242 254 1 
5242 254 1 
5242 254 1 
5242 255 1 
5242 255 1 
5242 260 1 
5242 260 1 
5242 260 1 
5242 260 1 
5242 260 1 
5242 260 1 
5242 260 1 
5242 260 1 
5242 260 1 
5242 260 1 
5242 260 1 
5242 260 1 
5242 260 1 
5242 260 1 
5242 260 1 
5242 260 1 
5242 269 1 
5242 269 1 
5242 269 1 
5242 269 1 
5242 269 1 
5242 269 1 
5242 269 1 
5242 269 1 
5242 269 1 
5242 269 1 
5242 269 1 
5242 269 1 
5242 269 1 
5242 269 1 
5242 269 1 
5242 269 1 
5242 270 1 
5242 270 1 
5242 270 1 
5242 270 1 
5242 270 3 
5242 270 3 
5242 271 3 
5242 271 1 
5242 271 1 
5242 271 1 
5242 271 1 
5242 271 3 
5242 276 1 
5242 276 1 
5242 280 1 
5242 280 1 
5242 288 1 
5242 288 1 
5242 290 1 
5242 290 1 
5242 290 1 
5242 290 1 
5242 294 1 
5242 294 1 
5242 294 1 
5242 294 1 
5242 304 1 
5242 304 1 
5242 305 1 
5242 305 1 
5242 329 1 
5242 329 1 
5243 54 1 
5244 1 2 
5244 7 1 
5244 7 1 
5244 61 2 
5245 7 1 
5245 7 1 
5245 8 1 
5245 8 1 
5245 8 1 
5245 83 1 
5245 83 1 
5245 83 1 
5245 113 1 
5245 166 1 
5245 173 1 
5245 173 1 
5245 173 1 
5245 228 1 
5245 228 1 
5245 243 1 
5245 260 1 
5245 269 1 
5245 299 1 
5245 355 1 
5246 336 1 
5246 336 1 
5246 336 1 
5247 173 1 
5247 338 1 
5247 340 1 
5248 110 2 
5248 303 1 
5249 233 1 
5250 301 1 
5251 109 1 
5252 299 1 
5252 299 1 
5253 113 1 
5253 113 1 
5254 340 1 
5255 154 1 
5255 154 1 
5256 305 1 
5257 211 1 
5257 223 1 
5257 225 1 
5257 226 1 
5257 232 1 
5258 7 1 
5258 7 1 
5259 354 1 
5259 354 1 
5260 305 1 
5261 159 1 
5262 162 1 
5262 211 1 
5262 211 1 
5262 211 1 
5263 159 1 
5263 301 1 
5263 301 1 
5263 301 1 
5264 162 1 
5264 162 1 
5265 301 1 
5266 234 1 
5266 234 1 
5266 238 1 
5266 238 1 
5266 338 1 
5266 338 1 
5266 350 1 
5267 83 1 
5268 279 1 
5268 283 1 
5268 283 1 
5268 283 1 
5268 312 1 
5269 16 1 
5269 16 1 
5269 25 1 
5269 113 1 
5269 192 1 
5269 192 1 
5269 306 1 
5269 330 1 
5269 333 1 
5269 341 1 
5269 343 1 
5269 345 1 
5269 353 1 
5269 354 1 
5269 355 1 
5269 356 1 
5270 322 1 
5271 228 1 
5272 113 1 
5272 113 1 
5273 354 1 
5274 28 1 
5274 75 1 
5274 234 1 
5274 238 1 
5274 254 1 
5274 254 1 
5274 282 1 
5274 282 1 
5274 287 1 
5274 294 1 
5274 298 1 
5274 298 1 
5274 321 1 
5274 321 1 
5274 321 1 
5274 321 1 
5274 321 1 
5274 321 1 
5274 321 1 
5274 321 1 
5274 322 1 
5274 331 1 
5274 355 1 
5275 43 1 
5275 43 1 
5275 43 1 
5275 43 1 
5275 43 1 
5275 43 1 
5275 43 1 
5276 48 1 
5277 16 1 
5277 17 1 
5277 19 1 
5277 132 1 
5277 135 1 
5277 138 1 
5277 142 1 
5277 143 1 
5277 144 1 
5277 146 1 
5277 151 1 
5277 156 1 
5277 167 1 
5277 192 1 
5277 196 1 
5277 207 1 
5277 212 1 
5278 113 1 
5279 11 1 
5279 218 1 
5279 259 1 
5279 308 1 
5279 310 1 
5280 44 1 
5281 113 1 
5282 8 1 
5282 8 1 
5282 108 1 
5282 108 1 
5282 355 1 
5283 83 3 
5284 321 1 
5285 113 1 
5286 299 1 
5287 8 1 
5287 8 1 
5287 48 1 
5287 109 1 
5287 113 1 
5287 113 1 
5287 121 1 
5287 121 1 
5287 121 1 
5287 121 1 
5287 173 1 
5287 229 1 
5287 229 1 
5287 230 1 
5287 230 1 
5287 299 1 
5287 336 1 
5287 340 1 
5287 340 1 
5287 340 1 
5287 340 1 
5288 113 1 
5289 199 1 
5290 113 1 
5290 309 1 
5290 350 1 
5291 24 1 
5291 256 1 
5291 258 1 
5291 264 1 
5291 272 1 
5291 273 1 
5291 275 1 
5291 279 1 
5291 282 1 
5291 283 1 
5291 285 1 
5291 289 1 
5291 291 1 
5291 293 1 
5291 299 1 
5291 304 1 
5291 305 1 
5291 306 1 
5291 307 1 
5291 308 1 
5291 309 1 
5291 310 1 
5291 311 1 
5291 312 1 
5291 313 1 
5291 314 1 
5291 315 1 
5291 316 1 
5291 317 1 
5291 318 1 
5291 319 1 
5291 320 1 
5291 321 1 
5291 322 1 
5291 323 1 
5291 324 1 
5291 325 1 
5291 327 1 
5291 328 1 
5291 331 1 
5291 332 1 
5291 334 1 
5291 335 1 
5291 336 1 
5291 337 1 
5291 338 1 
5291 339 1 
5291 340 1 
5291 342 1 
5291 350 1 
5291 351 1 
5291 352 1 
5292 113 1 
5293 350 1 
5294 18 1 
5294 18 1 
5294 18 3 
5294 18 1 
5294 18 1 
5294 18 1 
5294 18 1 
5294 18 1 
5294 18 1 
5294 25 1 
5294 113 1 
5294 113 1 
5294 139 1 
5294 139 1 
5294 139 1 
5294 139 1 
5294 139 1 
5294 139 1 
5294 139 1 
5294 155 2 
5294 155 2 
5294 155 2 
5294 160 1 
5294 160 1 
5294 160 2 
5294 160 1 
5294 160 1 
5294 160 1 
5294 166 1 
5294 166 1 
5294 166 1 
5294 166 1 
5294 166 1 
5294 166 1 
5294 170 1 
5294 176 1 
5294 189 1 
5294 189 1 
5294 189 3 
5294 189 1 
5294 189 1 
5294 190 3 
5294 190 1 
5294 190 1 
5294 204 1 
5294 204 1 
5294 204 1 
5294 204 3 
5294 302 1 
5294 302 1 
5294 330 1 
5294 333 1 
5294 341 1 
5294 343 1 
5294 345 1 
5294 353 1 
5294 354 1 
5294 355 1 
5294 356 1 
5295 113 1 
5295 113 1 
5295 113 1 
5295 113 1 
5295 124 1 
5295 124 1 
5295 340 1 
5296 34 1 
5297 231 1 
5298 185 1 
5298 185 1 
5298 185 1 
5299 352 1 
5300 8 2 
5300 113 1 
5300 113 1 
5300 113 1 
5300 124 1 
5300 124 1 
5300 281 1 
5300 282 1 
5300 282 3 
5300 282 1 
5300 288 1 
5300 288 1 
5300 288 1 
5300 288 1 
5300 288 1 
5300 288 3 
5300 292 1 
5300 334 1 
5300 334 1 
5300 340 1 
5300 340 1 
5300 340 1 
5300 340 1 
5300 340 1 
5300 340 1 
5300 340 1 
5300 351 1 
5300 352 1 
5301 7 1 
5302 124 1 
5303 307 1 
5303 308 1 
5303 308 1 
5304 11 1 
5305 38 1 
5306 5 1 
5306 5 1 
5306 28 1 
5306 28 1 
5306 113 1 
5306 222 1 
5306 231 1 
5306 279 1 
5306 299 1 
5306 307 1 
5306 340 1 
5306 355 1 
5307 309 1 
5307 350 1 
5308 279 1 
5309 340 1 
5309 340 1 
5309 340 1 
5309 340 1 
5310 72 3 
5310 101 3 
5311 299 1 
5311 336 1 
5312 299 1 
5312 299 1 
5313 124 1 
5314 38 1 
5314 282 1 
5315 38 1 
5315 38 1 
5316 7 1 
5316 28 1 
5316 113 1 
5316 113 1 
5316 113 1 
5316 113 1 
5316 113 1 
5316 113 1 
5316 113 1 
5316 124 1 
5316 137 1 
5316 139 1 
5316 340 1 
5316 340 1 
5316 340 1 
5316 354 1 
5316 355 1 
5316 355 1 
5316 355 1 
5317 38 1 
5318 346 1 
5319 346 1 
5320 1 2 
5320 9 2 
5320 10 2 
5320 10 2 
5320 28 1 
5320 61 2 
5320 80 2 
5320 85 2 
5320 85 2 
5320 86 2 
5320 86 2 
5320 86 2 
5320 91 2 
5320 91 2 
5320 93 2 
5320 111 1 
5320 173 1 
5321 228 1 
5321 281 1 
5321 313 1 
5322 8 1 
5322 8 2 
5322 28 1 
5322 28 1 
5322 28 1 
5322 290 1 
5322 299 1 
5323 113 1 
5324 113 1 
5325 113 1 
5326 3 1 
5326 5 1 
5326 44 1 
5326 113 1 
5326 113 1 
5326 113 2 
5326 113 1 
5326 141 1 
5326 355 1 
5326 355 1 
5326 355 1 
5327 299 1 
5328 4 1 
5328 4 1 
5328 4 1 
5328 4 1 
5328 4 1 
5328 111 1 
5328 111 1 
5328 111 1 
5328 111 1 
5328 124 1 
5328 128 1 
5328 128 1 
5328 128 1 
5328 128 1 
5328 281 1 
5328 299 1 
5328 352 1 
5329 28 1 
5330 173 1 
5330 305 1 
5331 75 1 
5331 83 1 
5332 350 1 
5333 8 1 
5333 11 1 
5333 13 1 
5333 14 2 
5333 16 1 
5333 17 1 
5333 18 2 
5333 19 1 
5333 22 1 
5333 24 1 
5333 25 1 
5333 27 1 
5333 32 1 
5333 41 1 
5333 43 1 
5333 48 1 
5333 77 1 
5333 87 1 
5333 88 1 
5333 90 1 
5333 92 1 
5333 94 1 
5333 99 1 
5333 103 1 
5333 104 2 
5333 106 2 
5333 107 2 
5333 108 2 
5333 109 2 
5333 111 2 
5333 112 2 
5333 113 2 
5333 114 2 
5333 116 2 
5333 119 2 
5333 120 2 
5333 121 2 
5333 122 2 
5333 123 2 
5333 124 1 
5333 125 2 
5333 126 2 
5333 127 2 
5333 128 2 
5333 129 2 
5333 130 2 
5333 131 2 
5333 132 1 
5333 133 1 
5333 134 2 
5333 135 1 
5333 136 1 
5333 137 1 
5333 138 1 
5333 139 2 
5333 140 2 
5333 141 1 
5333 142 1 
5333 143 1 
5333 144 1 
5333 145 2 
5333 146 1 
5333 147 2 
5333 148 2 
5333 149 2 
5333 150 2 
5333 151 1 
5333 152 2 
5333 153 2 
5333 154 2 
5333 155 2 
5333 156 1 
5333 157 2 
5333 158 2 
5333 159 2 
5333 160 2 
5333 161 2 
5333 162 2 
5333 164 2 
5333 165 2 
5333 166 2 
5333 167 1 
5333 168 2 
5333 169 2 
5333 170 2 
5333 171 2 
5333 172 2 
5333 173 2 
5333 174 2 
5333 175 2 
5333 176 2 
5333 177 2 
5333 178 2 
5333 179 2 
5333 180 2 
5333 181 2 
5333 182 2 
5333 183 2 
5333 184 2 
5333 187 2 
5333 188 2 
5333 189 2 
5333 190 2 
5333 192 1 
5333 193 2 
5333 195 2 
5333 196 1 
5333 198 2 
5333 199 2 
5333 200 2 
5333 201 2 
5333 203 2 
5333 204 2 
5333 207 1 
5333 211 2 
5333 212 1 
5333 213 2 
5333 214 1 
5333 216 2 
5333 217 2 
5333 227 2 
5333 228 1 
5333 229 1 
5333 230 1 
5333 231 1 
5333 234 1 
5333 235 2 
5333 236 2 
5333 238 1 
5333 239 2 
5333 243 1 
5333 244 1 
5333 251 1 
5333 252 2 
5333 253 1 
5333 254 1 
5333 256 1 
5333 258 1 
5333 262 2 
5333 264 1 
5333 267 2 
5333 272 1 
5333 273 1 
5333 274 2 
5333 275 1 
5333 277 2 
5333 278 2 
5333 279 1 
5333 282 1 
5333 283 1 
5333 285 1 
5333 286 2 
5333 289 1 
5333 291 1 
5333 293 1 
5333 295 2 
5333 296 1 
5333 297 2 
5333 299 1 
5333 300 2 
5333 301 2 
5333 302 2 
5333 304 1 
5333 305 1 
5333 306 1 
5333 307 1 
5333 308 1 
5333 309 1 
5333 310 1 
5333 311 1 
5333 312 1 
5333 313 1 
5333 314 1 
5333 315 1 
5333 316 1 
5333 317 1 
5333 318 1 
5333 319 1 
5333 320 1 
5333 321 1 
5333 322 1 
5333 323 1 
5333 324 1 
5333 325 1 
5333 326 2 
5333 327 1 
5333 328 1 
5333 330 1 
5333 331 1 
5333 332 1 
5333 333 1 
5333 334 1 
5333 335 1 
5333 336 1 
5333 337 1 
5333 338 1 
5333 339 1 
5333 340 1 
5333 341 1 
5333 342 1 
5333 343 1 
5333 345 1 
5333 346 2 
5333 347 1 
5333 348 2 
5333 349 2 
5333 350 1 
5333 351 1 
5333 352 1 
5333 353 1 
5333 354 1 
5333 355 1 
5333 356 1 
5334 89 1 
5335 306 1 
5336 128 1 
5337 350 1 
5338 299 1 
5338 350 1 
5339 199 1 
5340 338 1 
5340 338 1 
5341 113 1 
5342 44 1 
5343 113 1 
5344 336 1 
5345 44 1 
5346 354 1 
5347 340 1 
5347 355 1 
5348 350 1 
5349 176 1 
5350 28 1 
5350 48 1 
5350 48 1 
5350 48 1 
5350 111 1 
5350 111 1 
5350 113 1 
5350 124 1 
5350 124 1 
5350 124 1 
5350 124 1 
5350 336 1 
5350 350 1 
5350 350 1 
5350 350 1 
5350 350 1 
5351 336 1 
5352 107 1 
5352 107 1 
5352 111 1 
5352 128 1 
5352 128 1 
5352 128 1 
5353 113 1 
5353 113 1 
5353 113 1 
5353 113 1 
5353 113 1 
5353 113 1 
5353 113 1 
5353 113 1 
5353 113 1 
5353 113 1 
5353 113 1 
5353 113 1 
5353 113 1 
5353 113 1 
5353 113 1 
5353 113 1 
5353 113 1 
5353 113 1 
5353 113 1 
5353 113 1 
5353 113 1 
5353 113 1 
5353 113 1 
5353 113 1 
5353 113 1 
5353 113 1 
5353 113 1 
5353 113 1 
5353 113 1 
5353 113 1 
5353 113 1 
5353 113 1 
5353 113 1 
5353 113 1 
5353 113 1 
5353 113 1 
5353 113 1 
5353 113 1 
5353 113 1 
5353 113 2 
5353 113 1 
5353 113 1 
5353 113 1 
5353 113 1 
5353 113 1 
5353 113 1 
5353 113 1 
5353 113 1 
5353 113 1 
5353 113 1 
5353 113 1 
5353 113 1 
5353 113 1 
5353 113 1 
5353 113 1 
5353 113 1 
5353 113 2 
5353 196 1 
5353 196 1 
5353 196 1 
5353 196 3 
5353 243 1 
5353 299 1 
5353 305 1 
5353 306 1 
5353 306 1 
5354 281 1 
5354 305 1 
5354 321 1 
5354 332 1 
5354 332 1 
5354 332 1 
5354 332 1 
5354 336 1 
5354 336 1 
5354 336 1 
5354 336 1 
5354 336 3 
5354 336 1 
5354 336 3 
5354 336 1 
5354 336 1 
5354 336 1 
5354 336 1 
5354 336 1 
5355 338 1 
5356 13 1 
5357 14 1 
5357 104 1 
5357 106 1 
5357 107 1 
5357 108 1 
5357 109 1 
5357 111 1 
5357 112 1 
5357 113 1 
5357 114 1 
5357 116 1 
5357 119 1 
5357 120 1 
5357 121 1 
5357 122 1 
5357 123 1 
5357 125 1 
5357 126 1 
5357 127 1 
5357 128 1 
5357 129 1 
5357 130 1 
5357 131 1 
5357 134 1 
5357 140 1 
5357 145 1 
5357 147 1 
5357 148 1 
5357 149 1 
5357 150 1 
5357 158 1 
5357 159 1 
5357 162 1 
5357 165 1 
5357 168 1 
5357 174 1 
5357 175 1 
5357 177 1 
5357 187 1 
5357 193 1 
5357 195 1 
5357 211 1 
5357 239 1 
5357 277 1 
5357 301 1 
5357 349 1 
5358 8 1 
5359 113 1 
5359 113 1 
5359 113 1 
5360 299 1 
5361 251 1 
5361 351 1 
5362 8 1 
5362 25 1 
5362 25 1 
5362 25 1 
5362 113 1 
5362 229 1 
5362 230 1 
5362 299 1 
5362 299 1 
5362 330 1 
5362 330 1 
5362 330 1 
5362 333 1 
5362 333 1 
5362 333 1 
5362 341 1 
5362 341 1 
5362 341 1 
5362 343 1 
5362 343 1 
5362 343 1 
5362 345 1 
5362 345 1 
5362 345 1 
5362 353 1 
5362 353 1 
5362 353 1 
5362 354 1 
5362 354 1 
5362 354 1 
5362 355 1 
5362 355 1 
5362 355 1 
5362 355 1 
5362 356 1 
5362 356 1 
5362 356 1 
5363 27 1 
5364 124 1 
5365 7 1 
5365 7 1 
5365 22 1 
5365 28 1 
5365 28 1 
5365 28 1 
5365 28 1 
5365 48 1 
5365 83 1 
5365 83 1 
5365 121 1 
5365 121 1 
5365 128 1 
5365 139 1 
5365 139 1 
5365 164 1 
5365 164 1 
5365 166 1 
5365 166 1 
5365 166 1 
5365 166 1 
5365 173 1 
5365 173 1 
5365 173 1 
5365 180 1 
5365 181 1 
5365 188 1 
5365 212 1 
5365 260 1 
5365 269 1 
5365 271 1 
5365 306 1 
5365 327 1 
5365 327 1 
5365 327 1 
5365 327 1 
5365 331 1 
5365 331 1 
5365 335 1 
5365 338 1 
5365 351 1 
5365 351 1 
5365 355 1 
5365 355 1 
5365 355 1 
5365 355 1 
5366 113 1 
5367 3 1 
5367 5 1 
5367 54 1 
5367 58 1 
5367 113 1 
5367 113 1 
5367 124 1 
5367 124 1 
5367 124 1 
5367 279 1 
5367 289 1 
5367 299 1 
5367 299 1 
5367 299 1 
5367 305 1 
5367 334 1 
5367 334 1 
5367 334 3 
5367 334 1 
5367 334 3 
5367 350 1 
5368 48 1 
5369 196 1 
5370 1 1 
5370 10 1 
5370 30 1 
5370 33 3 
5370 61 1 
5370 66 1 
5370 70 1 
5370 82 1 
5370 85 1 
5370 86 1 
5370 86 1 
5370 86 1 
5370 91 1 
5370 91 1 
5370 91 1 
5370 91 1 
5370 93 1 
5370 93 1 
5370 93 1 
5370 103 1 
5370 103 1 
5370 103 1 
5370 110 3 
5370 111 1 
5370 124 1 
5370 124 1 
5370 124 1 
5370 209 1 
5370 254 1 
5370 263 1 
5370 271 1 
5370 280 1 
5370 336 1 
5370 336 1 
5371 299 1 
5372 8 2 
5372 11 1 
5372 12 1 
5372 25 1 
5372 103 2 
5372 103 1 
5372 111 1 
5372 111 1 
5372 111 1 
5372 111 1 
5372 111 1 
5372 111 1 
5372 111 1 
5372 111 1 
5372 124 1 
5372 124 1 
5372 128 1 
5372 128 1 
5372 128 1 
5372 128 1 
5372 128 1 
5372 128 1 
5372 128 1 
5372 128 1 
5372 128 1 
5372 128 1 
5372 160 1 
5372 218 1 
5372 234 1 
5372 238 1 
5372 254 1 
5372 254 1 
5372 281 1 
5372 290 1 
5372 299 1 
5372 299 1 
5372 299 1 
5372 309 1 
5372 322 1 
5372 330 1 
5372 331 1 
5372 333 1 
5372 334 1 
5372 334 1 
5372 334 1 
5372 334 1 
5372 335 1 
5372 335 1 
5372 335 1 
5372 337 1 
5372 337 1 
5372 337 1 
5372 338 1 
5372 338 1 
5372 338 1 
5372 338 1 
5372 338 1 
5372 339 1 
5372 341 1 
5372 343 1 
5372 345 1 
5372 350 1 
5372 350 1 
5372 351 1 
5372 353 1 
5372 354 1 
5372 355 1 
5372 355 1 
5372 356 1 
5373 305 1 
5374 128 1 
5374 128 1 
5374 128 1 
5374 310 1 
5374 339 1 
5374 339 1 
5374 339 1 
5374 339 1 
5374 339 1 
5374 339 1 
5375 199 1 
5376 113 1 
5377 128 2 
5377 128 2 
5377 128 2 
5377 128 1 
5377 128 1 
5378 113 1 
5378 124 1 
5378 124 1 
5378 299 1 
5379 44 1 
5379 254 1 
5380 313 1 
5381 44 1 
5381 121 1 
5381 160 2 
5381 160 1 
5381 160 1 
5381 192 1 
5381 196 1 
5381 350 1 
5382 124 1 
5382 124 1 
5382 124 1 
5383 7 1 
5383 8 1 
5383 8 1 
5383 8 1 
5383 8 1 
5383 8 1 
5383 8 1 
5383 8 1 
5383 8 2 
5383 8 2 
5383 8 1 
5383 8 1 
5383 8 1 
5383 8 1 
5383 8 1 
5383 8 1 
5383 8 2 
5383 8 2 
5383 8 1 
5383 8 1 
5383 8 1 
5383 8 1 
5383 8 1 
5383 8 1 
5383 8 1 
5383 28 1 
5383 28 1 
5383 99 3 
5383 99 1 
5383 139 1 
5383 166 1 
5383 173 1 
5383 173 1 
5383 181 1 
5383 188 1 
5383 189 1 
5383 212 1 
5383 228 1 
5383 231 1 
5383 282 1 
5383 282 1 
5383 282 1 
5383 282 1 
5383 282 1 
5383 282 1 
5383 311 1 
5383 350 1 
5383 350 1 
5383 350 1 
5383 350 1 
5383 350 1 
5383 350 1 
5383 350 1 
5383 350 1 
5384 48 1 
5385 113 1 
5386 113 1 
5386 113 1 
5386 113 1 
5386 113 1 
5386 113 1 
5386 113 1 
5387 28 1 
5388 350 1 
5388 350 1 
5388 350 1 
5389 1 2 
5389 4 1 
5389 8 2 
5389 8 1 
5389 8 1 
5389 9 2 
5389 10 2 
5389 10 2 
5389 13 1 
5389 13 3 
5389 13 1 
5389 13 1 
5389 13 1 
5389 13 1 
5389 13 1 
5389 13 1 
5389 13 1 
5389 13 1 
5389 28 1 
5389 61 2 
5389 75 1 
5389 80 2 
5389 85 2 
5389 85 2 
5389 86 2 
5389 86 2 
5389 93 2 
5389 93 2 
5389 93 2 
5389 93 2 
5389 111 1 
5389 111 1 
5389 113 1 
5389 113 1 
5389 113 1 
5389 121 1 
5389 121 1 
5389 141 1 
5389 164 2 
5389 166 1 
5389 173 1 
5389 173 1 
5389 173 1 
5389 181 1 
5389 217 1 
5389 232 2 
5389 232 3 
5389 281 1 
5389 282 1 
5389 299 1 
5389 299 1 
5389 299 1 
5389 299 1 
5389 342 1 
5390 28 1 
5391 113 1 
5392 18 1 
5392 18 1 
5393 113 1 
5393 113 1 
5393 228 1 
5394 290 1 
5395 30 1 
5395 30 1 
5395 30 1 
5395 38 2 
5395 38 2 
5395 70 1 
5395 93 1 
5395 93 1 
5395 93 1 
5395 93 1 
5395 111 1 
5395 111 1 
5396 166 1 
5397 93 2 
5397 93 2 
5397 124 1 
5397 124 1 
5397 124 1 
5397 124 1 
5397 124 1 
5397 124 1 
5397 124 1 
5397 124 1 
5397 124 1 
5397 124 1 
5398 113 1 
5399 113 1 
5400 44 1 
5401 113 1 
5401 113 1 
5401 113 1 
5401 113 1 
5401 113 1 
5401 139 1 
5401 139 1 
5401 306 1 
5401 322 1 
5401 350 1 
5401 350 1 
5402 113 1 
5402 299 1 
5403 217 1 
5404 113 1 
5404 113 1 
5404 299 1 
5404 350 1 
5405 113 1 
5406 113 1 
5407 354 1 
5408 5 1 
5408 113 1 
5409 350 1 
5410 354 1 
5411 12 1 
5411 14 2 
5411 18 2 
5411 21 1 
5411 75 1 
5411 83 1 
5411 95 1 
5411 96 1 
5411 98 1 
5411 100 1 
5411 102 1 
5411 104 2 
5411 105 1 
5411 106 2 
5411 107 2 
5411 108 2 
5411 109 2 
5411 111 2 
5411 112 2 
5411 113 2 
5411 114 2 
5411 115 1 
5411 116 2 
5411 117 1 
5411 118 1 
5411 119 2 
5411 120 2 
5411 121 2 
5411 122 2 
5411 123 2 
5411 125 2 
5411 126 2 
5411 127 2 
5411 128 2 
5411 129 2 
5411 130 2 
5411 131 2 
5411 133 1 
5411 134 2 
5411 136 1 
5411 139 2 
5411 140 2 
5411 145 2 
5411 147 2 
5411 148 2 
5411 149 2 
5411 150 2 
5411 152 2 
5411 153 2 
5411 154 2 
5411 157 2 
5411 158 2 
5411 159 2 
5411 160 2 
5411 161 2 
5411 162 2 
5411 163 1 
5411 165 2 
5411 166 2 
5411 168 2 
5411 169 2 
5411 170 2 
5411 171 2 
5411 172 2 
5411 173 2 
5411 174 2 
5411 175 2 
5411 176 2 
5411 177 2 
5411 178 2 
5411 179 2 
5411 180 2 
5411 181 2 
5411 182 2 
5411 183 2 
5411 184 2 
5411 187 2 
5411 188 2 
5411 189 2 
5411 191 1 
5411 193 2 
5411 194 1 
5411 195 2 
5411 197 1 
5411 198 2 
5411 199 2 
5411 200 2 
5411 201 2 
5411 202 1 
5411 203 2 
5411 204 2 
5411 205 1 
5411 206 1 
5411 209 1 
5411 210 1 
5411 211 2 
5411 213 2 
5411 216 2 
5411 217 2 
5411 218 1 
5411 219 1 
5411 220 1 
5411 221 1 
5411 222 1 
5411 223 1 
5411 224 1 
5411 225 1 
5411 226 1 
5411 227 2 
5411 232 1 
5411 233 1 
5411 235 2 
5411 236 2 
5411 237 1 
5411 239 2 
5411 240 1 
5411 241 1 
5411 242 1 
5411 245 1 
5411 246 1 
5411 247 1 
5411 248 1 
5411 249 1 
5411 250 1 
5411 252 2 
5411 262 2 
5411 267 2 
5411 268 1 
5411 274 2 
5411 277 2 
5411 278 2 
5411 286 2 
5411 294 1 
5411 295 2 
5411 297 2 
5411 300 2 
5411 301 2 
5411 302 2 
5411 326 2 
5411 346 2 
5411 348 2 
5411 349 2 
5412 12 1 
5412 12 1 
5412 94 1 
5412 209 1 
5412 209 1 
5412 210 2 
5412 218 1 
5412 219 1 
5412 219 1 
5412 244 1 
5412 244 1 
5412 257 1 
5412 259 1 
5412 261 1 
5412 265 1 
5412 280 1 
5412 280 1 
5413 231 1 
5413 281 3 
5413 281 1 
5414 67 1 
5415 192 1 
5416 327 1 
5416 350 1 
5417 306 1 
5418 279 1 
5419 354 1 
5419 355 1 
5420 113 1 
5420 113 1 
5420 113 1 
5421 350 1 
5422 111 1 
5422 111 1 
5423 113 1 
5423 113 1 
5423 113 1 
5423 113 1 
5423 121 1 
5424 24 1 
5424 256 1 
5424 258 1 
5424 264 1 
5424 272 1 
5424 273 1 
5424 275 1 
5424 279 1 
5424 282 1 
5424 283 1 
5424 285 1 
5424 285 1 
5424 289 1 
5424 291 1 
5424 293 1 
5424 299 1 
5424 304 1 
5424 305 1 
5424 305 1 
5424 306 1 
5424 307 1 
5424 308 1 
5424 309 1 
5424 310 1 
5424 311 1 
5424 312 1 
5424 313 1 
5424 314 1 
5424 315 1 
5424 316 1 
5424 317 1 
5424 318 1 
5424 319 1 
5424 320 1 
5424 321 1 
5424 322 1 
5424 323 1 
5424 324 1 
5424 325 1 
5424 327 1 
5424 328 1 
5424 331 1 
5424 332 1 
5424 334 1 
5424 335 1 
5424 336 1 
5424 337 1 
5424 338 1 
5424 339 1 
5424 340 1 
5424 342 1 
5424 350 1 
5424 351 1 
5424 352 1 
5425 34 1 
5426 1 1 
5426 1 1 
5426 9 1 
5426 10 1 
5426 12 1 
5426 21 3 
5426 21 1 
5426 21 3 
5426 23 3 
5426 61 1 
5426 61 1 
5426 70 1 
5426 70 1 
5426 80 1 
5426 85 1 
5426 86 1 
5426 95 3 
5426 95 1 
5426 96 1 
5426 97 2 
5426 98 1 
5426 100 3 
5426 100 1 
5426 102 1 
5426 102 3 
5426 111 1 
5426 115 1 
5426 115 3 
5426 117 3 
5426 117 1 
5426 118 1 
5426 118 3 
5426 124 1 
5426 124 1 
5426 128 1 
5426 128 1 
5426 128 1 
5426 128 1 
5426 128 1 
5426 163 1 
5426 191 1 
5426 194 1 
5426 197 1 
5426 202 1 
5426 205 1 
5426 206 1 
5426 209 1 
5426 209 1 
5426 209 1 
5426 209 1 
5426 210 1 
5426 210 1 
5426 218 1 
5426 218 1 
5426 219 1 
5426 219 1 
5426 219 1 
5426 219 1 
5426 220 3 
5426 220 1 
5426 221 1 
5426 221 1 
5426 221 1 
5426 222 1 
5426 222 1 
5426 222 1 
5426 222 3 
5426 222 3 
5426 222 2 
5426 223 1 
5426 224 1 
5426 225 1 
5426 226 1 
5426 232 1 
5426 233 1 
5426 237 1 
5426 237 3 
5426 240 1 
5426 240 3 
5426 241 1 
5426 241 3 
5426 242 1 
5426 242 3 
5426 245 1 
5426 246 1 
5426 247 1 
5426 248 1 
5426 249 1 
5426 250 1 
5426 253 1 
5426 259 1 
5426 260 1 
5426 265 1 
5426 268 3 
5426 268 1 
5426 269 1 
5426 281 1 
5426 283 1 
5426 294 1 
5426 294 1 
5426 294 1 
5426 294 1 
5426 299 1 
5426 308 1 
5426 312 1 
5426 334 1 
5426 334 1 
5426 335 1 
5426 335 1 
5426 337 1 
5426 337 1 
5426 337 3 
5426 337 1 
5426 337 1 
5426 337 1 
5426 337 1 
5426 337 3 
5426 337 1 
5426 338 3 
5426 338 1 
5426 338 1 
5426 338 1 
5426 338 1 
5426 338 1 
5426 338 3 
5426 338 1 
5426 338 1 
5426 338 1 
5426 338 1 
5426 338 1 
5426 338 1 
5426 338 1 
5426 338 1 
5426 338 1 
5426 338 1 
5426 350 1 
5426 351 1 
5426 351 1 
5427 299 1 
5427 299 1 
5427 299 1 
5427 354 1 
5428 103 1 
5428 124 1 
5428 299 1 
5429 299 1 
5430 350 1 
5430 354 1 
5431 133 1 
5431 136 1 
5432 338 1 
5432 338 1 
5433 321 1 
5434 113 1 
5434 231 1 
5434 281 1 
5434 282 1 
5434 287 1 
5434 298 1 
5435 211 1 
5435 211 1 
5436 25 1 
5436 113 1 
5436 113 1 
5436 139 1 
5436 173 1 
5436 189 1 
5436 248 3 
5436 269 1 
5436 269 3 
5436 281 1 
5436 281 1 
5436 281 1 
5436 281 1 
5436 281 3 
5436 281 1 
5436 281 1 
5436 281 1 
5436 281 1 
5436 281 1 
5436 287 1 
5436 330 1 
5436 333 1 
5436 336 1 
5436 341 1 
5436 343 1 
5436 345 1 
5436 353 1 
5436 354 1 
5436 354 1 
5436 354 3 
5436 354 1 
5436 354 1 
5436 355 1 
5436 355 1 
5436 355 1 
5436 355 1 
5436 355 1 
5436 355 1 
5436 355 1 
5436 355 1 
5436 355 1 
5436 355 1 
5436 355 1 
5436 355 1 
5436 355 1 
5436 355 1 
5436 355 1 
5436 355 1 
5436 356 1 
5437 311 1 
5438 246 1 
5438 247 1 
5438 248 1 
5439 204 1 
5439 204 3 
5440 245 1 
5441 28 1 
5441 261 1 
5442 1 2 
5442 61 2 
5443 113 1 
5443 113 1 
5443 113 1 
5443 290 1 
5443 290 1 
5443 292 1 
5443 294 1 
5443 298 1 
5444 8 1 
5444 8 1 
5444 8 1 
5444 8 1 
5444 108 1 
5444 108 1 
5444 108 1 
5444 108 1 
5444 108 1 
5444 108 1 
5444 111 1 
5444 128 1 
5444 128 1 
5444 128 1 
5444 128 1 
5444 243 1 
5444 259 1 
5444 265 1 
5444 281 1 
5444 304 3 
5444 304 1 
5444 310 1 
5444 310 1 
5444 332 1 
5444 332 1 
5444 332 1 
5444 336 1 
5444 336 1 
5444 336 1 
5444 336 1 
5444 350 1 
5445 8 1 
5445 113 1 
5445 113 1 
5445 113 1 
5445 113 1 
5445 113 1 
5445 113 1 
5445 113 1 
5445 124 1 
5445 124 1 
5445 128 2 
5445 128 1 
5445 128 1 
5445 128 1 
5445 128 1 
5445 340 1 
5446 3 1 
5446 3 1 
5446 4 1 
5446 4 1 
5446 5 1 
5446 7 1 
5446 8 1 
5446 8 1 
5446 8 1 
5446 16 1 
5446 17 1 
5446 19 1 
5446 75 1 
5446 83 1 
5446 103 1 
5446 108 1 
5446 113 1 
5446 124 1 
5446 124 1 
5446 124 1 
5446 124 1 
5446 124 1 
5446 128 1 
5446 128 1 
5446 128 1 
5446 128 1 
5446 128 1 
5446 128 1 
5446 128 1 
5446 128 1 
5446 128 1 
5446 128 1 
5446 128 1 
5446 128 1 
5446 128 1 
5446 128 1 
5446 128 1 
5446 128 1 
5446 128 1 
5446 128 1 
5446 128 1 
5446 128 1 
5446 128 1 
5446 132 1 
5446 135 1 
5446 138 1 
5446 142 1 
5446 143 1 
5446 144 1 
5446 146 1 
5446 151 1 
5446 156 1 
5446 167 1 
5446 192 1 
5446 196 1 
5446 207 1 
5446 212 1 
5446 231 1 
5446 251 1 
5446 260 1 
5446 269 1 
5446 294 1 
5446 298 1 
5446 336 1 
5446 338 1 
5446 338 1 
5446 338 1 
5446 350 1 
5446 354 1 
5447 1 1 
5447 1 1 
5447 1 2 
5447 1 2 
5447 3 1 
5447 3 1 
5447 3 1 
5447 3 1 
5447 3 1 
5447 3 1 
5447 3 1 
5447 3 1 
5447 4 1 
5447 4 1 
5447 4 1 
5447 4 1 
5447 5 1 
5447 5 1 
5447 5 1 
5447 5 1 
5447 5 1 
5447 5 1 
5447 8 1 
5447 21 1 
5447 25 1 
5447 28 1 
5447 28 1 
5447 28 1 
5447 28 1 
5447 30 1 
5447 61 2 
5447 61 2 
5447 61 1 
5447 61 1 
5447 77 1 
5447 81 3 
5447 83 1 
5447 83 1 
5447 93 1 
5447 95 1 
5447 103 1 
5447 107 1 
5447 107 1 
5447 109 1 
5447 109 1 
5447 109 1 
5447 109 3 
5447 111 1 
5447 111 1 
5447 111 1 
5447 111 1 
5447 111 1 
5447 111 1 
5447 113 1 
5447 113 1 
5447 113 1 
5447 113 2 
5447 113 1 
5447 113 1 
5447 113 1 
5447 113 1 
5447 121 1 
5447 121 1 
5447 124 1 
5447 124 1 
5447 124 1 
5447 125 1 
5447 128 1 
5447 128 1 
5447 128 1 
5447 128 1 
5447 128 1 
5447 128 1 
5447 128 1 
5447 128 1 
5447 128 1 
5447 128 1 
5447 128 1 
5447 128 1 
5447 128 1 
5447 128 1 
5447 128 1 
5447 128 1 
5447 128 1 
5447 128 1 
5447 128 1 
5447 128 1 
5447 128 1 
5447 139 1 
5447 153 1 
5447 166 1 
5447 166 1 
5447 166 1 
5447 173 1 
5447 173 1 
5447 173 1 
5447 200 3 
5447 209 1 
5447 228 3 
5447 228 1 
5447 228 1 
5447 228 1 
5447 228 1 
5447 228 1 
5447 228 1 
5447 231 3 
5447 231 1 
5447 231 1 
5447 231 1 
5447 255 1 
5447 255 1 
5447 270 1 
5447 270 1 
5447 270 1 
5447 270 1 
5447 270 3 
5447 270 1 
5447 270 1 
5447 270 1 
5447 270 1 
5447 270 1 
5447 270 1 
5447 279 1 
5447 279 1 
5447 279 1 
5447 281 1 
5447 281 1 
5447 282 1 
5447 283 1 
5447 283 1 
5447 284 1 
5447 285 1 
5447 289 1 
5447 289 1 
5447 289 1 
5447 289 1 
5447 290 1 
5447 291 1 
5447 291 1 
5447 294 1 
5447 294 1 
5447 298 1 
5447 299 1 
5447 299 1 
5447 299 1 
5447 299 1 
5447 299 1 
5447 299 1 
5447 303 1 
5447 305 1 
5447 305 1 
5447 305 1 
5447 306 1 
5447 306 1 
5447 307 1 
5447 307 1 
5447 308 1 
5447 308 1 
5447 308 1 
5447 308 1 
5447 308 1 
5447 308 1 
5447 308 1 
5447 308 1 
5447 308 1 
5447 308 1 
5447 309 1 
5447 309 1 
5447 309 1 
5447 309 1 
5447 309 1 
5447 311 1 
5447 311 1 
5447 311 1 
5447 311 1 
5447 312 1 
5447 312 1 
5447 329 1 
5447 330 1 
5447 333 1 
5447 340 1 
5447 340 1 
5447 340 1 
5447 340 1 
5447 340 1 
5447 340 1 
5447 340 1 
5447 340 1 
5447 340 1 
5447 340 1 
5447 340 1 
5447 340 1 
5447 340 1 
5447 340 1 
5447 340 1 
5447 340 1 
5447 340 1 
5447 340 1 
5447 340 1 
5447 340 1 
5447 340 1 
5447 340 1 
5447 340 1 
5447 340 1 
5447 340 1 
5447 340 1 
5447 340 1 
5447 340 1 
5447 340 1 
5447 340 1 
5447 340 1 
5447 340 1 
5447 340 1 
5447 340 1 
5447 340 1 
5447 340 1 
5447 340 1 
5447 340 1 
5447 340 1 
5447 340 1 
5447 340 1 
5447 340 1 
5447 340 1 
5447 340 1 
5447 340 1 
5447 340 1 
5447 340 1 
5447 340 1 
5447 340 1 
5447 340 1 
5447 340 1 
5447 340 1 
5447 340 1 
5447 340 1 
5447 340 1 
5447 340 1 
5447 340 1 
5447 340 1 
5447 341 1 
5447 343 1 
5447 345 1 
5447 350 1 
5447 350 1 
5447 350 1 
5447 350 1 
5447 351 1 
5447 352 1 
5447 352 1 
5447 352 1 
5447 352 1 
5447 352 1 
5447 352 1 
5447 353 1 
5447 354 1 
5447 355 1 
5447 355 1 
5447 356 1 
5448 354 1 
5449 332 1 
5450 28 1 
5451 292 1 
5451 292 1 
5452 299 1 
5453 124 1 
5454 124 1 
5455 121 1 
5456 231 1 
5457 139 1 
5457 166 1 
5458 7 1 
5458 12 1 
5458 16 1 
5458 16 1 
5458 18 1 
5458 18 1 
5458 107 1 
5458 107 1 
5458 108 1 
5458 108 1 
5458 108 1 
5458 108 1 
5458 108 1 
5458 108 1 
5458 108 1 
5458 128 1 
5458 128 1 
5458 128 2 
5458 128 1 
5458 128 1 
5458 128 2 
5458 128 1 
5458 128 1 
5458 128 1 
5458 128 1 
5458 128 1 
5458 128 1 
5458 128 1 
5458 128 1 
5458 128 1 
5458 212 1 
5458 212 1 
5458 212 1 
5458 212 1 
5458 212 1 
5458 227 1 
5458 227 1 
5458 227 1 
5458 265 1 
5458 265 1 
5458 307 1 
5458 311 1 
5458 311 1 
5458 313 1 
5458 340 1 
5459 113 1 
5459 113 1 
5459 113 1 
5459 113 1 
5459 113 1 
5459 113 1 
5460 5 1 
5460 5 1 
5460 7 1 
5460 7 1 
5460 7 1 
5460 7 1 
5460 10 2 
5460 24 1 
5460 25 1 
5460 25 1 
5460 28 1 
5460 28 1 
5460 28 1 
5460 28 1 
5460 28 1 
5460 28 1 
5460 28 1 
5460 28 1 
5460 28 1 
5460 30 1 
5460 38 2 
5460 48 1 
5460 52 3 
5460 52 3 
5460 58 1 
5460 70 1 
5460 85 2 
5460 86 2 
5460 107 1 
5460 113 1 
5460 113 1 
5460 113 1 
5460 124 1 
5460 139 1 
5460 160 1 
5460 160 1 
5460 166 1 
5460 173 1 
5460 173 1 
5460 189 1 
5460 189 1 
5460 189 1 
5460 217 1 
5460 217 1 
5460 217 1 
5460 228 1 
5460 228 1 
5460 228 1 
5460 228 1 
5460 228 1 
5460 228 1 
5460 228 1 
5460 228 1 
5460 228 1 
5460 228 1 
5460 256 1 
5460 258 1 
5460 259 1 
5460 264 1 
5460 272 1 
5460 273 1 
5460 275 1 
5460 279 1 
5460 282 1 
5460 283 1 
5460 285 1 
5460 286 3 
5460 289 1 
5460 291 1 
5460 293 1 
5460 299 1 
5460 302 1 
5460 304 1 
5460 305 1 
5460 306 1 
5460 307 1 
5460 308 1 
5460 309 1 
5460 309 1 
5460 310 1 
5460 311 1 
5460 312 1 
5460 313 1 
5460 314 1 
5460 315 1 
5460 316 1 
5460 317 1 
5460 318 1 
5460 319 1 
5460 320 1 
5460 321 1 
5460 322 1 
5460 323 1 
5460 324 1 
5460 325 1 
5460 327 1 
5460 328 1 
5460 330 1 
5460 330 1 
5460 331 1 
5460 332 1 
5460 333 1 
5460 333 1 
5460 334 1 
5460 335 1 
5460 336 1 
5460 336 1 
5460 336 1 
5460 336 1 
5460 336 1 
5460 336 1 
5460 336 1 
5460 336 1 
5460 336 1 
5460 336 1 
5460 336 1 
5460 336 1 
5460 337 1 
5460 338 1 
5460 339 1 
5460 340 1 
5460 340 1 
5460 341 1 
5460 341 1 
5460 342 1 
5460 343 1 
5460 343 1 
5460 345 1 
5460 345 1 
5460 350 1 
5460 350 1 
5460 350 1 
5460 350 1 
5460 351 1 
5460 351 1 
5460 352 1 
5460 353 1 
5460 353 1 
5460 354 1 
5460 354 1 
5460 354 1 
5460 354 1 
5460 354 1 
5460 354 1 
5460 355 1 
5460 355 1 
5460 355 1 
5460 355 1 
5460 355 1 
5460 355 1 
5460 355 1 
5460 355 1 
5460 355 1 
5460 355 1 
5460 355 1 
5460 356 1 
5460 356 1 
5461 113 1 
5461 113 1 
5462 332 1 
5463 154 1 
5464 124 1 
5465 14 1 
5465 14 1 
5466 109 1 
5467 1 2 
5467 5 1 
5467 7 1 
5467 16 3 
5467 16 1 
5467 44 1 
5467 61 2 
5467 113 1 
5467 113 1 
5467 139 1 
5467 176 1 
5467 190 1 
5467 190 3 
5467 192 1 
5467 192 3 
5467 243 1 
5467 246 2 
5467 246 3 
5467 246 3 
5467 305 1 
5467 355 1 
5467 355 1 
5467 355 1 
5467 355 1 
5468 283 1 
5468 307 1 
5468 340 1 
5468 351 1 
5469 190 1 
5470 44 1 
5471 139 1 
5471 139 1 
5472 113 1 
5472 113 1 
5472 113 2 
5472 160 1 
5472 160 1 
5472 160 2 
5472 160 1 
5472 160 1 
5472 160 1 
5472 173 1 
5472 173 1 
5472 188 1 
5472 288 1 
5472 322 1 
5472 332 1 
5472 340 1 
5473 354 1 
5474 8 1 
5474 8 1 
5474 8 1 
5474 8 1 
5474 8 1 
5474 8 2 
5474 8 1 
5474 8 1 
5474 8 1 
5474 8 1 
5474 8 1 
5474 8 1 
5474 8 1 
5474 8 1 
5474 14 1 
5474 28 1 
5474 28 1 
5474 28 1 
5474 28 1 
5474 28 1 
5474 28 1 
5474 28 1 
5474 28 1 
5474 28 1 
5474 28 1 
5474 66 1 
5474 77 1 
5474 82 1 
5474 108 1 
5474 108 1 
5474 108 1 
5474 111 1 
5474 111 1 
5474 111 1 
5474 111 1 
5474 112 1 
5474 112 1 
5474 113 1 
5474 113 1 
5474 139 1 
5474 139 1 
5474 139 1 
5474 139 1 
5474 139 1 
5474 148 3 
5474 162 1 
5474 162 1 
5474 162 1 
5474 162 1 
5474 162 1 
5474 162 1 
5474 162 1 
5474 162 1 
5474 162 1 
5474 162 1 
5474 162 1 
5474 162 1 
5474 162 1 
5474 162 1 
5474 162 1 
5474 162 1 
5474 162 3 
5474 162 1 
5474 162 1 
5474 162 1 
5474 162 1 
5474 162 1 
5474 166 1 
5474 166 1 
5474 166 1 
5474 166 1 
5474 166 1 
5474 166 1 
5474 173 1 
5474 189 1 
5474 211 1 
5474 211 1 
5474 211 1 
5474 211 1 
5474 211 1 
5474 211 1 
5474 211 1 
5474 211 1 
5474 211 1 
5474 211 1 
5474 211 1 
5474 211 1 
5474 211 1 
5474 211 1 
5474 211 1 
5474 211 1 
5474 211 1 
5474 211 1 
5474 211 1 
5474 211 1 
5474 211 1 
5474 211 1 
5474 211 1 
5474 211 1 
5474 211 1 
5474 211 1 
5474 211 1 
5474 211 1 
5474 211 1 
5474 211 1 
5474 228 1 
5474 228 1 
5474 228 1 
5474 228 1 
5474 243 1 
5474 243 1 
5474 243 1 
5474 243 1 
5474 243 1 
5474 243 1 
5474 243 1 
5474 243 1 
5474 243 1 
5474 243 1 
5474 243 1 
5474 243 3 
5474 243 3 
5474 243 1 
5474 243 1 
5474 243 1 
5474 243 1 
5474 243 1 
5474 243 1 
5474 243 1 
5474 243 1 
5474 263 1 
5474 350 1 
5474 350 1 
5475 113 1 
5475 113 1 
5475 340 1 
5476 4 1 
5476 12 1 
5476 21 1 
5476 95 1 
5476 96 1 
5476 98 1 
5476 100 1 
5476 102 1 
5476 115 1 
5476 117 1 
5476 118 1 
5476 128 1 
5476 128 1 
5476 128 1 
5476 128 1 
5476 128 1 
5476 128 1 
5476 128 1 
5476 128 1 
5476 128 1 
5476 141 1 
5476 163 1 
5476 191 1 
5476 194 1 
5476 197 1 
5476 198 1 
5476 201 1 
5476 202 1 
5476 205 1 
5476 206 1 
5476 209 1 
5476 210 1 
5476 218 1 
5476 219 1 
5476 220 1 
5476 221 1 
5476 221 2 
5476 221 1 
5476 221 1 
5476 221 3 
5476 221 1 
5476 221 3 
5476 222 1 
5476 223 1 
5476 224 1 
5476 225 1 
5476 226 1 
5476 232 1 
5476 233 1 
5476 245 1 
5476 246 1 
5476 247 1 
5476 248 1 
5476 249 1 
5476 250 1 
5476 294 1 
5476 348 1 
5477 350 1 
5477 354 1 
5477 354 1 
5478 113 1 
5479 3 1 
5479 4 1 
5479 28 1 
5479 83 1 
5479 281 1 
5479 354 1 
5480 340 1 
5481 28 1 
5481 28 1 
5481 113 2 
5481 166 1 
5482 13 1 
5482 16 1 
5482 16 1 
5482 16 1 
5482 16 1 
5482 16 1 
5482 16 1 
5482 17 1 
5482 17 1 
5482 17 1 
5482 17 1 
5482 17 1 
5482 17 1 
5482 19 1 
5482 19 1 
5482 19 1 
5482 19 1 
5482 19 1 
5482 19 1 
5482 21 1 
5482 41 1 
5482 95 1 
5482 97 1 
5482 97 1 
5482 97 1 
5482 97 1 
5482 97 1 
5482 97 1 
5482 97 1 
5482 97 1 
5482 97 1 
5482 97 1 
5482 97 1 
5482 97 1 
5482 103 1 
5482 132 1 
5482 132 1 
5482 132 1 
5482 132 1 
5482 132 1 
5482 132 1 
5482 135 1 
5482 135 1 
5482 135 1 
5482 135 1 
5482 135 1 
5482 135 1 
5482 138 1 
5482 138 1 
5482 138 1 
5482 138 1 
5482 138 1 
5482 138 1 
5482 142 1 
5482 142 1 
5482 142 1 
5482 142 1 
5482 142 1 
5482 142 1 
5482 143 1 
5482 143 1 
5482 143 1 
5482 143 1 
5482 143 1 
5482 143 1 
5482 144 1 
5482 144 1 
5482 144 1 
5482 144 1 
5482 144 1 
5482 144 1 
5482 146 1 
5482 146 1 
5482 146 1 
5482 146 1 
5482 146 1 
5482 146 1 
5482 151 1 
5482 151 1 
5482 151 1 
5482 151 1 
5482 151 1 
5482 151 1 
5482 156 1 
5482 156 1 
5482 156 1 
5482 156 1 
5482 156 1 
5482 156 1 
5482 167 1 
5482 167 1 
5482 167 1 
5482 167 1 
5482 167 1 
5482 167 1 
5482 192 1 
5482 192 1 
5482 192 1 
5482 192 1 
5482 192 1 
5482 192 1 
5482 196 1 
5482 196 1 
5482 196 1 
5482 196 1 
5482 196 1 
5482 196 1 
5482 207 1 
5482 207 1 
5482 207 1 
5482 207 1 
5482 207 1 
5482 207 1 
5482 212 1 
5482 212 1 
5482 212 1 
5482 212 1 
5482 212 1 
5482 212 1 
5482 344 1 
5482 344 1 
5482 344 1 
5482 344 1 
5482 344 1 
5482 344 1 
5482 344 1 
5482 344 1 
5482 344 1 
5482 344 1 
5482 344 1 
5482 344 1 
5483 294 1 
5484 299 1 
5485 28 1 
5486 185 1 
5487 70 1 
5487 299 1 
5488 281 1 
5489 186 1 
5490 285 1 
5490 289 1 
5490 322 1 
5490 322 1 
5490 322 1 
5491 113 1 
5492 38 1 
5493 199 1 
5493 199 1 
5493 199 1 
5493 199 1 
5494 4 1 
5494 4 1 
5494 5 1 
5494 7 1 
5494 8 1 
5494 75 1 
5494 83 1 
5494 103 1 
5494 103 1 
5494 103 1 
5494 113 1 
5494 113 1 
5494 128 1 
5494 128 1 
5494 128 1 
5494 128 1 
5494 128 1 
5494 128 1 
5494 128 1 
5494 128 1 
5494 128 1 
5494 128 1 
5494 128 1 
5494 128 1 
5494 128 1 
5494 128 1 
5494 139 1 
5494 173 1 
5494 173 1 
5494 181 1 
5494 219 1 
5494 219 1 
5494 254 1 
5494 255 1 
5494 261 1 
5494 293 1 
5494 338 1 
5494 338 1 
5494 339 1 
5494 342 1 
5494 350 1 
5495 103 1 
5495 113 1 
5495 124 1 
5495 124 1 
5495 124 1 
5495 128 1 
5495 128 1 
5495 128 1 
5495 128 2 
5495 128 1 
5495 139 1 
5495 160 1 
5495 306 1 
5495 331 1 
5495 332 1 
5495 334 1 
5495 335 1 
5495 350 1 
5496 350 1 
5497 111 1 
5498 7 1 
5498 28 1 
5499 13 1 
5500 93 2 
5501 124 1 
5501 124 1 
5501 299 1 
5502 8 2 
5502 8 2 
5502 70 1 
5502 108 1 
5502 111 1 
5502 111 1 
5502 113 1 
5502 113 1 
5502 221 1 
5502 221 1 
5503 217 1 
5504 22 1 
5504 124 1 
5505 299 1 
5505 306 1 
5505 350 1 
5506 299 1 
5507 17 1 
5508 44 1 
5508 44 1 
5509 54 1 
5509 299 1 
5510 8 1 
5510 8 1 
5510 103 1 
5510 103 1 
5510 103 2 
5510 103 1 
5510 103 1 
5510 103 1 
5510 108 1 
5510 111 1 
5510 251 1 
5510 309 1 
5510 312 1 
5510 335 1 
5510 335 1 
5510 336 1 
5510 336 1 
5510 337 1 
5510 338 1 
5510 342 1 
5510 342 1 
5510 342 1 
5510 342 1 
5510 342 1 
5510 342 1 
5510 342 1 
5510 342 3 
5510 342 3 
5510 342 1 
5510 342 1 
5510 342 1 
5510 342 1 
5510 342 1 
5510 342 1 
5510 350 1 
5510 350 1 
5510 350 1 
5510 350 1 
5511 25 1 
5511 25 1 
5511 330 1 
5511 330 1 
5511 333 1 
5511 333 1 
5511 341 1 
5511 341 1 
5511 343 1 
5511 343 1 
5511 345 1 
5511 345 1 
5511 350 1 
5511 353 1 
5511 353 1 
5511 354 1 
5511 354 1 
5511 355 1 
5511 355 1 
5511 356 1 
5511 356 1 
5512 8 1 
5512 108 1 
5512 164 1 
5512 299 1 
5512 299 1 
5512 350 1 
5512 351 1 
5513 5 1 
5514 299 1 
5514 299 1 
5515 1 2 
5515 4 1 
5515 12 1 
5515 28 1 
5515 61 2 
5515 83 1 
5515 191 3 
5515 197 3 
5515 202 3 
5515 206 3 
5515 219 1 
5515 255 1 
5515 281 1 
5515 290 2 
5515 290 2 
5515 292 1 
5515 298 1 
5515 298 1 
5515 306 1 
5515 307 1 
5515 307 1 
5515 307 1 
5515 307 1 
5515 307 1 
5515 308 1 
5515 308 1 
5515 308 1 
5515 310 1 
5515 310 1 
5515 310 3 
5515 310 1 
5515 310 3 
5515 310 1 
5515 310 1 
5515 312 1 
5515 312 1 
5515 312 1 
5515 313 1 
5515 313 1 
5515 313 1 
5515 313 1 
5515 314 3 
5516 124 1 
5516 336 1 
5517 294 1 
5517 312 1 
5518 160 2 
5519 299 1 
5520 113 1 
5520 113 1 
5521 305 1 
5522 30 1 
5522 179 3 
5522 322 1 
5522 322 1 
5522 323 3 
5522 331 1 
5522 342 1 
5523 11 1 
5523 11 1 
5523 18 3 
5523 18 1 
5523 113 1 
5523 113 1 
5523 113 1 
5523 113 1 
5523 113 1 
5523 113 1 
5523 113 1 
5523 113 1 
5523 113 1 
5523 113 1 
5523 113 1 
5523 113 1 
5523 113 1 
5523 173 1 
5523 243 1 
5523 311 1 
5523 336 1 
5523 336 1 
5523 336 1 
5523 336 1 
5523 336 1 
5523 336 1 
5523 336 1 
5523 336 1 
5523 336 1 
5523 336 1 
5524 113 1 
5524 113 1 
5524 113 1 
5525 113 1 
5525 217 1 
5526 5 1 
5526 8 1 
5526 13 1 
5526 124 1 
5526 128 1 
5526 128 1 
5526 128 1 
5526 128 1 
5526 128 1 
5526 128 1 
5526 128 1 
5526 173 1 
5526 217 1 
5526 284 1 
5526 308 1 
5526 308 1 
5526 310 1 
5526 311 1 
5526 321 1 
5526 331 1 
5526 332 1 
5526 332 1 
5526 340 1 
5526 340 1 
5526 352 1 
5526 354 1 
5526 354 1 
5526 355 1 
5526 355 1 
5526 355 1 
5527 113 1 
5527 113 1 
5528 111 1 
5529 103 1 
5529 103 1 
5529 103 1 
5529 292 1 
5529 292 1 
5529 292 1 
5529 292 3 
5529 292 1 
5529 299 1 
5529 299 1 
5530 1 2 
5530 3 1 
5530 3 1 
5530 3 1 
5530 4 1 
5530 4 1 
5530 4 1 
5530 4 1 
5530 4 1 
5530 4 1 
5530 4 1 
5530 4 1 
5530 4 1 
5530 5 1 
5530 5 1 
5530 7 1 
5530 7 1 
5530 7 1 
5530 8 1 
5530 8 1 
5530 9 2 
5530 10 2 
5530 10 2 
5530 14 1 
5530 16 1 
5530 16 1 
5530 16 1 
5530 18 1 
5530 23 1 
5530 27 2 
5530 28 1 
5530 30 1 
5530 30 1 
5530 30 1 
5530 30 1 
5530 30 1 
5530 30 1 
5530 30 1 
5530 30 1 
5530 30 1 
5530 30 1 
5530 30 1 
5530 35 1 
5530 54 1 
5530 54 1 
5530 61 2 
5530 75 1 
5530 80 2 
5530 85 2 
5530 85 2 
5530 86 2 
5530 86 2 
5530 91 2 
5530 93 2 
5530 93 2 
5530 93 2 
5530 93 2 
5530 94 1 
5530 106 1 
5530 106 1 
5530 106 1 
5530 106 1 
5530 106 1 
5530 106 1 
5530 106 1 
5530 106 1 
5530 106 1 
5530 106 1 
5530 107 1 
5530 107 1 
5530 108 1 
5530 108 1 
5530 108 1 
5530 109 1 
5530 109 1 
5530 111 1 
5530 111 1 
5530 111 1 
5530 111 1 
5530 111 1 
5530 111 1 
5530 111 1 
5530 111 1 
5530 111 1 
5530 111 1 
5530 111 1 
5530 111 1 
5530 111 1 
5530 111 1 
5530 111 1 
5530 111 1 
5530 111 1 
5530 111 1 
5530 111 1 
5530 111 1 
5530 111 1 
5530 111 1 
5530 111 1 
5530 111 1 
5530 111 1 
5530 111 1 
5530 111 1 
5530 111 1 
5530 111 1 
5530 111 1 
5530 111 1 
5530 111 1 
5530 111 1 
5530 111 1 
5530 111 1 
5530 111 1 
5530 111 1 
5530 111 1 
5530 111 1 
5530 111 1 
5530 111 1 
5530 111 1 
5530 111 1 
5530 111 1 
5530 111 1 
5530 111 1 
5530 111 1 
5530 111 1 
5530 111 1 
5530 111 1 
5530 111 1 
5530 112 1 
5530 113 1 
5530 117 1 
5530 117 3 
5530 117 3 
5530 124 1 
5530 124 1 
5530 124 1 
5530 124 1 
5530 124 1 
5530 128 1 
5530 128 2 
5530 128 1 
5530 128 1 
5530 128 1 
5530 128 1 
5530 128 1 
5530 128 1 
5530 128 1 
5530 128 1 
5530 128 1 
5530 128 1 
5530 128 1 
5530 128 1 
5530 128 2 
5530 128 1 
5530 128 1 
5530 128 1 
5530 128 1 
5530 128 1 
5530 128 1 
5530 128 1 
5530 128 1 
5530 128 1 
5530 128 1 
5530 128 1 
5530 128 1 
5530 128 1 
5530 128 1 
5530 128 1 
5530 128 1 
5530 128 1 
5530 128 1 
5530 128 1 
5530 128 1 
5530 128 1 
5530 128 1 
5530 128 1 
5530 128 1 
5530 128 1 
5530 128 1 
5530 128 1 
5530 128 1 
5530 128 1 
5530 128 1 
5530 128 1 
5530 128 1 
5530 128 1 
5530 128 1 
5530 128 1 
5530 128 1 
5530 128 1 
5530 128 1 
5530 128 1 
5530 128 1 
5530 128 1 
5530 128 1 
5530 128 1 
5530 128 1 
5530 128 1 
5530 128 1 
5530 128 1 
5530 128 1 
5530 128 1 
5530 128 1 
5530 128 1 
5530 128 1 
5530 128 1 
5530 128 1 
5530 128 1 
5530 128 1 
5530 128 1 
5530 128 1 
5530 128 1 
5530 128 1 
5530 128 1 
5530 128 1 
5530 128 1 
5530 128 1 
5530 128 1 
5530 128 1 
5530 128 1 
5530 128 1 
5530 128 1 
5530 128 1 
5530 128 1 
5530 128 1 
5530 128 1 
5530 128 1 
5530 128 1 
5530 128 1 
5530 128 1 
5530 128 1 
5530 128 1 
5530 128 1 
5530 128 1 
5530 128 1 
5530 128 1 
5530 128 1 
5530 128 1 
5530 128 1 
5530 128 1 
5530 128 1 
5530 128 1 
5530 128 1 
5530 128 1 
5530 128 1 
5530 128 1 
5530 128 1 
5530 128 1 
5530 128 1 
5530 128 1 
5530 134 3 
5530 139 1 
5530 139 2 
5530 139 1 
5530 141 1 
5530 149 3 
5530 162 3 
5530 163 1 
5530 166 1 
5530 172 1 
5530 173 1 
5530 173 1 
5530 173 1 
5530 173 1 
5530 173 1 
5530 179 3 
5530 194 3 
5530 200 1 
5530 203 1 
5530 203 3 
5530 204 1 
5530 204 1 
5530 204 1 
5530 209 1 
5530 210 3 
5530 210 3 
5530 210 1 
5530 210 2 
5530 216 1 
5530 216 3 
5530 217 1 
5530 217 1 
5530 217 1 
5530 217 1 
5530 217 1 
5530 218 1 
5530 218 1 
5530 221 1 
5530 221 3 
5530 221 1 
5530 221 1 
5530 221 1 
5530 221 3 
5530 221 2 
5530 222 1 
5530 222 3 
5530 222 3 
5530 222 2 
5530 222 1 
5530 222 1 
5530 227 1 
5530 227 1 
5530 227 1 
5530 227 1 
5530 227 1 
5530 227 1 
5530 227 1 
5530 227 1 
5530 227 1 
5530 228 1 
5530 228 1 
5530 228 1 
5530 228 1 
5530 228 1 
5530 228 1 
5530 228 1 
5530 228 1 
5530 228 1 
5530 228 1 
5530 228 1 
5530 231 1 
5530 231 1 
5530 231 1 
5530 231 1 
5530 231 1 
5530 231 3 
5530 231 1 
5530 231 1 
5530 232 2 
5530 232 3 
5530 243 1 
5530 243 1 
5530 243 1 
5530 249 2 
5530 249 3 
5530 251 1 
5530 254 1 
5530 255 1 
5530 255 1 
5530 255 1 
5530 255 1 
5530 255 1 
5530 255 1 
5530 255 1 
5530 255 1 
5530 255 1 
5530 255 1 
5530 255 1 
5530 255 1 
5530 255 3 
5530 257 1 
5530 257 1 
5530 260 1 
5530 260 1 
5530 260 1 
5530 261 1 
5530 261 1 
5530 263 1 
5530 265 1 
5530 265 1 
5530 269 1 
5530 269 1 
5530 269 1 
5530 270 1 
5530 271 1 
5530 274 3 
5530 274 1 
5530 275 1 
5530 276 1 
5530 279 1 
5530 279 1 
5530 279 1 
5530 280 1 
5530 280 1 
5530 281 1 
5530 281 1 
5530 281 1 
5530 281 1 
5530 281 1 
5530 281 1 
5530 281 1 
5530 281 1 
5530 281 1 
5530 282 1 
5530 283 1 
5530 283 1 
5530 283 1 
5530 283 1 
5530 283 1 
5530 283 1 
5530 283 1 
5530 283 1 
5530 283 1 
5530 283 1 
5530 283 1 
5530 283 1 
5530 284 1 
5530 284 1 
5530 284 1 
5530 284 3 
5530 284 1 
5530 284 1 
5530 284 1 
5530 284 1 
5530 284 1 
5530 285 1 
5530 286 1 
5530 287 1 
5530 287 1 
5530 287 1 
5530 287 1 
5530 287 1 
5530 287 1 
5530 288 1 
5530 288 1 
5530 288 3 
5530 288 1 
5530 288 1 
5530 288 1 
5530 288 1 
5530 288 1 
5530 288 1 
5530 288 1 
5530 288 1 
5530 288 1 
5530 288 1 
5530 288 1 
5530 288 1 
5530 288 1 
5530 288 1 
5530 288 1 
5530 288 1 
5530 288 1 
5530 289 1 
5530 289 1 
5530 289 1 
5530 290 1 
5530 290 2 
5530 290 1 
5530 290 1 
5530 290 1 
5530 290 1 
5530 290 1 
5530 290 1 
5530 290 1 
5530 290 1 
5530 290 1 
5530 290 1 
5530 290 1 
5530 291 1 
5530 292 1 
5530 292 1 
5530 294 1 
5530 294 1 
5530 294 1 
5530 294 1 
5530 294 1 
5530 294 1 
5530 294 1 
5530 294 1 
5530 294 1 
5530 297 1 
5530 298 1 
5530 298 1 
5530 298 1 
5530 298 1 
5530 298 1 
5530 298 1 
5530 298 1 
5530 298 1 
5530 298 1 
5530 298 1 
5530 298 1 
5530 298 1 
5530 299 1 
5530 299 1 
5530 299 1 
5530 301 3 
5530 302 1 
5530 303 3 
5530 303 3 
5530 303 1 
5530 303 1 
5530 303 1 
5530 303 1 
5530 303 2 
5530 303 1 
5530 303 1 
5530 303 1 
5530 303 2 
5530 306 1 
5530 306 3 
5530 306 1 
5530 306 1 
5530 306 1 
5530 306 1 
5530 306 1 
5530 306 1 
5530 306 1 
5530 307 1 
5530 307 1 
5530 307 1 
5530 307 1 
5530 307 1 
5530 307 1 
5530 307 1 
5530 307 1 
5530 307 1 
5530 307 1 
5530 307 1 
5530 307 1 
5530 307 1 
5530 307 1 
5530 307 1 
5530 307 1 
5530 307 1 
5530 307 1 
5530 307 1 
5530 307 1 
5530 307 1 
5530 307 1 
5530 307 1 
5530 307 1 
5530 307 1 
5530 307 1 
5530 307 1 
5530 307 1 
5530 308 1 
5530 308 1 
5530 308 1 
5530 308 1 
5530 308 1 
5530 308 1 
5530 308 1 
5530 308 1 
5530 308 1 
5530 308 1 
5530 308 1 
5530 308 1 
5530 308 1 
5530 308 1 
5530 308 1 
5530 308 1 
5530 308 1 
5530 308 1 
5530 308 1 
5530 308 1 
5530 308 1 
5530 309 3 
5530 309 1 
5530 309 1 
5530 309 1 
5530 309 3 
5530 309 1 
5530 309 1 
5530 309 1 
5530 309 1 
5530 309 1 
5530 310 1 
5530 310 1 
5530 310 1 
5530 311 1 
5530 311 1 
5530 311 1 
5530 311 3 
5530 311 1 
5530 311 1 
5530 311 3 
5530 311 1 
5530 311 1 
5530 311 1 
5530 311 1 
5530 311 1 
5530 311 1 
5530 311 1 
5530 311 1 
5530 312 1 
5530 312 3 
5530 312 1 
5530 312 1 
5530 312 1 
5530 312 1 
5530 312 1 
5530 312 1 
5530 312 1 
5530 312 1 
5530 312 1 
5530 313 1 
5530 313 1 
5530 313 1 
5530 315 3 
5530 321 1 
5530 322 1 
5530 322 1 
5530 326 3 
5530 326 1 
5530 329 1 
5530 329 1 
5530 331 1 
5530 331 1 
5530 331 1 
5530 331 1 
5530 331 1 
5530 331 1 
5530 331 1 
5530 331 1 
5530 331 1 
5530 331 1 
5530 331 1 
5530 331 1 
5530 331 1 
5530 331 1 
5530 334 1 
5530 334 1 
5530 334 1 
5530 334 1 
5530 334 1 
5530 334 1 
5530 334 1 
5530 334 3 
5530 334 1 
5530 334 1 
5530 334 1 
5530 334 1 
5530 334 1 
5530 334 1 
5530 334 1 
5530 334 1 
5530 334 1 
5530 334 1 
5530 334 1 
5530 335 1 
5530 335 1 
5530 335 1 
5530 335 3 
5530 335 1 
5530 335 1 
5530 335 1 
5530 335 1 
5530 335 1 
5530 335 1 
5530 335 1 
5530 335 1 
5530 335 1 
5530 335 1 
5530 335 1 
5530 336 1 
5530 336 1 
5530 336 1 
5530 336 1 
5530 336 1 
5530 336 1 
5530 337 3 
5530 337 1 
5530 337 1 
5530 337 1 
5530 337 1 
5530 337 1 
5530 337 1 
5530 337 1 
5530 337 1 
5530 337 1 
5530 337 1 
5530 337 1 
5530 338 1 
5530 338 1 
5530 338 1 
5530 338 1 
5530 338 1 
5530 338 1 
5530 338 1 
5530 338 1 
5530 338 1 
5530 338 1 
5530 338 1 
5530 338 1 
5530 338 1 
5530 338 1 
5530 338 1 
5530 338 1 
5530 338 1 
5530 338 1 
5530 338 1 
5530 338 1 
5530 338 1 
5530 338 1 
5530 338 1 
5530 338 1 
5530 338 1 
5530 338 1 
5530 338 1 
5530 338 1 
5530 338 1 
5530 338 1 
5530 338 1 
5530 338 1 
5530 340 1 
5530 340 1 
5530 340 1 
5530 340 1 
5530 340 1 
5530 340 1 
5530 340 1 
5530 340 1 
5530 340 1 
5530 340 1 
5530 340 1 
5530 340 1 
5530 340 1 
5530 342 1 
5530 342 1 
5530 342 1 
5530 350 1 
5530 350 1 
5530 350 1 
5530 350 1 
5530 350 1 
5530 350 1 
5530 350 1 
5530 351 1 
5530 351 1 
5530 352 1 
5530 352 1 
5530 352 1 
5530 352 1 
5531 113 1 
5531 113 1 
5531 271 1 
5532 1 1 
5532 1 2 
5532 1 2 
5532 1 2 
5532 9 1 
5532 10 1 
5532 30 1 
5532 61 1 
5532 61 2 
5532 61 2 
5532 61 2 
5532 80 1 
5532 85 1 
5532 86 1 
5532 91 1 
5532 128 1 
5532 128 1 
5532 128 1 
5532 128 1 
5532 128 1 
5532 128 1 
5532 128 1 
5532 128 1 
5532 128 1 
5532 128 1 
5532 128 1 
5532 128 1 
5532 128 1 
5532 128 1 
5532 128 1 
5532 128 1 
5532 128 1 
5532 128 1 
5532 128 1 
5532 128 1 
5532 128 1 
5532 128 1 
5532 128 1 
5532 128 1 
5532 128 1 
5532 128 1 
5532 128 1 
5532 128 3 
5532 128 1 
5532 128 1 
5532 128 2 
5532 128 1 
5532 128 2 
5532 128 2 
5532 128 1 
5532 128 1 
5532 128 1 
5532 128 1 
5532 128 1 
5532 128 1 
5532 128 2 
5532 128 1 
5532 128 1 
5532 128 1 
5532 128 1 
5532 128 2 
5532 128 1 
5532 128 1 
5532 128 1 
5532 128 1 
5532 128 1 
5532 128 1 
5532 128 1 
5532 128 1 
5532 128 1 
5532 128 1 
5532 128 1 
5532 128 1 
5532 128 1 
5532 128 1 
5532 128 1 
5532 128 1 
5532 128 1 
5532 128 1 
5532 128 1 
5532 128 1 
5532 128 1 
5532 128 1 
5532 128 1 
5532 128 1 
5532 128 1 
5532 128 1 
5532 128 1 
5532 128 1 
5532 128 1 
5532 128 1 
5532 128 1 
5532 128 1 
5532 128 1 
5532 128 1 
5532 128 1 
5532 128 1 
5532 128 1 
5532 128 1 
5532 128 1 
5532 128 1 
5532 128 1 
5532 128 2 
5532 128 2 
5532 128 2 
5532 128 1 
5532 128 1 
5532 128 1 
5532 128 1 
5532 128 1 
5532 128 2 
5532 128 1 
5532 197 3 
5532 209 1 
5532 221 1 
5532 227 1 
5532 265 1 
5532 279 3 
5532 279 3 
5532 279 1 
5532 279 1 
5532 279 1 
5532 279 1 
5532 279 1 
5532 279 1 
5532 279 1 
5532 279 1 
5532 334 1 
5532 337 1 
5532 338 1 
5533 299 1 
5534 44 1 
