5535 54 1 
5536 305 1 
5537 199 1 
5537 199 1 
5538 25 1 
5538 25 1 
5538 25 1 
5538 25 1 
5538 111 2 
5538 111 2 
5538 113 1 
5538 173 1 
5538 330 1 
5538 330 1 
5538 330 1 
5538 333 1 
5538 333 1 
5538 333 1 
5538 341 1 
5538 341 1 
5538 341 1 
5538 341 1 
5538 343 1 
5538 343 1 
5538 343 1 
5538 345 1 
5538 345 1 
5538 345 1 
5538 353 1 
5538 353 1 
5538 353 1 
5538 354 1 
5538 354 1 
5538 354 1 
5538 355 1 
5538 355 1 
5538 355 1 
5538 355 1 
5538 355 1 
5538 355 1 
5538 355 1 
5538 355 1 
5538 355 1 
5538 355 1 
5538 355 1 
5538 355 1 
5538 355 1 
5538 355 1 
5538 355 1 
5538 355 1 
5538 355 1 
5538 355 1 
5538 356 1 
5538 356 1 
5538 356 1 
5539 109 1 
5539 113 1 
5539 121 1 
5539 121 1 
5540 177 1 
5541 41 1 
5542 113 1 
5543 1 1 
5543 54 1 
5543 61 1 
5543 111 1 
5543 111 1 
5543 128 1 
5543 128 1 
5543 128 1 
5543 128 1 
5543 128 1 
5543 128 1 
5543 128 1 
5543 128 1 
5543 128 1 
5543 128 1 
5543 128 1 
5543 282 1 
5543 308 1 
5543 340 1 
5543 340 1 
5543 340 1 
5543 340 1 
5543 340 1 
5544 336 1 
5545 83 1 
5546 195 1 
5547 299 1 
5547 299 1 
5547 336 1 
5548 8 2 
5548 8 1 
5548 8 1 
5548 8 1 
5548 8 1 
5548 8 1 
5548 8 1 
5549 113 1 
5549 113 1 
5550 177 1 
5551 299 1 
5552 350 1 
5553 265 1 
5554 350 1 
5555 306 1 
5556 299 1 
5557 44 1 
5558 3 1 
5559 299 1 
5560 28 1 
5560 83 1 
5561 19 1 
5561 19 1 
5561 19 3 
5562 281 1 
5562 281 1 
5562 287 1 
5562 331 1 
5563 18 1 
5563 338 1 
5564 311 1 
5565 13 1 
5565 32 1 
5565 83 1 
5565 113 1 
5565 113 1 
5566 350 1 
5567 1 2 
5567 61 2 
5568 183 1 
5569 113 2 
5569 113 1 
5569 113 1 
5569 113 1 
5569 113 1 
5569 299 1 
5569 340 1 
5569 340 1 
5570 4 1 
5570 4 1 
5570 7 1 
5570 7 1 
5570 8 1 
5570 8 1 
5570 8 1 
5570 8 1 
5570 8 1 
5570 8 2 
5570 8 1 
5570 8 1 
5570 18 1 
5570 18 1 
5570 22 1 
5570 22 1 
5570 25 1 
5570 28 1 
5570 28 1 
5570 28 1 
5570 28 1 
5570 28 1 
5570 75 1 
5570 77 1 
5570 77 1 
5570 83 1 
5570 83 1 
5570 83 1 
5570 107 1 
5570 107 1 
5570 107 1 
5570 107 1 
5570 108 1 
5570 108 1 
5570 109 1 
5570 109 1 
5570 109 1 
5570 109 1 
5570 109 1 
5570 111 1 
5570 111 1 
5570 111 1 
5570 113 1 
5570 113 1 
5570 113 1 
5570 113 1 
5570 113 1 
5570 113 1 
5570 113 1 
5570 121 1 
5570 124 1 
5570 124 1 
5570 128 1 
5570 139 1 
5570 139 1 
5570 139 1 
5570 139 1 
5570 164 1 
5570 164 1 
5570 164 1 
5570 164 1 
5570 164 1 
5570 166 1 
5570 166 1 
5570 166 1 
5570 166 1 
5570 166 1 
5570 173 1 
5570 173 1 
5570 173 1 
5570 173 1 
5570 173 1 
5570 173 1 
5570 173 1 
5570 173 1 
5570 173 1 
5570 176 1 
5570 181 1 
5570 181 1 
5570 181 1 
5570 189 1 
5570 189 1 
5570 204 1 
5570 229 1 
5570 229 1 
5570 229 1 
5570 229 1 
5570 229 1 
5570 230 1 
5570 230 1 
5570 230 1 
5570 230 1 
5570 230 1 
5570 234 1 
5570 234 1 
5570 234 1 
5570 234 1 
5570 238 1 
5570 238 1 
5570 238 1 
5570 238 1 
5570 238 3 
5570 244 1 
5570 244 1 
5570 244 1 
5570 251 1 
5570 251 1 
5570 282 1 
5570 282 1 
5570 282 1 
5570 282 1 
5570 282 1 
5570 282 1 
5570 282 1 
5570 282 1 
5570 282 1 
5570 282 1 
5570 299 1 
5570 299 1 
5570 330 1 
5570 333 1 
5570 341 1 
5570 343 1 
5570 345 1 
5570 350 1 
5570 350 1 
5570 350 1 
5570 353 1 
5570 354 1 
5570 355 1 
5570 355 1 
5570 356 1 
5571 173 1 
5572 48 1 
5572 103 1 
5572 113 1 
5572 342 1 
5573 113 1 
5573 113 1 
5573 217 1 
5573 285 1 
5573 309 1 
5573 332 1 
5573 350 1 
5573 350 1 
5573 350 1 
5573 350 1 
5574 38 1 
5574 38 1 
5575 111 2 
5576 70 1 
5577 113 1 
5577 113 1 
5577 289 1 
5577 299 1 
5577 340 1 
5577 352 1 
5578 1 1 
5578 61 1 
5578 299 1 
5578 350 1 
5579 83 1 
5579 279 1 
5580 183 1 
5581 110 2 
5581 253 1 
5581 253 1 
5581 253 1 
5581 253 1 
5582 113 1 
5583 340 1 
5584 299 1 
5585 199 1 
5586 8 1 
5587 350 1 
5587 350 1 
5587 350 1 
5588 113 1 
5589 163 1 
5590 113 1 
5591 1 2 
5591 5 1 
5591 8 1 
5591 14 1 
5591 61 2 
5591 86 2 
5591 91 2 
5591 91 2 
5591 93 2 
5591 93 2 
5591 287 1 
5591 310 1 
5591 313 1 
5591 324 3 
5592 266 2 
5592 266 3 
5593 166 1 
5594 285 1 
5594 350 1 
5595 299 1 
5595 306 1 
5595 350 1 
5595 350 1 
5596 44 3 
5597 4 1 
5598 105 1 
5599 279 1 
5600 8 1 
5600 14 1 
5600 128 1 
5600 290 1 
5600 334 1 
5600 335 1 
5600 337 1 
5600 338 1 
5601 299 1 
5602 77 1 
5603 299 1 
5604 54 1 
5605 305 1 
5605 350 1 
5606 124 1 
5607 299 1 
5608 204 1 
5609 285 1 
5610 113 1 
5611 340 1 
5612 279 1 
5613 43 1 
5614 287 1 
5615 3 1 
5615 3 1 
5615 3 1 
5615 7 1 
5615 28 1 
5615 48 1 
5615 113 1 
5615 113 1 
5615 113 1 
5615 113 1 
5615 113 1 
5615 113 1 
5615 113 1 
5615 113 1 
5615 113 1 
5615 121 1 
5615 166 1 
5615 166 1 
5615 260 1 
5615 269 1 
5615 340 1 
5615 340 1 
5615 350 1 
5616 185 1 
5617 113 1 
5617 128 1 
5617 128 1 
5617 311 1 
5618 86 2 
5618 91 2 
5618 91 2 
5618 212 2 
5618 234 1 
5618 238 1 
5619 288 1 
5620 8 2 
5620 113 1 
5620 128 1 
5620 306 1 
5620 340 1 
5620 340 1 
5620 350 1 
5621 8 1 
5621 124 1 
5621 290 1 
5621 350 1 
5622 91 2 
5623 124 1 
5623 299 1 
5623 306 1 
5623 306 1 
5624 308 1 
5625 7 1 
5626 18 1 
5626 44 1 
5626 189 1 
5626 190 1 
5626 199 1 
5626 204 1 
5626 267 1 
5627 97 1 
5627 97 1 
5627 97 1 
5628 109 1 
5628 139 1 
5628 139 1 
5628 173 1 
5628 173 1 
5628 173 1 
5628 173 1 
5628 173 1 
5628 302 1 
5629 113 1 
5629 113 1 
5629 113 1 
5630 28 1 
5630 254 1 
5630 254 1 
5630 283 1 
5630 283 1 
5630 322 1 
5630 322 1 
5630 332 1 
5631 28 1 
5631 139 1 
5632 89 1 
5632 299 1 
5633 113 1 
5634 12 1 
5634 12 1 
5634 43 1 
5634 43 3 
5634 70 1 
5634 280 1 
5634 307 1 
5634 307 1 
5634 336 1 
5635 299 1 
5636 124 1 
5637 336 1 
5637 336 1 
5638 16 1 
5638 16 1 
5639 113 1 
5640 210 1 
5640 210 1 
5641 113 1 
5642 44 1 
5642 113 1 
5642 160 1 
5642 298 1 
5642 299 1 
5643 279 1 
5643 281 1 
5643 336 1 
5643 336 1 
5643 350 1 
5643 354 1 
5644 163 1 
5645 306 1 
5646 34 1 
5646 34 1 
5647 173 1 
5648 113 1 
5649 354 1 
5650 113 1 
5651 5 1 
5652 113 1 
5652 281 1 
5653 299 1 
5654 28 1 
5654 137 1 
5654 354 1 
5655 305 1 
5656 44 3 
5657 223 3 
5657 223 3 
5657 223 2 
5657 226 3 
5657 226 3 
5657 226 2 
5658 113 1 
5659 128 1 
5659 128 1 
5660 128 1 
5660 128 1 
5660 128 1 
5660 128 1 
5660 128 1 
5661 113 1 
5661 113 1 
5662 354 1 
5663 113 1 
5664 299 1 
5664 299 1 
5665 113 1 
5666 279 1 
5666 323 3 
5666 331 1 
5667 83 1 
5668 128 1 
5669 7 1 
5669 8 1 
5669 229 1 
5669 230 1 
5669 350 1 
5670 113 1 
5671 113 1 
5671 113 1 
5671 124 1 
5671 299 1 
5672 8 1 
5672 113 1 
5672 176 1 
5673 124 1 
5673 124 1 
5674 91 2 
5674 113 1 
5674 113 1 
5674 173 1 
5674 336 1 
5674 336 1 
5674 336 1 
5675 331 1 
5676 340 1 
5677 13 1 
5678 305 1 
5679 195 1 
5679 195 1 
5680 22 1 
5680 22 1 
5680 38 1 
5681 217 1 
5682 97 1 
5683 211 1 
5683 215 1 
5684 113 1 
5684 113 1 
5684 113 1 
5684 113 1 
5684 113 1 
5684 113 1 
5684 113 1 
5684 113 1 
5684 173 1 
5684 340 1 
5684 340 1 
5684 351 1 
5685 113 1 
5686 243 1 
5687 48 1 
5688 199 1 
5689 1 2 
5689 1 2 
5689 24 1 
5689 61 2 
5689 61 2 
5689 128 1 
5689 128 1 
5689 128 1 
5689 128 1 
5689 128 1 
5689 128 1 
5689 128 1 
5689 128 1 
5689 128 2 
5689 128 1 
5689 128 1 
5689 128 1 
5689 128 1 
5689 128 1 
5689 128 1 
5689 128 1 
5689 128 1 
5689 128 1 
5689 128 2 
5689 128 1 
5689 128 2 
5689 128 1 
5689 128 1 
5689 128 1 
5689 128 1 
5689 128 1 
5689 128 1 
5689 128 1 
5689 128 1 
5689 128 1 
5689 128 1 
5689 128 1 
5689 128 1 
5689 128 1 
5689 218 3 
5689 218 2 
5689 218 3 
5689 256 1 
5689 273 1 
5689 273 3 
5689 308 1 
5689 308 3 
5689 310 1 
5689 310 1 
5689 310 1 
5689 313 1 
5689 313 1 
5689 340 1 
5690 7 1 
5690 28 1 
5690 289 1 
5690 354 1 
5690 354 1 
5690 354 1 
5690 354 1 
5691 307 1 
5691 307 1 
5692 299 1 
5693 189 1 
5693 189 1 
5693 189 1 
5694 113 1 
5695 331 1 
5696 97 1 
5696 164 1 
5696 217 1 
5697 8 1 
5697 14 1 
5697 280 1 
5697 355 1 
5698 305 1 
5698 306 1 
5699 8 2 
5699 8 1 
5699 8 2 
5699 8 2 
5699 8 1 
5699 8 1 
5699 8 1 
5699 8 1 
5699 8 1 
5699 8 1 
5699 103 1 
5699 113 1 
5699 113 1 
5699 113 1 
5699 113 1 
5699 113 1 
5699 121 1 
5699 121 1 
5699 121 1 
5699 121 1 
5699 128 1 
5699 128 1 
5699 128 1 
5699 160 1 
5699 173 1 
5699 173 1 
5699 217 1 
5699 243 1 
5699 284 1 
5699 290 1 
5699 298 1 
5699 306 1 
5699 306 1 
5699 306 1 
5699 306 1 
5699 340 1 
5699 340 1 
5699 340 1 
5699 351 1 
5699 351 1 
5699 352 1 
5699 352 1 
5700 251 1 
5701 305 1 
5702 4 1 
5702 48 1 
5702 48 1 
5702 48 1 
5702 107 1 
5702 108 1 
5702 128 1 
5702 128 1 
5702 128 1 
5702 170 1 
5702 170 1 
5702 173 1 
5702 204 1 
5702 336 1 
5702 336 1 
5702 336 1 
5702 336 1 
5702 350 1 
5703 354 1 
5704 128 1 
5704 249 2 
5704 249 3 
5704 279 1 
5704 294 1 
5705 285 1 
5706 128 1 
5707 8 1 
5707 13 1 
5707 103 1 
5707 103 1 
5707 103 1 
5707 124 1 
5707 124 1 
5707 124 1 
5707 124 1 
5707 124 1 
5707 124 1 
5707 124 1 
5707 124 1 
5707 124 1 
5707 124 1 
5707 124 1 
5707 124 1 
5707 124 1 
5707 124 1 
5707 124 1 
5707 124 1 
5707 124 1 
5707 124 1 
5707 124 1 
5707 124 1 
5707 124 1 
5707 124 1 
5707 124 1 
5707 124 1 
5707 124 1 
5707 124 1 
5707 124 1 
5707 124 1 
5707 124 1 
5707 166 1 
5707 166 1 
5707 173 1 
5707 173 1 
5707 190 1 
5707 217 1 
5707 217 1 
5707 217 1 
5707 217 1 
5707 217 1 
5707 254 1 
5707 279 1 
5707 279 1 
5707 293 1 
5707 293 1 
5707 293 1 
5707 293 1 
5707 293 1 
5707 293 1 
5707 306 1 
5708 154 1 
5708 154 1 
5709 155 1 
5710 340 1 
5711 113 1 
5712 160 1 
5712 288 1 
5713 44 1 
5714 331 1 
5715 28 1 
5715 28 1 
5715 83 1 
5715 160 1 
5716 103 1 
5717 299 1 
5718 340 1 
5719 354 1 
5719 354 1 
5720 11 1 
5720 11 1 
5720 11 1 
5720 11 1 
5720 173 1 
5720 226 2 
5720 226 3 
5720 226 3 
5720 231 1 
5720 233 2 
5720 233 3 
5720 233 3 
5720 294 1 
5720 336 1 
5720 336 1 
5720 336 1 
5720 336 1 
5720 336 1 
5720 336 1 
5720 336 1 
5720 336 1 
5720 336 1 
5720 336 1 
5720 336 1 
5721 199 1 
5721 199 1 
5722 289 1 
5723 41 1 
5723 75 1 
5723 75 1 
5723 75 1 
5723 75 1 
5723 75 1 
5723 75 1 
5723 75 1 
5723 75 1 
5723 139 1 
5723 312 1 
5723 355 1 
5724 113 1 
5724 128 1 
5724 340 1 
5725 176 1 
5725 176 1 
5726 83 1 
5726 113 1 
5727 113 1 
5727 113 1 
5727 339 1 
5727 339 1 
5728 8 1 
5728 11 1 
5728 11 1 
5728 11 1 
5728 11 1 
5728 11 1 
5728 11 1 
5728 11 1 
5728 11 1 
5728 11 1 
5728 11 1 
5728 11 1 
5728 11 1 
5728 11 1 
5728 110 1 
5728 110 1 
5728 254 1 
5728 254 1 
5728 254 1 
5728 254 1 
5728 254 1 
5729 166 1 
5729 313 1 
5730 243 3 
5730 313 1 
5730 336 1 
5731 141 1 
5732 340 1 
5733 28 1 
5734 113 1 
5734 340 1 
5735 128 1 
5735 128 1 
5735 228 1 
5735 354 1 
5736 14 2 
5736 66 3 
5736 66 1 
5736 66 3 
5736 104 2 
5736 106 2 
5736 107 2 
5736 108 2 
5736 109 2 
5736 111 2 
5736 112 2 
5736 113 2 
5736 114 2 
5736 116 2 
5736 119 2 
5736 120 2 
5736 121 2 
5736 122 2 
5736 123 2 
5736 125 2 
5736 126 2 
5736 127 2 
5736 128 1 
5736 128 1 
5736 128 2 
5736 129 2 
5736 130 2 
5736 131 2 
5736 134 2 
5736 140 2 
5736 145 2 
5736 147 2 
5736 148 2 
5736 149 2 
5736 150 2 
5736 158 2 
5736 159 2 
5736 162 2 
5736 165 2 
5736 168 2 
5736 174 2 
5736 175 2 
5736 177 2 
5736 187 2 
5736 193 2 
5736 195 2 
5736 211 2 
5736 239 2 
5736 277 2 
5736 301 2 
5736 349 2 
5737 48 1 
5737 113 1 
5737 121 1 
5737 204 3 
5737 204 1 
5737 204 1 
5737 299 1 
5738 3 1 
5738 4 1 
5738 12 1 
5738 12 1 
5738 28 1 
5738 83 1 
5738 222 1 
5738 242 3 
5738 242 3 
5738 242 1 
5738 257 1 
5738 261 1 
5738 261 1 
5738 261 1 
5738 268 3 
5738 268 3 
5738 268 1 
5738 281 1 
5738 283 1 
5738 283 1 
5738 285 1 
5738 285 1 
5738 285 1 
5738 285 1 
5738 285 1 
5738 285 1 
5738 287 1 
5738 287 1 
5738 289 1 
5738 289 1 
5738 289 1 
5738 289 1 
5738 290 1 
5738 292 1 
5738 298 1 
5738 298 1 
5738 298 1 
5738 298 1 
5738 305 1 
5738 305 1 
5738 306 1 
5738 306 1 
5738 306 1 
5738 306 1 
5738 307 1 
5738 307 3 
5738 307 1 
5738 307 1 
5738 307 1 
5738 307 1 
5738 307 1 
5738 307 1 
5738 307 3 
5738 307 1 
5738 307 1 
5738 307 1 
5738 307 1 
5738 307 1 
5738 307 1 
5738 307 1 
5738 307 1 
5738 308 1 
5738 308 1 
5738 308 1 
5738 308 1 
5738 310 1 
5738 313 1 
5738 313 1 
5738 313 1 
5738 318 3 
5738 322 1 
5738 322 1 
5738 322 1 
5738 322 1 
5738 339 1 
5738 340 1 
5738 340 1 
5738 342 1 
5739 28 1 
5739 243 1 
5739 253 1 
5739 322 1 
5739 331 1 
5739 336 1 
5740 121 1 
5740 128 1 
5740 166 1 
5740 232 3 
5740 232 2 
5740 250 3 
5740 250 2 
5740 250 3 
5740 281 1 
5740 306 1 
5740 308 1 
5740 308 1 
5741 1 1 
5741 1 1 
5741 1 1 
5741 3 1 
5741 3 1 
5741 3 1 
5741 4 1 
5741 7 1 
5741 7 1 
5741 7 1 
5741 16 3 
5741 16 1 
5741 17 1 
5741 17 3 
5741 18 1 
5741 19 3 
5741 19 1 
5741 20 1 
5741 20 1 
5741 20 1 
5741 20 1 
5741 20 1 
5741 20 1 
5741 25 1 
5741 25 1 
5741 25 1 
5741 28 1 
5741 28 1 
5741 30 1 
5741 34 1 
5741 48 1 
5741 48 1 
5741 53 3 
5741 61 1 
5741 61 1 
5741 61 1 
5741 70 1 
5741 124 1 
5741 124 1 
5741 124 1 
5741 132 1 
5741 132 3 
5741 135 3 
5741 135 1 
5741 138 3 
5741 138 1 
5741 139 1 
5741 142 3 
5741 142 1 
5741 143 3 
5741 143 1 
5741 144 3 
5741 144 1 
5741 146 1 
5741 146 3 
5741 151 3 
5741 151 1 
5741 156 3 
5741 156 1 
5741 160 2 
5741 160 1 
5741 160 1 
5741 167 1 
5741 167 3 
5741 173 1 
5741 192 3 
5741 192 1 
5741 196 3 
5741 196 1 
5741 207 1 
5741 207 3 
5741 208 1 
5741 208 1 
5741 208 1 
5741 208 1 
5741 208 1 
5741 208 1 
5741 212 3 
5741 212 1 
5741 228 1 
5741 243 1 
5741 289 1 
5741 299 1 
5741 299 1 
5741 299 1 
5741 299 1 
5741 299 1 
5741 299 1 
5741 299 1 
5741 305 1 
5741 307 1 
5741 330 1 
5741 330 1 
5741 330 1 
5741 333 1 
5741 333 1 
5741 333 1 
5741 336 1 
5741 336 1 
5741 336 1 
5741 336 1 
5741 340 1 
5741 341 1 
5741 341 1 
5741 341 1 
5741 343 1 
5741 343 1 
5741 343 1 
5741 345 1 
5741 345 1 
5741 345 1 
5741 350 1 
5741 350 1 
5741 353 1 
5741 353 1 
5741 353 1 
5741 354 1 
5741 354 1 
5741 354 1 
5741 354 1 
5741 354 1 
5741 354 1 
5741 355 1 
5741 355 1 
5741 355 1 
5741 356 1 
5741 356 1 
5741 356 1 
5742 128 1 
5742 254 1 
5742 298 1 
5742 308 1 
5742 335 1 
5742 338 1 
5742 340 1 
5742 350 1 
5743 224 1 
5744 77 1 
5745 124 1 
5746 354 1 
5747 98 1 
5747 103 2 
5747 228 1 
5747 254 1 
5747 261 1 
5747 332 1 
5747 332 1 
5747 338 1 
5747 351 1 
5748 16 1 
5748 16 1 
5748 16 1 
5748 16 1 
5748 16 1 
5748 17 1 
5748 17 1 
5748 17 1 
5748 17 1 
5748 17 1 
5748 19 1 
5748 19 1 
5748 19 1 
5748 19 1 
5748 19 1 
5748 132 1 
5748 132 1 
5748 132 1 
5748 132 1 
5748 132 1 
5748 135 1 
5748 135 1 
5748 135 1 
5748 135 1 
5748 135 1 
5748 138 1 
5748 138 1 
5748 138 1 
5748 138 1 
5748 138 1 
5748 142 1 
5748 142 1 
5748 142 1 
5748 142 1 
5748 142 1 
5748 143 1 
5748 143 1 
5748 143 1 
5748 143 1 
5748 143 1 
5748 144 1 
5748 144 1 
5748 144 1 
5748 144 1 
5748 144 1 
5748 146 1 
5748 146 1 
5748 146 1 
5748 146 1 
5748 146 1 
5748 151 1 
5748 151 1 
5748 151 1 
5748 151 1 
5748 151 1 
5748 156 1 
5748 156 1 
5748 156 1 
5748 156 1 
5748 156 1 
5748 167 1 
5748 167 1 
5748 167 1 
5748 167 1 
5748 167 1 
5748 192 1 
5748 192 1 
5748 192 1 
5748 192 1 
5748 192 1 
5748 196 1 
5748 196 1 
5748 196 1 
5748 196 1 
5748 196 1 
5748 207 1 
5748 207 1 
5748 207 1 
5748 207 1 
5748 207 1 
5748 212 1 
5748 212 1 
5748 212 1 
5748 212 1 
5748 212 1 
5749 4 1 
5749 113 1 
5749 190 2 
5749 219 1 
5749 337 1 
5749 337 1 
5749 338 1 
5749 350 1 
5750 7 1 
5751 124 1 
5752 321 1 
5752 321 1 
5752 321 1 
5752 321 1 
5753 22 1 
5753 54 1 
5753 110 1 
5753 110 1 
5753 110 1 
5753 110 1 
5753 110 2 
5753 110 1 
5753 176 1 
5753 213 1 
5753 222 1 
5753 295 1 
5753 321 1 
5754 28 1 
5754 110 1 
5754 110 1 
5754 110 1 
5754 110 1 
5754 110 1 
5754 110 1 
5754 176 1 
5754 189 1 
5754 213 1 
5754 305 1 
5755 11 1 
5755 11 1 
5755 110 1 
5755 110 1 
5755 110 1 
5755 110 1 
5755 110 1 
5755 110 1 
5755 110 2 
5755 110 1 
5755 110 1 
5755 139 1 
5755 176 1 
5755 213 1 
5755 331 1 
5756 11 1 
5756 12 1 
5756 110 1 
5756 110 1 
5756 110 1 
5756 110 1 
5756 110 1 
5756 110 2 
5756 110 1 
5756 110 1 
5756 164 1 
5756 176 1 
5756 213 1 
5756 305 1 
5757 7 1 
5757 11 1 
5757 21 1 
5757 95 1 
5757 110 1 
5757 110 1 
5757 110 1 
5757 110 2 
5757 110 1 
5757 110 1 
5757 110 1 
5757 110 1 
5757 110 1 
5757 110 1 
5757 110 1 
5757 110 1 
5757 110 1 
5757 113 1 
5757 113 1 
5757 113 1 
5757 113 1 
5757 113 1 
5757 113 1 
5757 113 1 
5757 113 1 
5757 113 1 
5757 119 1 
5757 120 1 
5757 123 1 
5757 126 1 
5757 127 1 
5757 129 1 
5757 130 1 
5757 131 1 
5757 134 1 
5757 140 1 
5757 145 1 
5757 147 1 
5757 148 1 
5757 149 1 
5757 150 1 
5757 158 1 
5757 159 1 
5757 166 1 
5757 168 1 
5757 174 1 
5757 175 1 
5757 176 1 
5757 177 1 
5757 195 1 
5757 213 1 
5757 217 1 
5757 228 1 
5757 237 1 
5757 239 1 
5757 254 1 
5757 254 1 
5757 277 1 
5757 291 1 
5757 301 1 
5757 349 1 
5757 349 1 
5757 354 1 
5758 3 1 
5758 11 1 
5758 11 1 
5758 11 1 
5758 11 1 
5758 11 1 
5758 28 1 
5758 110 2 
5758 110 1 
5758 110 1 
5758 110 2 
5758 110 1 
5758 110 1 
5758 110 1 
5758 110 1 
5758 166 1 
5758 176 1 
5758 211 1 
5758 213 1 
5758 355 1 
5759 11 1 
5759 11 1 
5759 28 1 
5759 28 1 
5759 110 1 
5759 110 1 
5759 110 1 
5759 110 1 
5759 166 1 
5759 176 1 
5759 213 1 
5759 299 1 
5759 301 1 
5759 355 1 
5760 28 1 
5760 110 1 
5760 110 1 
5760 110 1 
5760 110 1 
5760 110 1 
5760 166 1 
5760 176 1 
5760 213 1 
5761 7 1 
5761 11 1 
5761 11 1 
5761 11 1 
5761 11 1 
5761 11 1 
5761 11 1 
5761 11 1 
5761 11 1 
5761 110 2 
5761 110 1 
5761 110 1 
5761 110 1 
5761 110 1 
5761 110 1 
5761 110 1 
5761 176 1 
5761 213 1 
5761 355 1 
5762 11 1 
5762 11 1 
5762 110 1 
5762 110 1 
5762 110 1 
5762 110 1 
5762 110 1 
5762 139 1 
5762 176 1 
5762 213 1 
5763 19 1 
5764 8 1 
5764 8 1 
5764 8 1 
5764 8 1 
5764 8 1 
5764 8 1 
5764 8 1 
5764 12 1 
5764 14 1 
5764 75 1 
5764 75 1 
5764 98 1 
5764 98 1 
5764 103 2 
5764 103 1 
5764 107 1 
5764 110 2 
5764 110 2 
5764 110 2 
5764 113 2 
5764 210 2 
5764 261 1 
5764 270 1 
5764 327 1 
5764 328 1 
5764 332 1 
5765 19 1 
5765 19 1 
5766 93 2 
5767 321 1 
5767 321 1 
5768 113 1 
5768 113 1 
5768 350 1 
5769 350 1 
5770 307 1 
5771 217 1 
5771 335 1 
5771 335 1 
5772 309 1 
5773 38 1 
5773 139 1 
5774 4 1 
5774 5 1 
5774 7 1 
5774 8 1 
5774 8 1 
5774 8 1 
5774 54 1 
5774 124 1 
5774 124 1 
5774 124 1 
5774 124 1 
5774 124 1 
5774 124 1 
5774 124 1 
5774 124 1 
5774 124 1 
5774 124 1 
5774 128 1 
5774 128 1 
5774 128 1 
5774 128 1 
5774 128 1 
5774 128 1 
5774 128 1 
5774 128 1 
5774 128 1 
5774 128 1 
5774 128 1 
5774 128 1 
5774 281 1 
5774 290 1 
5774 293 1 
5774 299 1 
5774 299 1 
5774 327 1 
5774 334 1 
5774 334 1 
5774 335 1 
5774 335 1 
5774 335 1 
5774 339 1 
5774 350 1 
5775 2 1 
5775 3 1 
5775 3 1 
5775 3 1 
5775 3 1 
5775 3 1 
5775 4 1 
5775 4 1 
5775 4 1 
5775 4 1 
5775 4 1 
5775 4 1 
5775 4 1 
5775 4 1 
5775 4 1 
5775 5 1 
5775 5 1 
5775 5 1 
5775 7 1 
5775 7 1 
5775 7 1 
5775 7 1 
5775 7 1 
5775 7 1 
5775 8 1 
5775 9 3 
5775 11 1 
5775 28 1 
5775 44 1 
5775 44 1 
5775 54 1 
5775 54 1 
5775 59 3 
5775 59 1 
5775 66 1 
5775 66 1 
5775 70 1 
5775 80 3 
5775 82 1 
5775 82 3 
5775 86 3 
5775 91 2 
5775 111 1 
5775 111 1 
5775 111 1 
5775 111 1 
5775 113 1 
5775 113 1 
5775 113 1 
5775 113 1 
5775 113 1 
5775 121 1 
5775 123 3 
5775 124 1 
5775 124 1 
5775 139 1 
5775 163 1 
5775 163 1 
5775 163 1 
5775 167 1 
5775 167 3 
5775 183 2 
5775 213 1 
5775 222 2 
5775 222 1 
5775 222 3 
5775 222 3 
5775 228 1 
5775 254 1 
5775 254 1 
5775 254 1 
5775 260 1 
5775 260 1 
5775 260 1 
5775 260 1 
5775 260 1 
5775 260 1 
5775 262 1 
5775 269 1 
5775 269 1 
5775 269 1 
5775 269 1 
5775 269 1 
5775 269 1 
5775 278 1 
5775 288 1 
5775 288 1 
5775 288 1 
5775 288 1 
5775 288 1 
5775 288 1 
5775 288 1 
5775 288 1 
5775 288 1 
5775 288 1 
5775 288 1 
5775 288 1 
5775 288 3 
5775 288 1 
5775 288 1 
5775 288 1 
5775 288 1 
5775 288 1 
5775 288 1 
5775 288 1 
5775 288 1 
5775 288 1 
5775 288 1 
5775 288 1 
5775 288 1 
5775 288 1 
5775 288 1 
5775 288 1 
5775 290 1 
5775 294 1 
5775 299 1 
5775 299 1 
5775 299 1 
5775 299 1 
5775 299 1 
5775 299 1 
5775 299 1 
5775 299 1 
5775 299 1 
5775 332 1 
5775 336 1 
5775 336 1 
5775 336 1 
5775 336 1 
5775 336 1 
5775 336 1 
5775 336 1 
5775 336 1 
5775 336 1 
5775 336 1 
5775 336 1 
5775 336 1 
5775 336 1 
5775 336 1 
5775 336 1 
5775 336 1 
5775 336 1 
5775 338 1 
5775 338 1 
5775 354 1 
5776 113 1 
5777 160 1 
5777 299 1 
5777 306 1 
5778 44 1 
5778 113 1 
5778 113 1 
5778 113 1 
5778 113 1 
5778 128 1 
5778 160 1 
5778 217 1 
5778 217 1 
5778 217 1 
5778 217 1 
5778 231 1 
5778 283 1 
5778 308 1 
5778 308 1 
5778 321 1 
5778 340 1 
5778 340 1 
5778 340 1 
5778 340 1 
5778 340 1 
5778 340 1 
5778 340 1 
5778 352 1 
5778 352 1 
5779 8 1 
5779 8 1 
5780 5 1 
5780 5 1 
5780 5 1 
5780 21 1 
5780 54 1 
5780 95 1 
5780 113 1 
5780 125 1 
5780 299 1 
5780 312 1 
5781 353 1 
5782 111 2 
5783 103 1 
5783 113 1 
5783 113 1 
5783 113 1 
5783 113 1 
5783 113 1 
5783 113 1 
5783 113 1 
5783 113 1 
5783 124 1 
5783 124 1 
5783 124 1 
5783 124 1 
5783 124 1 
5783 128 1 
5783 166 1 
5783 228 1 
5783 289 1 
5783 306 1 
5784 9 1 
5784 80 1 
5784 82 1 
5784 86 1 
5785 289 1 
5785 289 1 
5785 289 1 
5785 289 1 
5785 289 1 
5785 289 1 
5786 338 1 
5787 293 1 
5787 293 1 
5788 350 1 
5789 113 1 
5789 305 1 
5790 103 1 
5790 103 1 
5790 113 1 
5790 284 1 
5790 299 1 
5790 306 1 
5791 139 1 
5791 166 1 
5791 189 1 
5792 8 1 
5792 8 1 
5792 231 1 
5792 231 1 
5793 185 1 
5794 113 1 
5794 113 1 
5795 16 1 
5795 16 1 
5795 16 1 
5795 16 1 
5795 16 1 
5795 17 1 
5795 17 1 
5795 17 1 
5795 17 1 
5795 17 1 
5795 19 1 
5795 19 1 
5795 19 1 
5795 19 1 
5795 19 1 
5795 132 1 
5795 132 1 
5795 132 1 
5795 132 1 
5795 132 1 
5795 135 1 
5795 135 1 
5795 135 1 
5795 135 1 
5795 135 1 
5795 138 1 
5795 138 1 
5795 138 1 
5795 138 1 
5795 138 1 
5795 142 1 
5795 142 1 
5795 142 1 
5795 142 1 
5795 142 1 
5795 143 1 
5795 143 1 
5795 143 1 
5795 143 1 
5795 143 1 
5795 144 1 
5795 144 1 
5795 144 1 
5795 144 1 
5795 144 1 
5795 146 1 
5795 146 1 
5795 146 1 
5795 146 1 
5795 146 1 
5795 151 1 
5795 151 1 
5795 151 1 
5795 151 1 
5795 151 1 
5795 156 1 
5795 156 1 
5795 156 1 
5795 156 1 
5795 156 1 
5795 167 1 
5795 167 1 
5795 167 1 
5795 167 1 
5795 167 1 
5795 192 1 
5795 192 1 
5795 192 1 
5795 192 1 
5795 192 1 
5795 196 1 
5795 196 1 
5795 196 1 
5795 196 1 
5795 196 1 
5795 207 1 
5795 207 1 
5795 207 1 
5795 207 1 
5795 207 1 
5795 212 1 
5795 212 1 
5795 212 1 
5795 212 1 
5795 212 1 
5796 350 1 
5796 350 1 
5796 350 1 
5796 350 1 
5796 350 1 
5796 350 1 
5797 4 1 
5797 4 1 
5797 103 1 
5797 124 1 
5797 217 1 
5797 217 1 
5797 284 1 
5797 350 1 
5798 176 1 
5799 113 1 
5799 113 1 
5799 113 1 
5799 113 1 
5799 260 1 
5799 269 1 
5799 305 1 
5799 340 1 
5799 340 1 
5799 340 1 
5800 242 1 
5800 321 1 
5800 321 1 
5801 28 1 
5801 268 1 
5802 139 1 
5802 351 1 
5802 354 1 
5803 48 1 
5803 213 1 
5804 139 1 
5804 213 1 
5804 213 1 
5805 28 1 
5805 48 1 
5805 124 1 
5805 124 1 
5805 213 1 
5806 7 1 
5806 83 1 
5806 213 1 
5807 124 1 
5807 173 1 
5807 173 1 
5807 181 1 
5807 213 1 
5807 307 3 
5807 307 3 
5807 307 1 
5807 307 1 
5807 307 1 
5807 331 1 
5807 355 1 
5808 213 1 
5809 8 1 
5809 8 1 
5809 8 1 
5809 8 1 
5809 12 1 
5809 75 1 
5809 75 1 
5809 103 1 
5809 107 1 
5809 110 2 
5809 110 2 
5809 113 2 
5809 210 2 
5809 270 1 
5809 332 1 
5810 124 1 
5810 234 1 
5810 238 1 
5810 299 1 
5810 350 1 
5810 350 1 
5810 350 1 
5811 299 1 
5812 113 1 
5812 113 1 
5812 124 1 
5812 124 1 
5812 180 1 
5812 306 1 
5812 350 1 
5813 306 1 
5814 289 1 
5814 305 1 
5815 28 1 
5816 15 1 
5816 113 1 
5816 251 1 
5816 251 1 
5816 282 1 
5816 288 1 
5816 307 1 
5816 336 1 
5817 44 1 
5818 155 2 
5819 67 1 
5820 338 1 
5821 155 1 
5822 247 3 
5822 247 2 
5822 299 1 
5823 336 1 
5824 24 1 
5824 124 1 
5824 256 1 
5824 258 1 
5824 264 1 
5824 272 1 
5824 273 1 
5824 275 1 
5824 279 1 
5824 282 1 
5824 283 1 
5824 285 1 
5824 289 1 
5824 291 1 
5824 293 1 
5824 299 1 
5824 304 1 
5824 305 1 
5824 306 1 
5824 307 1 
5824 308 1 
5824 309 1 
5824 310 1 
5824 311 1 
5824 312 1 
5824 313 1 
5824 314 1 
5824 315 1 
5824 316 1 
5824 317 1 
5824 318 1 
5824 319 1 
5824 320 1 
5824 321 1 
5824 322 1 
5824 323 1 
5824 324 1 
5824 325 1 
5824 327 1 
5824 328 1 
5824 331 1 
5824 332 1 
5824 334 1 
5824 335 1 
5824 336 1 
5824 337 1 
5824 338 1 
5824 339 1 
5824 340 1 
5824 342 1 
5824 350 1 
5824 351 1 
5824 352 1 
5825 124 1 
5826 113 1 
5826 113 1 
5826 299 1 
5827 338 1 
5828 271 1 
5829 28 1 
5830 30 1 
5831 70 1 
5832 54 1 
5833 290 1 
5834 231 1 
5835 97 1 
5835 97 1 
5835 97 1 
5836 305 1 
5837 16 1 
5837 16 1 
5837 19 1 
5837 105 1 
5837 105 1 
5837 105 1 
5837 105 1 
5837 105 1 
5837 185 1 
5837 185 1 
5837 199 1 
5837 199 1 
5837 199 1 
5837 199 1 
5837 199 1 
5837 199 1 
5837 199 1 
5837 199 1 
5837 199 1 
5837 199 1 
5837 199 1 
5837 199 1 
5837 199 1 
5837 199 1 
5837 199 1 
5837 199 1 
5837 199 1 
5838 8 1 
5838 8 1 
5838 75 1 
5838 103 1 
5838 110 2 
5838 210 2 
5838 270 1 
5839 28 1 
5839 83 1 
5839 113 1 
5839 113 1 
5839 113 1 
5839 189 1 
5839 340 1 
5840 83 1 
5840 164 1 
5840 321 1 
5841 28 1 
5841 28 1 
5841 83 1 
5842 139 1 
5842 322 1 
5842 351 1 
5843 133 1 
5844 136 1 
5845 113 1 
5846 299 1 
5847 113 1 
5847 350 1 
5848 227 1 
5849 18 1 
5849 189 1 
5849 204 1 
5850 18 1 
5850 54 1 
5850 163 1 
5850 163 1 
5850 163 1 
5850 294 1 
5850 299 1 
5850 299 1 
5850 299 1 
5850 299 1 
5850 350 1 
5850 350 1 
5850 350 1 
5851 44 1 
5851 128 1 
5851 128 1 
5851 128 1 
5851 128 2 
5851 128 2 
5851 128 1 
5851 128 1 
5851 128 1 
5851 128 2 
5851 128 2 
5851 128 1 
5851 128 1 
5851 128 1 
5851 128 1 
5851 128 1 
5851 128 1 
5851 128 1 
5851 128 1 
5851 128 1 
5851 128 1 
5851 128 1 
5851 128 1 
5851 128 1 
5851 128 1 
5851 128 1 
5851 128 1 
5851 128 1 
5851 128 1 
5851 128 1 
5851 128 1 
5851 128 1 
5851 128 1 
5851 128 1 
5851 128 1 
5851 128 1 
5851 128 1 
5851 128 1 
5851 128 1 
5851 128 1 
5851 128 1 
5851 128 1 
5851 128 1 
5851 128 1 
5851 128 1 
5851 218 1 
5851 310 1 
5851 310 1 
5851 310 1 
5851 310 1 
5851 310 1 
5851 310 1 
5851 310 1 
5851 313 1 
5851 313 1 
5851 313 1 
5851 338 1 
5851 340 1 
5852 113 2 
5852 113 1 
5852 113 1 
5852 113 1 
5852 113 1 
5852 340 1 
5852 340 1 
5853 315 3 
5853 334 1 
5853 334 1 
5853 335 1 
5853 338 1 
5853 338 1 
5853 340 1 
5853 340 1 
5854 337 1 
5855 340 1 
5855 340 1 
5855 340 1 
5855 340 1 
5855 340 1 
5855 340 1 
5856 292 3 
5856 292 1 
5856 292 1 
5856 350 1 
5857 281 1 
5858 285 1 
5859 3 1 
5859 3 1 
5859 3 1 
5859 5 1 
5859 8 1 
5859 8 1 
5859 14 1 
5859 14 1 
5859 14 1 
5859 35 1 
5859 54 1 
5859 70 1 
5859 89 1 
5859 94 1 
5859 94 1 
5859 98 1 
5859 103 1 
5859 103 1 
5859 103 2 
5859 103 1 
5859 108 1 
5859 111 1 
5859 124 1 
5859 124 1 
5859 124 1 
5859 166 1 
5859 173 1 
5859 210 1 
5859 218 1 
5859 219 1 
5859 221 1 
5859 223 1 
5859 224 1 
5859 225 1 
5859 226 1 
5859 228 1 
5859 228 1 
5859 231 1 
5859 232 1 
5859 233 1 
5859 243 1 
5859 245 1 
5859 246 1 
5859 247 1 
5859 248 1 
5859 249 1 
5859 250 1 
5859 251 1 
5859 259 1 
5859 259 1 
5859 260 1 
5859 269 1 
5859 276 1 
5859 279 1 
5859 279 1 
5859 294 1 
5859 294 1 
5859 307 1 
5859 312 1 
5859 312 1 
5859 312 1 
5859 313 1 
5859 327 1 
5859 334 1 
5859 335 1 
5859 337 1 
5859 338 1 
5859 350 1 
5859 350 1 
5859 351 1 
5859 354 1 
5859 354 1 
5859 354 1 
5860 44 1 
5860 44 1 
5861 162 1 
5861 162 1 
5861 162 1 
5862 298 1 
5862 308 1 
5862 310 1 
5862 313 3 
5862 313 3 
5862 313 1 
5862 313 1 
5862 334 1 
5862 334 1 
5862 334 1 
5862 334 1 
5862 334 3 
5862 335 1 
5863 332 1 
5864 97 1 
5864 164 1 
5865 38 1 
5865 38 1 
5865 113 1 
5865 113 1 
5865 113 1 
5865 113 1 
5865 113 1 
5865 113 1 
5865 173 1 
5865 289 1 
5865 355 1 
5866 164 1 
5867 128 1 
5867 128 1 
5868 8 1 
5868 44 1 
5868 112 1 
5868 113 1 
5868 128 1 
5868 128 1 
5868 128 1 
5868 128 1 
5868 128 1 
5868 128 1 
5868 128 1 
5868 281 1 
5868 281 1 
5868 299 1 
5868 299 1 
5868 299 1 
5868 305 1 
5868 310 1 
5868 331 1 
5868 339 1 
5868 339 1 
5868 339 1 
5868 339 1 
5869 7 1 
5869 7 1 
5869 7 1 
5869 8 1 
5869 8 1 
5869 59 1 
5869 113 1 
5869 124 1 
5869 128 1 
5869 128 1 
5869 128 1 
5869 254 1 
5869 313 1 
5869 334 1 
5869 335 1 
5869 338 1 
5869 338 1 
5869 338 1 
5869 350 1 
5870 338 1 
5870 350 1 
5870 350 1 
5871 299 1 
5872 199 1 
5873 7 1 
5873 54 1 
5874 113 1 
5875 337 1 
5875 350 1 
5876 350 1 
5877 299 1 
5878 113 1 
5878 113 1 
5878 113 1 
5878 124 1 
5878 124 1 
5878 128 2 
5878 271 1 
5878 290 1 
5879 337 1 
5880 243 1 
5881 16 1 
5881 17 1 
5881 19 1 
5881 132 1 
5881 135 1 
5881 138 1 
5881 142 1 
5881 143 1 
5881 144 1 
5881 146 1 
5881 151 1 
5881 156 1 
5881 167 1 
5881 192 1 
5881 196 1 
5881 207 1 
5881 212 1 
5882 128 2 
5882 340 1 
5883 3 1 
5883 7 1 
5883 28 1 
5883 28 1 
5883 32 1 
5883 83 1 
5883 83 1 
5883 83 1 
5883 83 1 
5883 83 1 
5883 83 1 
5884 28 1 
5885 124 1 
5885 124 1 
5885 124 1 
5885 124 1 
5885 124 1 
5885 124 1 
5885 299 1 
5885 299 1 
5885 299 1 
5885 299 1 
5885 299 1 
5885 299 1 
5885 299 1 
5885 299 1 
5885 350 1 
5885 350 1 
5885 350 1 
5885 354 1 
5885 354 1 
5886 173 1 
5887 164 1 
5888 199 1 
5888 199 1 
5889 113 1 
5890 228 1 
5890 228 1 
5891 350 1 
5892 254 1 
5892 254 1 
5892 254 1 
5892 254 1 
5892 332 1 
5892 332 1 
5893 299 1 
5893 299 1 
5893 354 1 
5894 113 1 
5895 336 1 
5896 1 1 
5896 1 1 
5896 20 1 
5896 20 1 
5896 28 1 
5896 61 1 
5896 61 1 
5896 111 1 
5896 124 1 
5896 124 1 
5896 124 1 
5896 124 1 
5896 124 1 
5896 139 1 
5896 166 1 
5896 208 1 
5896 208 1 
5896 237 3 
5896 237 3 
5896 237 1 
5896 241 1 
5896 241 3 
5896 241 3 
5896 270 1 
5896 299 1 
5896 336 1 
5896 336 1 
5896 350 1 
5896 350 1 
5897 24 1 
5897 24 1 
5897 24 1 
5897 24 1 
5897 24 1 
5897 24 1 
5897 256 1 
5897 256 1 
5897 256 1 
5897 256 1 
5897 256 1 
5897 256 1 
5898 124 1 
5899 75 1 
5899 83 1 
5900 339 1 
5901 44 1 
5902 113 1 
5902 113 1 
5902 113 1 
5903 350 1 
5904 113 1 
5905 354 1 
5906 128 1 
5906 128 1 
5906 128 1 
5906 128 1 
5906 231 1 
5906 231 1 
5906 231 1 
5906 231 1 
5906 318 3 
5907 124 1 
5907 283 1 
5907 340 1 
5907 340 1 
5908 306 1 
5909 1 3 
5909 1 2 
5909 1 2 
5909 1 2 
5909 1 1 
5909 1 2 
5909 1 2 
5909 1 1 
5909 1 2 
5909 1 2 
5909 1 2 
5909 1 2 
5909 1 1 
5909 1 2 
5909 1 2 
5909 3 1 
5909 3 1 
5909 3 1 
5909 3 1 
5909 3 1 
5909 3 1 
5909 3 1 
5909 3 1 
5909 3 1 
5909 3 1 
5909 3 1 
5909 3 1 
5909 3 1 
5909 3 1 
5909 3 1 
5909 3 1 
5909 3 1 
5909 3 1 
5909 3 1 
5909 3 1 
5909 3 1 
5909 3 1 
5909 3 1 
5909 3 1 
5909 3 1 
5909 3 1 
5909 3 3 
5909 3 1 
5909 3 1 
5909 3 1 
5909 3 1 
5909 3 1 
5909 3 1 
5909 3 1 
5909 3 1 
5909 4 1 
5909 4 1 
5909 4 1 
5909 4 1 
5909 4 1 
5909 4 1 
5909 4 1 
5909 4 1 
5909 4 1 
5909 4 1 
5909 4 3 
5909 5 3 
5909 5 1 
5909 5 1 
5909 7 1 
5909 7 3 
5909 7 1 
5909 7 1 
5909 7 1 
5909 7 1 
5909 7 1 
5909 7 1 
5909 7 1 
5909 7 1 
5909 7 1 
5909 7 1 
5909 7 1 
5909 7 1 
5909 7 1 
5909 7 1 
5909 7 1 
5909 7 1 
5909 7 1 
5909 7 1 
5909 7 1 
5909 7 1 
5909 7 1 
5909 7 1 
5909 7 1 
5909 7 1 
5909 7 1 
5909 7 1 
5909 7 1 
5909 7 1 
5909 7 1 
5909 7 1 
5909 7 1 
5909 8 1 
5909 8 1 
5909 8 2 
5909 8 2 
5909 8 2 
5909 10 2 
5909 10 2 
5909 10 2 
5909 10 2 
5909 10 2 
5909 10 2 
5909 10 2 
5909 10 3 
5909 11 1 
5909 11 1 
5909 11 3 
5909 11 1 
5909 11 1 
5909 11 1 
5909 11 3 
5909 12 2 
5909 12 1 
5909 12 3 
5909 12 3 
5909 13 1 
5909 13 1 
5909 13 3 
5909 13 1 
5909 14 1 
5909 14 1 
5909 14 1 
5909 14 1 
5909 14 1 
5909 14 1 
5909 14 3 
5909 14 3 
5909 14 1 
5909 14 1 
5909 14 2 
5909 14 1 
5909 15 3 
5909 16 3 
5909 16 1 
5909 17 3 
5909 17 1 
5909 18 2 
5909 18 3 
5909 18 1 
5909 18 1 
5909 19 1 
5909 19 1 
5909 19 3 
5909 20 3 
5909 20 1 
5909 20 1 
5909 21 1 
5909 21 3 
5909 22 1 
5909 22 3 
5909 22 1 
5909 22 1 
5909 22 1 
5909 23 3 
5909 24 1 
5909 24 3 
5909 24 1 
5909 25 1 
5909 25 1 
5909 25 1 
5909 25 3 
5909 25 1 
5909 25 1 
5909 25 1 
5909 25 1 
5909 25 1 
5909 25 1 
5909 27 3 
5909 27 1 
5909 28 1 
5909 28 1 
5909 28 1 
5909 28 1 
5909 28 1 
5909 28 1 
5909 28 1 
5909 28 1 
5909 28 3 
5909 28 1 
5909 28 1 
5909 28 1 
5909 28 1 
5909 28 1 
5909 28 1 
5909 28 1 
5909 28 1 
5909 28 1 
5909 28 1 
5909 28 1 
5909 28 1 
5909 28 1 
5909 28 1 
5909 28 1 
5909 28 1 
5909 28 1 
5909 28 1 
5909 28 1 
5909 28 1 
5909 28 1 
5909 28 1 
5909 28 1 
5909 28 1 
5909 28 1 
5909 28 1 
5909 28 1 
5909 28 1 
5909 28 1 
5909 28 1 
5909 28 1 
5909 28 1 
5909 28 1 
5909 28 1 
5909 28 1 
5909 30 3 
5909 32 1 
5909 32 1 
5909 32 3 
5909 32 1 
5909 32 1 
5909 32 1 
5909 32 1 
5909 32 1 
5909 32 1 
5909 32 1 
5909 32 1 
5909 32 1 
5909 32 1 
5909 32 1 
5909 34 3 
5909 34 1 
5909 34 1 
5909 35 1 
5909 35 1 
5909 35 3 
5909 38 1 
5909 38 3 
5909 38 2 
5909 43 3 
5909 43 1 
5909 45 1 
5909 45 1 
5909 45 1 
5909 45 3 
5909 48 1 
5909 51 3 
5909 54 3 
5909 54 1 
5909 54 1 
5909 57 3 
5909 58 3 
5909 61 2 
5909 61 3 
5909 61 1 
5909 61 2 
5909 61 2 
5909 61 2 
5909 61 2 
5909 61 2 
5909 61 1 
5909 61 1 
5909 61 2 
5909 61 2 
5909 61 2 
5909 61 2 
5909 61 2 
5909 67 3 
5909 70 1 
5909 70 3 
5909 73 3 
5909 74 3 
5909 75 1 
5909 75 3 
5909 77 3 
5909 77 1 
5909 79 3 
5909 81 3 
5909 83 1 
5909 83 1 
5909 83 1 
5909 83 1 
5909 83 1 
5909 83 1 
5909 83 1 
5909 83 1 
5909 83 1 
5909 83 1 
5909 83 1 
5909 83 1 
5909 83 1 
5909 83 1 
5909 83 1 
5909 83 1 
5909 83 1 
5909 83 3 
5909 83 1 
5909 83 1 
5909 83 1 
5909 83 1 
5909 83 1 
5909 83 1 
5909 83 1 
5909 83 1 
5909 83 1 
5909 83 1 
5909 83 1 
5909 83 1 
5909 83 1 
5909 83 1 
5909 83 1 
5909 83 1 
5909 83 1 
5909 83 1 
5909 83 1 
5909 83 1 
5909 84 3 
5909 85 2 
5909 85 2 
5909 85 2 
5909 85 2 
5909 85 2 
5909 85 2 
5909 85 3 
5909 85 2 
5909 86 2 
5909 87 1 
5909 87 3 
5909 88 1 
5909 88 3 
5909 89 1 
5909 89 1 
5909 89 3 
5909 90 1 
5909 90 3 
5909 90 1 
5909 91 2 
5909 91 2 
5909 91 3 
5909 91 2 
5909 92 3 
5909 92 1 
5909 92 1 
5909 92 3 
5909 92 2 
5909 93 2 
5909 93 2 
5909 93 2 
5909 93 2 
5909 93 2 
5909 93 3 
5909 93 2 
5909 94 3 
5909 94 1 
5909 94 1 
5909 94 1 
5909 95 1 
5909 95 3 
5909 96 1 
5909 97 2 
5909 98 1 
5909 99 3 
5909 99 1 
5909 100 1 
5909 100 3 
5909 102 1 
5909 102 3 
5909 103 1 
5909 103 1 
5909 103 1 
5909 103 2 
5909 103 3 
5909 103 1 
5909 103 1 
5909 103 1 
5909 103 1 
5909 103 3 
5909 103 2 
5909 103 2 
5909 104 3 
5909 104 2 
5909 106 3 
5909 106 2 
5909 107 3 
5909 107 2 
5909 108 3 
5909 108 2 
5909 109 1 
5909 109 1 
5909 109 3 
5909 109 1 
5909 109 2 
5909 109 1 
5909 109 1 
5909 109 1 
5909 109 1 
5909 109 1 
5909 109 1 
5909 109 1 
5909 109 1 
5909 110 3 
5909 110 2 
5909 110 2 
5909 110 2 
5909 111 2 
5909 111 3 
5909 112 2 
5909 112 3 
5909 113 1 
5909 113 1 
5909 113 1 
5909 113 1 
5909 113 1 
5909 113 1 
5909 113 1 
5909 113 1 
5909 113 1 
5909 113 1 
5909 113 1 
5909 113 1 
5909 113 1 
5909 113 1 
5909 113 1 
5909 113 1 
5909 113 1 
5909 113 1 
5909 113 1 
5909 113 1 
5909 113 1 
5909 113 1 
5909 113 1 
5909 113 1 
5909 113 1 
5909 113 2 
5909 113 2 
5909 113 1 
5909 113 1 
5909 113 1 
5909 113 2 
5909 113 1 
5909 113 1 
5909 113 2 
5909 113 1 
5909 113 1 
5909 113 1 
5909 113 1 
5909 113 1 
5909 113 1 
5909 113 1 
5909 113 1 
5909 113 1 
5909 113 1 
5909 113 1 
5909 113 1 
5909 113 1 
5909 113 1 
5909 113 2 
5909 113 1 
5909 113 2 
5909 113 1 
5909 113 1 
5909 113 2 
5909 113 1 
5909 113 2 
5909 113 1 
5909 113 1 
5909 113 1 
5909 113 1 
5909 113 1 
5909 113 1 
5909 113 1 
5909 113 1 
5909 113 1 
5909 113 1 
5909 113 1 
5909 113 1 
5909 113 2 
5909 113 1 
5909 113 1 
5909 113 1 
5909 113 1 
5909 113 1 
5909 113 1 
5909 113 1 
5909 113 1 
5909 113 1 
5909 113 1 
5909 113 1 
5909 113 1 
5909 113 1 
5909 113 1 
5909 113 2 
5909 113 1 
5909 113 1 
5909 113 1 
5909 113 1 
5909 113 1 
5909 113 1 
5909 113 1 
5909 113 1 
5909 113 1 
5909 113 1 
5909 113 2 
5909 113 1 
5909 113 1 
5909 113 1 
5909 113 1 
5909 113 1 
5909 113 2 
5909 113 1 
5909 113 1 
5909 113 1 
5909 113 1 
5909 113 1 
5909 113 1 
5909 113 1 
5909 113 1 
5909 113 1 
5909 113 1 
5909 113 1 
5909 113 1 
5909 113 1 
5909 113 3 
5909 113 1 
5909 113 2 
5909 113 2 
5909 113 1 
5909 113 2 
5909 113 1 
5909 113 1 
5909 113 1 
5909 113 1 
5909 113 1 
5909 113 1 
5909 113 1 
5909 113 1 
5909 113 1 
5909 113 1 
5909 113 1 
5909 113 1 
5909 113 1 
5909 113 1 
5909 113 1 
5909 113 1 
5909 113 1 
5909 113 1 
5909 113 1 
5909 113 1 
5909 113 1 
5909 113 1 
5909 113 1 
5909 113 1 
5909 113 1 
5909 113 1 
5909 113 1 
5909 113 1 
5909 113 1 
5909 113 1 
5909 113 1 
5909 113 1 
5909 113 2 
5909 113 1 
5909 113 1 
5909 113 1 
5909 113 1 
5909 113 1 
5909 113 1 
5909 113 1 
5909 113 1 
5909 113 1 
5909 113 1 
5909 113 1 
5909 113 1 
5909 113 1 
5909 113 1 
5909 113 1 
5909 113 1 
5909 113 1 
5909 113 1 
5909 113 1 
5909 113 1 
5909 113 1 
5909 113 1 
5909 113 1 
5909 113 1 
5909 113 1 
5909 113 1 
5909 113 1 
5909 113 1 
5909 113 1 
5909 113 1 
5909 113 1 
5909 113 1 
5909 113 1 
5909 113 1 
5909 113 1 
5909 113 1 
5909 113 1 
5909 113 1 
5909 113 1 
5909 113 1 
5909 113 1 
5909 113 1 
5909 113 1 
5909 113 1 
5909 113 1 
5909 113 1 
5909 113 1 
5909 113 1 
5909 113 1 
5909 113 1 
5909 113 1 
5909 113 1 
5909 113 1 
5909 113 1 
5909 113 1 
5909 113 1 
5909 113 1 
5909 113 1 
5909 113 1 
5909 113 1 
5909 113 1 
5909 113 1 
5909 113 1 
5909 113 1 
5909 113 1 
5909 113 1 
5909 113 1 
5909 113 1 
5909 113 1 
5909 113 1 
5909 113 1 
5909 113 1 
5909 113 1 
5909 113 1 
5909 113 1 
5909 113 1 
5909 113 1 
5909 113 1 
5909 113 1 
5909 113 1 
5909 113 1 
5909 113 1 
5909 113 1 
5909 113 1 
5909 113 1 
5909 113 1 
5909 113 1 
5909 113 1 
5909 113 1 
5909 113 1 
5909 113 1 
5909 113 1 
5909 113 1 
5909 113 1 
5909 113 1 
5909 113 1 
5909 113 1 
5909 113 1 
5909 113 1 
5909 113 1 
5909 113 1 
5909 114 3 
5909 114 2 
5909 115 3 
5909 115 1 
5909 116 2 
5909 116 3 
5909 117 3 
5909 117 1 
5909 118 3 
5909 118 1 
5909 119 2 
5909 119 3 
5909 120 3 
5909 120 2 
5909 121 1 
5909 121 1 
5909 121 1 
5909 121 1 
5909 121 3 
5909 121 1 
5909 121 1 
5909 121 1 
5909 121 1 
5909 121 1 
5909 121 1 
5909 121 1 
5909 121 1 
5909 121 1 
5909 121 1 
5909 121 1 
5909 121 2 
5909 121 1 
5909 121 1 
5909 121 1 
5909 121 1 
5909 121 1 
5909 121 1 
5909 121 1 
5909 121 1 
5909 122 2 
5909 122 3 
5909 123 3 
5909 123 2 
5909 124 3 
5909 124 1 
5909 124 1 
5909 124 1 
5909 124 1 
5909 124 1 
5909 124 1 
5909 125 3 
5909 125 2 
5909 126 3 
5909 126 2 
5909 127 2 
5909 127 3 
5909 128 1 
5909 128 1 
5909 128 1 
5909 128 2 
5909 128 2 
5909 128 1 
5909 128 2 
5909 128 2 
5909 128 1 
5909 128 3 
5909 129 3 
5909 129 2 
5909 130 3 
5909 130 2 
5909 131 2 
5909 131 3 
5909 132 3 
5909 132 1 
5909 133 3 
5909 133 1 
5909 134 3 
5909 134 2 
5909 135 3 
5909 135 1 
5909 136 3 
5909 136 1 
5909 137 1 
5909 137 3 
5909 137 1 
5909 137 1 
5909 138 3 
5909 138 1 
5909 139 2 
5909 139 3 
5909 139 1 
5909 139 1 
5909 140 3 
5909 140 2 
5909 141 3 
5909 142 3 
5909 142 1 
5909 143 3 
5909 143 1 
5909 144 3 
5909 144 1 
5909 145 3 
5909 145 2 
5909 146 1 
5909 146 3 
5909 147 2 
5909 147 3 
5909 148 2 
5909 148 3 
5909 149 3 
5909 149 2 
5909 150 2 
5909 150 3 
5909 151 3 
5909 151 1 
5909 152 2 
5909 152 3 
5909 152 1 
5909 153 3 
5909 153 2 
5909 153 1 
5909 154 3 
5909 154 2 
5909 154 1 
5909 155 3 
5909 155 1 
5909 155 2 
5909 156 1 
5909 156 3 
5909 157 3 
5909 157 2 
5909 157 1 
5909 158 3 
5909 158 2 
5909 159 2 
5909 159 3 
5909 160 1 
5909 160 1 
5909 160 1 
5909 160 1 
5909 160 1 
5909 160 1 
5909 160 2 
5909 160 1 
5909 160 2 
5909 160 3 
5909 160 1 
5909 161 3 
5909 161 1 
5909 161 2 
5909 162 3 
5909 162 2 
5909 163 1 
5909 164 3 
5909 164 1 
5909 164 2 
5909 165 3 
5909 165 2 
5909 166 2 
5909 166 1 
5909 166 3 
5909 166 1 
5909 166 1 
5909 166 1 
5909 166 1 
5909 167 3 
5909 167 1 
5909 168 2 
5909 168 3 
5909 169 1 
5909 169 2 
5909 169 3 
5909 170 3 
5909 170 2 
5909 170 1 
5909 171 1 
5909 171 3 
5909 171 2 
5909 172 3 
5909 172 2 
5909 172 1 
5909 173 1 
5909 173 1 
5909 173 1 
5909 173 2 
5909 173 1 
5909 173 3 
5909 173 1 
5909 174 2 
5909 174 3 
5909 175 2 
5909 175 3 
5909 176 3 
5909 176 2 
5909 176 1 
5909 177 3 
5909 177 2 
5909 178 1 
5909 178 2 
5909 178 3 
5909 179 3 
5909 179 2 
5909 179 1 
5909 180 3 
5909 180 2 
5909 180 1 
5909 181 2 
5909 181 1 
5909 181 3 
5909 182 3 
5909 182 2 
5909 182 1 
5909 183 3 
5909 183 1 
5909 183 2 
5909 184 1 
5909 184 3 
5909 184 2 
5909 186 1 
5909 186 3 
5909 187 2 
5909 187 3 
5909 188 2 
5909 188 3 
5909 188 1 
5909 189 1 
5909 189 1 
5909 189 2 
5909 189 3 
5909 190 3 
5909 190 2 
5909 190 1 
5909 190 1 
5909 190 1 
5909 191 1 
5909 192 3 
5909 192 1 
5909 193 3 
5909 193 2 
5909 194 1 
5909 195 3 
5909 195 2 
5909 196 3 
5909 196 1 
5909 197 1 
5909 198 3 
5909 198 2 
5909 198 1 
5909 199 3 
5909 199 2 
5909 199 1 
5909 200 1 
5909 200 2 
5909 200 3 
5909 201 2 
5909 201 1 
5909 201 3 
5909 202 1 
5909 203 1 
5909 203 2 
5909 203 3 
5909 204 2 
5909 204 1 
5909 204 3 
5909 204 1 
5909 205 1 
5909 206 1 
5909 206 3 
5909 207 1 
5909 207 3 
5909 207 1 
5909 208 1 
5909 208 1 
5909 208 3 
5909 209 3 
5909 209 1 
5909 209 2 
5909 209 3 
5909 210 1 
5909 211 3 
5909 211 2 
5909 212 3 
5909 212 1 
5909 213 1 
5909 213 2 
5909 213 3 
5909 214 3 
5909 214 1 
5909 216 2 
5909 216 3 
5909 216 1 
5909 217 1 
5909 217 2 
5909 217 3 
5909 218 3 
5909 218 1 
5909 218 1 
5909 218 2 
5909 218 1 
5909 218 3 
5909 219 1 
5909 220 3 
5909 220 1 
5909 221 1 
5909 222 1 
5909 223 1 
5909 223 2 
5909 223 3 
5909 223 3 
5909 224 3 
5909 224 3 
5909 224 2 
5909 224 1 
5909 225 1 
5909 226 1 
5909 227 3 
5909 227 2 
5909 227 1 
5909 228 1 
5909 228 1 
5909 228 1 
5909 228 1 
5909 228 1 
5909 228 1 
5909 229 1 
5909 230 1 
5909 232 1 
5909 233 1 
5909 234 1 
5909 234 1 
5909 234 1 
5909 235 2 
5909 235 3 
5909 235 1 
5909 236 3 
5909 236 2 
5909 236 1 
5909 237 3 
5909 237 3 
5909 237 1 
5909 237 3 
5909 237 1 
5909 238 1 
5909 238 1 
5909 238 3 
5909 238 1 
5909 239 3 
5909 239 2 
5909 240 3 
5909 240 1 
5909 241 3 
5909 241 1 
5909 242 3 
5909 242 1 
5909 244 1 
5909 244 1 
5909 245 1 
5909 245 2 
5909 245 3 
5909 245 3 
5909 246 3 
5909 246 1 
5909 246 3 
5909 246 2 
5909 247 1 
5909 247 3 
5909 247 2 
5909 248 3 
5909 248 1 
5909 248 2 
5909 248 3 
5909 249 3 
5909 249 3 
5909 249 2 
5909 249 1 
5909 249 2 
5909 250 3 
5909 250 2 
5909 250 1 
5909 250 3 
5909 252 1 
5909 252 2 
5909 252 3 
5909 253 1 
5909 255 3 
5909 255 3 
5909 255 1 
5909 255 1 
5909 256 3 
5909 256 1 
5909 256 1 
5909 257 3 
5909 258 3 
5909 258 1 
5909 258 1 
5909 259 3 
5909 259 1 
5909 260 3 
5909 260 1 
5909 261 3 
5909 262 3 
5909 262 2 
5909 262 1 
5909 263 3 
5909 264 3 
5909 264 1 
5909 264 1 
5909 265 3 
5909 265 1 
5909 267 3 
5909 267 2 
5909 267 1 
5909 268 3 
5909 268 1 
5909 269 3 
5909 269 1 
5909 270 1 
5909 270 3 
5909 271 3 
5909 272 1 
5909 272 1 
5909 273 1 
5909 273 1 
5909 274 3 
5909 274 2 
5909 274 1 
5909 275 1 
5909 275 1 
5909 275 1 
5909 276 3 
5909 276 1 
5909 277 3 
5909 277 2 
5909 278 3 
5909 278 2 
5909 278 1 
5909 279 1 
5909 279 3 
5909 279 1 
5909 279 1 
5909 279 1 
5909 279 1 
5909 279 1 
5909 280 3 
5909 280 1 
5909 281 1 
5909 281 1 
5909 281 1 
5909 281 1 
5909 281 1 
5909 281 1 
5909 281 1 
5909 281 1 
5909 281 1 
5909 281 1 
5909 281 1 
5909 281 1 
5909 281 3 
5909 281 3 
5909 282 1 
5909 282 1 
5909 283 1 
5909 283 1 
5909 284 3 
5909 285 1 
5909 285 1 
5909 285 1 
5909 286 1 
5909 286 2 
5909 286 3 
5909 287 1 
5909 287 3 
5909 287 1 
5909 288 3 
5909 289 1 
5909 289 1 
5909 289 1 
5909 289 1 
5909 289 1 
5909 289 1 
5909 290 3 
5909 291 1 
5909 291 1 
5909 292 3 
5909 293 1 
5909 293 1 
5909 294 1 
5909 295 3 
5909 295 2 
5909 295 1 
5909 296 3 
5909 297 3 
5909 297 2 
5909 297 1 
5909 298 1 
5909 298 3 
5909 299 1 
5909 299 1 
5909 299 1 
5909 299 1 
5909 299 1 
5909 300 3 
5909 300 1 
5909 300 2 
5909 301 3 
5909 301 2 
5909 302 3 
5909 302 2 
5909 302 1 
5909 303 3 
5909 303 1 
5909 303 1 
5909 303 3 
5909 303 2 
5909 304 1 
5909 304 1 
5909 305 1 
5909 305 1 
5909 306 1 
5909 306 1 
5909 307 1 
5909 307 1 
5909 308 1 
5909 308 1 
5909 308 1 
5909 308 1 
5909 308 1 
5909 308 1 
5909 308 1 
5909 309 1 
5909 309 1 
5909 310 1 
5909 310 1 
5909 310 1 
5909 311 1 
5909 311 1 
5909 312 1 
5909 312 1 
5909 313 1 
5909 313 1 
5909 314 1 
5909 314 1 
5909 315 1 
5909 315 1 
5909 316 1 
5909 316 1 
5909 317 1 
5909 317 1 
5909 318 1 
5909 318 1 
5909 319 1 
5909 319 1 
5909 320 1 
5909 320 1 
5909 321 1 
5909 321 1 
5909 321 1 
5909 322 1 
5909 322 1 
5909 322 1 
5909 322 1 
5909 322 1 
5909 322 1 
5909 323 1 
5909 323 1 
5909 324 1 
5909 324 1 
5909 325 1 
5909 325 1 
5909 326 2 
5909 326 3 
5909 326 1 
5909 327 1 
5909 327 1 
5909 328 1 
5909 328 1 
5909 329 2 
5909 329 1 
5909 329 3 
5909 330 1 
5909 330 1 
5909 330 1 
5909 330 1 
5909 330 1 
5909 330 1 
5909 330 1 
5909 330 1 
5909 330 3 
5909 330 1 
5909 331 1 
5909 331 1 
5909 331 1 
5909 332 1 
5909 332 1 
5909 333 1 
5909 333 1 
5909 333 1 
5909 333 1 
5909 333 1 
5909 333 1 
5909 333 3 
5909 333 1 
5909 333 1 
5909 333 1 
5909 334 1 
5909 334 1 
5909 335 1 
5909 335 1 
5909 336 1 
5909 336 1 
5909 336 1 
5909 336 1 
5909 336 1 
5909 336 1 
5909 337 1 
5909 337 1 
5909 338 1 
5909 338 1 
5909 339 1 
5909 339 1 
5909 340 1 
5909 340 1 
5909 341 1 
5909 341 1 
5909 341 1 
5909 341 1 
5909 341 3 
5909 341 1 
5909 341 1 
5909 341 1 
5909 341 1 
5909 341 1 
5909 342 1 
5909 342 1 
5909 343 1 
5909 343 1 
5909 343 1 
5909 343 1 
5909 343 1 
5909 343 1 
5909 343 3 
5909 343 1 
5909 343 1 
5909 343 1 
5909 344 2 
5909 345 1 
5909 345 3 
5909 345 1 
5909 345 1 
5909 345 1 
5909 345 1 
5909 345 1 
5909 345 1 
5909 345 1 
5909 345 1 
5909 346 3 
5909 346 2 
5909 346 1 
5909 347 3 
5909 348 3 
5909 348 2 
5909 348 1 
5909 349 2 
5909 349 3 
5909 350 1 
5909 350 1 
5909 350 1 
5909 350 1 
5909 350 1 
5909 350 1 
5909 350 1 
5909 350 1 
5909 350 1 
5909 350 1 
5909 350 1 
5909 350 1 
5909 351 1 
5909 351 1 
5909 352 1 
5909 352 1 
5909 352 1 
5909 352 1 
5909 353 3 
5909 353 1 
5909 353 1 
5909 353 1 
5909 353 1 
5909 353 1 
5909 353 1 
5909 353 1 
5909 353 1 
5909 353 1 
5909 354 1 
5909 354 1 
5909 354 1 
5909 354 1 
5909 354 1 
5909 354 1 
5909 354 1 
5909 354 1 
5909 354 3 
5909 354 1 
5909 354 1 
5909 354 1 
5909 354 1 
5909 354 1 
5909 354 1 
5909 355 1 
5909 355 1 
5909 355 1 
5909 355 1 
5909 355 1 
5909 355 1 
5909 355 1 
5909 355 1 
5909 355 1 
5909 355 1 
5909 355 1 
5909 355 1 
5909 355 1 
5909 355 1 
5909 355 1 
5909 355 1 
5909 355 1 
5909 355 1 
5909 355 1 
5909 355 1 
5909 355 1 
5909 355 1 
5909 355 1 
5909 355 1 
5909 355 1 
5909 355 1 
5909 355 1 
5909 355 3 
5909 355 1 
5909 355 1 
5909 355 1 
5909 355 1 
5909 355 1 
5909 355 1 
5909 355 1 
5909 355 1 
5909 355 1 
5909 355 1 
5909 356 1 
5909 356 1 
5909 356 1 
5909 356 1 
5909 356 3 
5909 356 1 
5909 356 1 
5909 356 1 
5909 356 1 
5909 356 1 
5909 356 1 
5910 7 1 
5910 7 1 
5910 83 1 
5910 113 1 
5910 113 1 
5910 113 1 
5910 113 1 
5911 176 1 
5912 5 1 
5912 5 1 
5912 13 1 
5912 113 1 
5912 121 1 
5912 260 1 
5912 269 1 
5912 289 1 
5912 305 1 
5912 308 1 
5912 308 1 
5912 311 1 
5912 340 1 
5912 340 1 
5912 340 1 
5912 340 1 
5912 340 1 
5912 340 1 
5912 340 1 
5912 351 1 
5912 355 1 
5912 355 1 
5913 113 1 
5914 160 1 
5914 354 1 
5915 124 1 
5916 25 1 
5916 330 1 
5916 333 1 
5916 341 1 
5916 343 1 
5916 345 1 
5916 351 1 
5916 353 1 
5916 354 1 
5916 355 1 
5916 356 1 
5917 3 1 
5917 54 1 
5917 66 1 
5917 82 1 
5917 98 3 
5917 98 3 
5917 98 2 
5917 128 1 
5917 128 1 
5917 128 1 
5917 128 1 
5917 128 1 
5917 128 1 
5917 128 1 
5917 128 1 
5917 128 1 
5917 128 1 
5917 299 1 
5917 350 1 
5917 352 1 
5918 34 1 
5919 196 1 
5920 160 1 
5921 113 1 
5922 257 1 
5923 28 1 
5923 28 1 
5923 28 1 
5924 54 1 
5924 124 1 
5924 124 1 
5924 124 1 
5924 124 1 
5924 271 1 
5925 124 1 
5926 17 1 
5927 189 1 
5927 189 1 
5927 189 3 
5927 192 1 
5927 243 1 
5928 3 1 
5928 3 1 
5928 4 1 
5928 5 1 
5928 5 1 
5928 7 1 
5928 7 1 
5928 7 1 
5928 8 1 
5928 13 1 
5928 103 1 
5928 109 1 
5928 109 1 
5928 113 1 
5928 113 1 
5928 113 1 
5928 113 1 
5928 113 1 
5928 113 1 
5928 113 1 
5928 113 1 
5928 113 1 
5928 113 1 
5928 113 1 
5928 124 1 
5928 124 1 
5928 124 1 
5928 124 1 
5928 128 1 
5928 128 1 
5928 128 1 
5928 128 1 
5928 128 1 
5928 128 1 
5928 128 1 
5928 128 1 
5928 128 1 
5928 128 1 
5928 128 1 
5928 166 1 
5928 254 1 
5928 290 1 
5928 291 1 
5928 306 1 
5928 306 1 
5928 331 1 
5928 334 1 
5928 334 1 
5928 335 1 
5928 337 1 
5928 337 1 
5928 337 1 
5928 337 1 
5928 337 1 
5928 337 1 
5928 338 1 
5928 339 1 
5929 8 1 
5929 8 1 
5929 83 1 
5929 113 1 
5929 121 1 
5929 139 1 
5929 139 1 
5929 234 1 
5929 234 1 
5929 234 1 
5929 238 3 
5929 238 1 
5929 238 1 
5929 238 1 
5930 350 1 
5931 199 1 
5932 113 1 
5932 113 1 
5932 354 1 
5933 34 1 
5933 113 1 
5933 113 1 
5933 113 1 
5933 113 1 
5934 8 2 
5934 11 1 
5934 11 1 
5934 11 1 
5934 22 1 
5934 108 1 
5934 108 1 
5934 111 1 
5934 111 1 
5934 124 1 
5934 124 1 
5934 124 1 
5934 124 1 
5934 124 1 
5934 124 1 
5934 254 1 
5934 254 1 
5934 254 1 
5934 254 1 
5934 254 1 
5934 254 1 
5934 254 1 
5934 254 1 
5934 254 1 
5934 254 1 
5934 254 1 
5934 254 1 
5934 254 1 
5934 336 1 
5934 336 1 
5934 350 1 
5934 350 1 
5934 350 1 
5935 309 1 
5935 309 1 
5935 311 1 
5935 328 1 
5935 328 3 
5935 328 1 
5936 279 1 
5936 299 1 
5936 299 1 
5936 299 1 
5937 124 1 
5937 124 1 
5938 350 1 
5939 113 1 
5940 113 2 
5940 113 1 
5941 299 1 
5942 128 1 
5942 306 1 
5942 352 1 
5942 352 1 
5943 113 1 
5944 299 1 
5945 103 1 
5946 288 1 
5946 290 2 
5946 290 2 
5946 290 2 
5946 298 1 
5947 25 1 
5947 30 1 
5947 109 1 
5947 121 1 
5947 330 1 
5947 333 1 
5947 341 1 
5947 343 1 
5947 345 1 
5947 353 1 
5947 354 1 
5947 355 1 
5947 356 1 
5948 1 2 
5948 1 2 
5948 4 1 
5948 5 1 
5948 7 1 
5948 12 1 
5948 12 1 
5948 24 1 
5948 34 1 
5948 48 1 
5948 48 3 
5948 48 1 
5948 48 3 
5948 48 1 
5948 48 1 
5948 48 1 
5948 48 1 
5948 48 1 
5948 61 2 
5948 61 2 
5948 94 2 
5948 94 2 
5948 94 2 
5948 111 1 
5948 111 1 
5948 111 1 
5948 111 1 
5948 113 1 
5948 128 1 
5948 128 1 
5948 128 1 
5948 128 1 
5948 128 1 
5948 128 1 
5948 128 1 
5948 128 1 
5948 128 1 
5948 128 1 
5948 128 1 
5948 128 1 
5948 128 1 
5948 128 1 
5948 128 1 
5948 128 1 
5948 128 1 
5948 128 1 
5948 209 1 
5948 209 1 
5948 209 1 
5948 210 3 
5948 210 3 
5948 210 2 
5948 210 2 
5948 210 2 
5948 210 2 
5948 218 1 
5948 218 1 
5948 218 1 
5948 218 1 
5948 219 1 
5948 219 1 
5948 219 1 
5948 219 1 
5948 231 1 
5948 231 1 
5948 231 1 
5948 231 1 
5948 231 1 
5948 244 1 
5948 255 1 
5948 255 1 
5948 255 1 
5948 255 3 
5948 255 1 
5948 255 1 
5948 256 1 
5948 257 1 
5948 257 1 
5948 257 1 
5948 259 1 
5948 259 1 
5948 259 1 
5948 259 1 
5948 261 1 
5948 261 1 
5948 261 1 
5948 261 1 
5948 261 1 
5948 261 1 
5948 265 1 
5948 265 1 
5948 265 1 
5948 265 1 
5948 265 1 
5948 265 1 
5948 276 1 
5948 276 3 
5948 280 1 
5948 280 1 
5948 280 1 
5948 281 1 
5948 281 1 
5948 282 1 
5948 282 1 
5948 282 1 
5948 282 1 
5948 283 1 
5948 284 1 
5948 288 1 
5948 288 3 
5948 288 1 
5948 288 1 
5948 288 1 
5948 288 1 
5948 289 1 
5948 298 1 
5948 298 1 
5948 298 3 
5948 298 1 
5948 298 3 
5948 298 1 
5948 298 1 
5948 298 1 
5948 298 1 
5948 298 1 
5948 298 1 
5948 298 1 
5948 299 1 
5948 307 1 
5948 308 1 
5948 308 1 
5948 308 1 
5948 308 1 
5948 308 1 
5948 308 1 
5948 310 1 
5948 310 1 
5948 310 1 
5948 310 1 
5948 311 1 
5948 312 1 
5948 312 3 
5948 312 1 
5948 312 3 
5948 312 1 
5948 312 1 
5948 313 1 
5948 313 1 
5948 313 1 
5948 313 1 
5948 322 1 
5948 337 1 
5948 337 1 
5948 338 1 
5948 338 1 
5948 339 1 
5948 340 1 
5948 340 1 
5948 340 1 
5948 340 3 
5948 340 1 
5948 340 1 
5949 19 1 
5950 336 1 
5951 128 1 
5951 128 1 
5951 128 1 
5951 294 1 
5951 299 1 
5951 299 1 
5951 308 1 
5951 340 1 
5951 340 1 
5951 340 1 
5951 340 1 
5951 350 1 
5951 350 1 
5952 28 1 
5952 44 1 
5952 113 2 
5952 113 1 
5952 260 1 
5952 269 1 
5952 298 1 
5952 340 1 
5952 350 1 
5952 354 1 
5953 283 1 
5953 350 1 
5954 305 1 
5955 305 1 
5956 279 1 
5956 279 1 
5957 103 1 
5957 289 1 
5957 312 1 
5957 338 1 
5957 350 1 
5957 350 1 
5957 350 1 
5957 350 1 
5958 124 1 
5958 124 1 
5959 299 1 
5959 299 1 
5959 299 1 
5960 299 1 
5960 299 1 
5960 299 1 
5961 18 1 
5961 18 1 
5961 18 1 
5961 166 1 
5961 204 1 
5961 204 1 
5961 350 1 
5961 355 1 
5962 16 1 
5962 124 1 
5962 128 1 
5962 139 1 
5962 291 1 
5962 299 1 
5962 332 1 
5962 337 1 
5962 338 1 
5962 338 1 
5962 338 1 
5962 338 1 
5962 338 1 
5962 338 1 
5962 338 1 
5962 338 1 
5962 338 1 
5962 338 1 
5963 128 1 
5963 128 1 
5964 5 1 
5964 109 1 
5964 243 1 
5964 299 1 
5964 299 1 
5964 299 1 
5965 7 1 
5965 355 1 
5966 160 1 
5967 34 1 
5967 48 1 
5968 255 1 
5968 281 1 
5968 288 1 
5968 288 1 
5968 290 2 
5968 290 2 
5968 298 1 
5968 298 1 
5969 128 1 
5969 128 1 
5969 128 1 
5969 128 1 
5969 128 1 
5969 128 1 
5969 128 1 
5969 128 1 
5969 128 1 
5969 128 1 
5969 128 1 
5969 128 1 
5969 128 1 
5969 128 1 
5969 128 1 
5969 128 1 
5970 354 1 
5971 44 1 
5972 199 1 
5973 131 1 
5973 131 1 
5973 131 1 
5973 131 1 
5973 131 1 
5974 27 1 
5974 27 1 
5975 27 1 
5976 174 1 
5976 174 1 
5976 174 1 
5976 349 1 
5976 349 1 
5976 349 1 
5977 177 1 
5977 177 1 
5978 255 1 
5979 111 2 
5979 185 1 
5979 185 3 
5979 185 1 
5980 48 1 
5981 86 2 
5981 91 2 
5981 91 2 
5981 299 1 
5982 299 1 
5982 307 1 
5983 113 1 
5983 228 1 
5984 299 1 
5985 128 1 
5986 340 1 
5987 121 1 
5988 8 1 
5988 8 1 
5988 8 1 
5988 8 1 
5988 8 1 
5988 8 1 
5988 8 1 
5988 8 2 
5988 8 1 
5988 8 1 
5988 8 1 
5988 8 1 
5988 103 1 
5988 108 1 
5988 111 1 
5988 111 1 
5988 111 1 
5988 111 1 
5988 112 1 
5988 124 1 
5988 128 1 
5988 128 1 
5988 128 1 
5988 139 1 
5988 166 1 
5988 189 1 
5988 234 1 
5988 238 1 
5988 254 1 
5988 339 1 
5988 339 1 
5988 339 1 
5988 339 1 
5988 339 1 
5988 342 1 
5988 342 1 
5988 350 1 
5988 350 1 
5988 350 1 
5988 350 1 
5989 128 1 
5989 128 1 
5989 128 1 
5989 128 1 
5989 338 1 
5989 338 1 
5990 70 1 
5991 48 1 
5992 294 1 
5993 27 1 
5994 2 1 
5994 13 1 
5994 13 1 
5994 306 1 
5995 124 1 
5995 124 1 
5995 124 1 
5995 124 1 
5996 98 1 
5997 113 1 
5998 27 1 
5999 10 2 
5999 85 2 
5999 86 2 
6000 7 1 
6001 105 1 
6002 113 1 
6002 113 1 
6002 113 1 
6002 113 1 
6002 113 1 
6002 113 1 
6002 113 1 
6002 231 1 
6002 340 1 
6002 340 1 
6002 340 1 
6003 299 1 
6004 173 1 
6004 173 1 
6004 181 1 
6005 38 1 
6005 38 1 
6005 38 1 
6005 38 1 
6006 299 1 
6007 28 1 
6008 336 1 
6008 336 1 
6008 336 1 
6009 70 1 
6010 128 1 
6011 13 1 
6012 164 2 
6013 113 1 
6013 113 1 
6013 113 1 
6013 113 1 
6013 113 1 
6013 113 1 
6013 113 1 
6013 113 1 
6013 113 1 
6013 113 1 
6013 113 1 
6013 113 1 
6013 113 1 
6013 113 1 
6013 113 1 
6013 113 1 
6013 113 1 
6013 113 1 
6013 113 1 
6013 113 1 
6013 113 1 
6013 113 1 
6013 113 1 
6013 350 1 
6014 152 1 
6014 152 3 
6014 179 1 
6014 346 1 
6015 306 1 
6015 350 1 
6015 351 1 
6015 352 1 
6016 2 1 
6016 66 1 
6016 228 1 
6016 229 1 
6016 230 1 
6016 231 1 
6016 234 1 
6016 238 1 
6016 243 1 
6016 244 1 
6016 251 1 
6016 253 1 
6016 254 1 
6017 350 1 
6018 128 1 
6019 153 3 
6019 291 1 
6020 299 1 
6021 350 1 
6022 298 1 
6023 350 1 
6024 350 1 
6025 112 1 
6025 113 1 
6025 128 1 
6025 128 1 
6026 70 1 
6027 124 1 
6027 124 1 
6027 164 1 
