6028 342 1 
6029 124 1 
6029 124 1 
6029 228 1 
6029 283 1 
6029 284 1 
6029 298 1 
6029 304 1 
6029 304 3 
6029 304 3 
6029 306 1 
6029 306 1 
6029 306 3 
6029 307 1 
6029 321 1 
6029 321 1 
6029 322 1 
6029 322 1 
6029 322 1 
6030 16 1 
6030 16 1 
6031 350 1 
6032 1 1 
6032 61 1 
6032 75 1 
6032 75 1 
6032 139 1 
6032 231 1 
6032 306 3 
6032 306 1 
6032 306 1 
6033 322 1 
6033 322 1 
6033 322 1 
6034 111 1 
6035 3 1 
6035 28 1 
6035 113 1 
6035 113 1 
6035 113 1 
6035 113 1 
6035 113 2 
6035 113 1 
6035 113 2 
6035 113 1 
6035 285 1 
6035 305 1 
6035 340 1 
6035 340 1 
6035 340 1 
6035 340 1 
6035 340 1 
6035 340 1 
6035 340 1 
6035 340 1 
6035 340 1 
6035 340 1 
6035 340 1 
6035 340 1 
6035 340 1 
6035 340 1 
6035 340 1 
6035 340 1 
6035 351 1 
6035 355 1 
6036 334 1 
6036 335 1 
6037 3 1 
6037 3 1 
6037 7 1 
6037 7 1 
6037 25 1 
6037 28 1 
6037 28 1 
6037 32 1 
6037 32 1 
6037 83 1 
6037 83 1 
6037 83 1 
6037 83 1 
6037 83 1 
6037 113 1 
6037 113 1 
6037 160 1 
6037 199 3 
6037 199 1 
6037 199 3 
6037 199 1 
6037 330 1 
6037 333 1 
6037 336 1 
6037 336 1 
6037 336 1 
6037 336 1 
6037 336 1 
6037 336 1 
6037 341 1 
6037 343 1 
6037 345 1 
6037 350 1 
6037 350 1 
6037 353 1 
6037 354 1 
6037 355 1 
6037 356 1 
6038 25 1 
6038 341 1 
6039 199 1 
6040 8 2 
6040 8 1 
6040 8 1 
6040 8 1 
6040 8 1 
6040 8 1 
6040 8 2 
6040 8 1 
6040 8 1 
6040 22 1 
6040 22 1 
6040 28 1 
6040 28 1 
6040 28 1 
6040 28 1 
6040 83 1 
6040 234 1 
6040 234 1 
6040 234 1 
6040 234 1 
6040 234 1 
6040 238 3 
6040 238 1 
6040 238 1 
6040 238 1 
6040 238 1 
6040 238 1 
6040 254 1 
6041 128 1 
6041 281 1 
6041 336 1 
6041 338 1 
6042 70 1 
6043 284 1 
6043 284 1 
6043 284 1 
6043 284 1 
6044 124 1 
6044 124 1 
6044 350 1 
6045 70 1 
6046 44 1 
6046 44 1 
6047 54 1 
6048 54 1 
6049 54 1 
6050 124 1 
6051 54 1 
6052 217 1 
6053 3 1 
6053 8 1 
6053 103 1 
6053 113 1 
6053 113 1 
6053 128 1 
6053 128 1 
6053 173 1 
6053 204 1 
6053 217 1 
6053 228 1 
6053 231 1 
6053 231 1 
6053 279 1 
6053 279 1 
6053 281 1 
6053 292 1 
6053 292 1 
6053 294 1 
6053 299 1 
6053 305 1 
6053 307 1 
6053 307 1 
6053 307 1 
6053 312 1 
6053 340 1 
6053 340 1 
6053 340 1 
6053 352 1 
6053 354 1 
6053 354 1 
6054 111 2 
6055 350 1 
6055 350 1 
6056 340 1 
6057 54 1 
6058 54 1 
6059 1 1 
6059 22 1 
6059 61 1 
6059 97 1 
6059 97 1 
6059 97 1 
6060 28 1 
6060 28 1 
6060 28 1 
6060 28 1 
6060 299 1 
6060 299 1 
6060 299 1 
6060 299 1 
6061 3 1 
6061 5 1 
6061 11 1 
6061 11 1 
6061 11 1 
6061 14 1 
6061 17 1 
6061 18 1 
6061 28 1 
6061 28 1 
6061 32 1 
6061 75 1 
6061 75 1 
6061 75 1 
6061 75 1 
6061 75 1 
6061 83 1 
6061 83 1 
6061 253 1 
6061 254 1 
6061 255 1 
6061 255 1 
6061 257 1 
6061 257 1 
6061 257 1 
6061 259 1 
6061 259 1 
6061 259 1 
6061 260 1 
6061 261 1 
6061 261 1 
6061 271 1 
6061 271 1 
6061 271 1 
6061 271 1 
6061 271 1 
6061 271 1 
6061 271 1 
6061 271 1 
6061 271 1 
6061 271 1 
6061 281 1 
6061 284 1 
6061 312 1 
6062 113 1 
6063 164 1 
6063 164 1 
6063 331 1 
6064 70 1 
6065 70 1 
6066 305 1 
6066 306 1 
6067 8 1 
6067 259 1 
6068 3 1 
6068 3 1 
6068 12 1 
6068 91 2 
6068 108 1 
6068 128 1 
6068 128 1 
6068 128 1 
6068 128 1 
6068 210 1 
6068 218 1 
6068 219 1 
6068 244 1 
6068 253 1 
6068 253 1 
6068 259 1 
6068 271 3 
6068 271 1 
6068 271 1 
6068 299 1 
6068 299 1 
6068 321 1 
6068 321 1 
6068 322 1 
6068 331 1 
6068 336 1 
6068 337 1 
6068 337 3 
6068 337 1 
6068 337 1 
6068 337 1 
6068 337 1 
6068 337 1 
6068 337 1 
6068 338 1 
6068 342 1 
6069 211 1 
6069 211 1 
6069 211 1 
6069 211 1 
6069 211 1 
6069 211 1 
6069 211 1 
6069 211 1 
6070 336 1 
6071 97 1 
6071 344 1 
6072 299 1 
6073 38 1 
6073 38 1 
6073 38 1 
6074 75 1 
6074 271 1 
6074 321 1 
6075 337 1 
6075 337 1 
6076 113 1 
6077 279 1 
6078 128 1 
6078 128 1 
6078 281 1 
6078 307 1 
6078 307 1 
6078 329 1 
6078 334 1 
6079 128 1 
6080 128 1 
6080 128 1 
6081 7 1 
6082 212 1 
6083 243 1 
6083 293 1 
6084 128 1 
6084 128 1 
6085 1 2 
6085 8 1 
6085 8 1 
6085 9 2 
6085 10 2 
6085 61 2 
6085 80 2 
6085 85 2 
6085 86 2 
6085 103 1 
6085 111 1 
6085 111 1 
6085 309 1 
6085 311 1 
6086 3 1 
6086 70 1 
6086 75 1 
6086 75 1 
6086 75 1 
6086 75 1 
6086 75 1 
6086 75 1 
6086 75 1 
6086 75 1 
6086 89 1 
6086 221 1 
6086 234 1 
6086 238 1 
6086 243 1 
6086 340 1 
6086 340 1 
6087 299 1 
6088 113 1 
6089 338 1 
6090 228 1 
6090 243 1 
6091 113 1 
6091 285 1 
6091 288 1 
6091 298 1 
6091 299 1 
6091 310 1 
6092 299 1 
6093 124 1 
6093 124 1 
6093 251 1 
6094 1 2 
6094 3 1 
6094 7 1 
6094 8 1 
6094 28 1 
6094 28 1 
6094 48 1 
6094 61 2 
6094 83 1 
6094 83 1 
6094 109 1 
6094 111 1 
6094 124 1 
6094 139 1 
6094 139 1 
6094 166 1 
6094 166 1 
6094 166 2 
6094 166 1 
6094 166 2 
6094 166 1 
6094 166 1 
6094 166 1 
6094 166 1 
6094 166 1 
6094 166 1 
6094 166 2 
6094 166 2 
6094 166 1 
6094 166 1 
6094 166 1 
6094 166 3 
6094 166 1 
6094 166 2 
6094 166 1 
6094 166 1 
6094 166 1 
6094 166 1 
6094 270 1 
6094 270 1 
6094 279 1 
6094 299 1 
6094 311 1 
6094 351 1 
6094 355 1 
6094 355 1 
6095 124 1 
6096 16 1 
6096 17 1 
6096 19 1 
6096 192 1 
6096 196 1 
6096 207 1 
6096 212 1 
6097 1 1 
6097 61 1 
6097 113 1 
6097 113 1 
6097 113 1 
6097 113 1 
6097 128 1 
6097 128 1 
6097 128 1 
6097 128 1 
6097 173 1 
6097 307 1 
6097 307 1 
6097 307 1 
6097 307 1 
6097 307 1 
6097 307 1 
6097 307 1 
6097 307 1 
6097 307 1 
6097 307 1 
6097 309 1 
6097 311 1 
6097 323 3 
6097 331 1 
6097 331 1 
6098 113 1 
6099 199 1 
6099 199 1 
6100 340 1 
6100 340 1 
6100 340 1 
6101 330 3 
6101 330 3 
6101 330 1 
6101 330 1 
6102 43 1 
6103 113 1 
6103 305 1 
6103 306 1 
6103 306 1 
6103 308 1 
6103 331 1 
6104 22 1 
6105 350 1 
6106 4 1 
6106 8 2 
6106 18 1 
6106 34 1 
6106 75 1 
6106 113 1 
6106 113 1 
6106 113 1 
6106 121 1 
6106 121 1 
6106 124 1 
6106 124 1 
6106 124 1 
6106 128 1 
6106 128 1 
6106 139 1 
6106 166 1 
6106 166 1 
6106 173 1 
6106 173 1 
6106 173 1 
6106 217 1 
6106 251 1 
6106 289 1 
6106 307 1 
6106 340 1 
6106 350 1 
6106 350 1 
6106 350 1 
6106 351 1 
6107 8 1 
6107 8 1 
6107 124 1 
6108 124 1 
6108 124 1 
6109 217 1 
6109 299 1 
6110 4 1 
6110 28 1 
6110 128 1 
6111 124 1 
6112 270 1 
6112 293 1 
6112 337 1 
6112 338 1 
6113 124 1 
6113 231 1 
6113 299 1 
6114 124 1 
6114 124 1 
6114 124 1 
6114 124 1 
6114 124 1 
6114 124 1 
6114 124 3 
6114 124 1 
6114 124 1 
6114 124 1 
6114 124 1 
6115 260 1 
6115 269 1 
6116 173 1 
6117 113 1 
6118 3 1 
6118 7 1 
6118 7 1 
6118 11 1 
6118 11 1 
6118 11 1 
6118 11 1 
6118 13 1 
6118 18 1 
6118 32 1 
6118 48 1 
6118 83 1 
6118 83 1 
6118 83 1 
6118 87 1 
6118 88 1 
6118 89 1 
6118 90 1 
6118 90 1 
6118 92 1 
6118 94 1 
6118 103 1 
6118 137 1 
6118 139 1 
6118 152 1 
6118 153 1 
6118 154 1 
6118 155 1 
6118 157 1 
6118 160 1 
6118 161 1 
6118 164 1 
6118 166 1 
6118 169 1 
6118 170 1 
6118 171 1 
6118 172 1 
6118 173 1 
6118 173 1 
6118 173 1 
6118 176 1 
6118 178 1 
6118 179 1 
6118 180 1 
6118 181 1 
6118 181 1 
6118 182 1 
6118 183 1 
6118 184 1 
6118 188 1 
6118 189 1 
6118 190 1 
6118 198 1 
6118 199 1 
6118 200 1 
6118 201 1 
6118 203 1 
6118 204 1 
6118 213 1 
6118 214 1 
6118 216 1 
6118 217 1 
6118 227 1 
6118 235 1 
6118 236 1 
6118 252 1 
6118 262 1 
6118 267 1 
6118 274 1 
6118 278 1 
6118 286 1 
6118 292 1 
6118 292 1 
6118 292 1 
6118 292 3 
6118 295 1 
6118 297 1 
6118 300 1 
6118 302 1 
6118 302 1 
6118 326 1 
6118 346 1 
6118 348 1 
6119 110 2 
6119 217 1 
6120 30 1 
6120 113 1 
6120 139 2 
6120 228 1 
6121 199 1 
6122 299 1 
6123 111 2 
6123 111 2 
6123 173 1 
6124 128 1 
6124 128 1 
6124 279 1 
6124 279 1 
6124 288 1 
6124 308 1 
6124 308 1 
6124 308 1 
6124 308 1 
6124 309 1 
6124 309 3 
6124 309 1 
6124 309 1 
6124 309 1 
6124 309 1 
6124 309 1 
6124 309 1 
6124 309 3 
6124 310 1 
6124 312 1 
6124 312 1 
6124 312 1 
6124 332 1 
6124 332 1 
6124 332 1 
6124 332 1 
6124 332 1 
6124 336 1 
6124 336 1 
6124 336 3 
6124 336 1 
6124 336 1 
6124 336 1 
6124 336 1 
6124 340 1 
6124 340 1 
6124 340 1 
6124 340 1 
6124 340 1 
6124 340 1 
6124 340 1 
6124 340 1 
6124 340 1 
6124 340 1 
6124 352 1 
6124 352 1 
6125 32 1 
6126 19 1 
6127 299 1 
6128 263 1 
6128 321 1 
6129 217 1 
6130 335 1 
6130 337 1 
6130 338 1 
6130 338 1 
6130 338 1 
6130 338 1 
6130 338 1 
6130 338 1 
6130 338 1 
6130 338 1 
6130 338 1 
6131 128 1 
6131 128 1 
6131 285 1 
6131 305 1 
6131 305 1 
6131 305 1 
6131 331 1 
6131 340 1 
6131 340 1 
6131 340 1 
6131 340 1 
6131 340 1 
6131 340 1 
6131 340 1 
6131 340 1 
6131 340 1 
6131 340 1 
6131 340 1 
6132 16 1 
6132 17 1 
6132 19 1 
6132 75 1 
6132 83 1 
6132 132 1 
6132 135 1 
6132 138 1 
6132 142 1 
6132 143 1 
6132 144 1 
6132 146 1 
6132 151 1 
6132 156 1 
6132 167 1 
6132 192 1 
6132 196 1 
6132 207 1 
6132 212 1 
6133 287 1 
6134 124 1 
6134 259 1 
6135 124 1 
6136 302 1 
6137 113 1 
6137 113 1 
6137 254 1 
6137 254 1 
6137 335 1 
6137 335 1 
6137 338 1 
6137 350 1 
6138 302 1 
6139 227 1 
6140 354 1 
6140 354 1 
6140 354 1 
6141 12 1 
6141 307 1 
6141 308 1 
6141 313 1 
6142 299 1 
6143 1 2 
6143 1 1 
6143 1 1 
6143 1 1 
6143 5 1 
6143 9 1 
6143 9 1 
6143 9 1 
6143 10 1 
6143 10 1 
6143 10 1 
6143 10 1 
6143 30 1 
6143 30 1 
6143 36 3 
6143 61 1 
6143 61 2 
6143 61 1 
6143 61 1 
6143 66 1 
6143 70 1 
6143 80 1 
6143 80 1 
6143 80 1 
6143 82 1 
6143 85 1 
6143 85 1 
6143 85 1 
6143 85 1 
6143 86 1 
6143 86 1 
6143 86 1 
6143 86 1 
6143 91 1 
6143 93 1 
6143 93 1 
6143 124 1 
6143 124 1 
6143 124 1 
6143 124 1 
6143 209 1 
6143 280 1 
6144 38 2 
6145 113 1 
6145 299 1 
6146 124 1 
6146 128 1 
6146 128 1 
6146 128 1 
6146 251 1 
6146 310 1 
6146 310 1 
6146 313 1 
6146 313 1 
6146 313 1 
6146 313 1 
6146 313 1 
6146 313 3 
6146 327 1 
6146 327 1 
6146 327 1 
6146 327 1 
6146 331 1 
6146 339 1 
6146 342 3 
6146 342 3 
6146 342 1 
6146 342 1 
6146 342 1 
6146 342 1 
6146 342 1 
6146 342 1 
6147 217 1 
6148 306 1 
6149 3 1 
6149 7 1 
6150 283 1 
6150 305 1 
6150 336 1 
6150 338 1 
6151 211 1 
6152 113 1 
6152 299 1 
6152 350 1 
6153 124 1 
6154 128 1 
6154 254 1 
6155 28 1 
6155 28 1 
6155 54 1 
6155 54 1 
6155 70 1 
6155 73 1 
6155 74 1 
6155 104 3 
6155 107 1 
6155 107 2 
6155 107 1 
6155 108 2 
6155 108 1 
6155 113 1 
6155 113 1 
6155 113 1 
6155 113 1 
6155 113 1 
6155 113 1 
6155 121 1 
6155 124 1 
6155 128 1 
6155 128 1 
6155 128 1 
6155 154 3 
6155 166 1 
6155 166 1 
6155 243 1 
6155 259 1 
6155 281 1 
6155 302 1 
6155 334 1 
6155 335 1 
6155 337 1 
6155 350 1 
6155 354 1 
6156 1 2 
6156 9 2 
6156 10 2 
6156 10 2 
6156 61 2 
6156 80 2 
6156 85 2 
6156 85 2 
6156 86 2 
6156 86 2 
6156 113 1 
6156 113 2 
6157 4 1 
6157 34 1 
6157 121 1 
6157 217 1 
6157 217 1 
6157 299 1 
6157 299 1 
6157 299 1 
6157 308 1 
6157 350 1 
6157 355 1 
6158 199 1 
6159 227 1 
6160 227 1 
6161 107 1 
6162 67 1 
6163 124 1 
6163 124 1 
6164 199 1 
6165 199 1 
6166 227 1 
6167 54 1 
6167 113 1 
6168 16 1 
6168 17 1 
6168 19 1 
6168 132 1 
6168 135 1 
6168 138 1 
6168 142 1 
6168 143 1 
6168 144 1 
6168 146 1 
6168 151 1 
6168 156 1 
6168 167 1 
6168 192 1 
6168 196 1 
6168 207 1 
6168 212 1 
6168 299 1 
6169 98 1 
6169 163 1 
6170 336 1 
6171 124 1 
6171 336 1 
6171 336 1 
6172 3 1 
6172 20 1 
6172 30 1 
6172 70 1 
6172 113 1 
6172 113 1 
6172 128 1 
6172 128 1 
6172 128 1 
6172 128 1 
6172 128 1 
6172 128 1 
6172 128 1 
6172 128 1 
6172 128 1 
6172 128 1 
6172 128 1 
6172 208 1 
6172 217 1 
6172 217 1 
6172 255 1 
6172 265 1 
6172 281 1 
6172 282 1 
6172 289 1 
6172 291 1 
6172 291 1 
6172 298 1 
6172 298 1 
6172 303 3 
6172 303 1 
6172 303 1 
6172 303 1 
6172 303 2 
6172 303 1 
6172 306 1 
6172 307 1 
6172 307 1 
6172 307 1 
6172 307 1 
6172 308 1 
6172 308 1 
6172 308 1 
6172 308 1 
6172 308 1 
6172 308 1 
6172 308 1 
6172 308 1 
6172 308 1 
6172 308 1 
6172 311 1 
6172 311 1 
6172 312 1 
6172 312 1 
6172 321 1 
6172 331 1 
6172 331 1 
6172 336 1 
6172 340 1 
6172 340 1 
6172 340 1 
6172 340 1 
6172 340 1 
6172 340 1 
6172 340 1 
6172 342 1 
6172 347 3 
6172 350 1 
6172 352 1 
6172 352 1 
6172 352 1 
6172 354 1 
6172 354 1 
6172 355 1 
6173 28 1 
6173 28 1 
6173 28 1 
6173 28 1 
6173 28 1 
6173 212 1 
6173 212 1 
6173 243 1 
6173 243 1 
6173 243 1 
6173 243 3 
6174 295 1 
6175 267 1 
6175 295 1 
6176 286 1 
6176 297 1 
6176 326 1 
6177 295 1 
6177 295 1 
6178 346 1 
6179 283 1 
6180 181 1 
6180 200 1 
6180 286 1 
6180 326 1 
6181 128 1 
6182 321 1 
6183 111 2 
6184 163 1 
6185 295 1 
6186 295 1 
6186 297 1 
6187 201 1 
6187 295 1 
6188 188 1 
6189 295 1 
6190 38 1 
6190 188 1 
6190 286 1 
6190 301 1 
6190 301 1 
6191 113 1 
6192 34 1 
6193 106 1 
6194 185 1 
6195 19 1 
6195 19 1 
6196 279 1 
6197 199 1 
6198 331 1 
6199 8 1 
6199 107 1 
6199 121 1 
6199 217 1 
6199 228 1 
6200 1 2 
6200 1 2 
6200 1 2 
6200 5 1 
6200 5 1 
6200 5 1 
6200 5 1 
6200 7 1 
6200 8 1 
6200 8 1 
6200 8 1 
6200 8 1 
6200 8 1 
6200 8 1 
6200 11 1 
6200 11 1 
6200 11 1 
6200 24 1 
6200 28 1 
6200 28 1 
6200 28 1 
6200 28 1 
6200 28 1 
6200 28 1 
6200 34 1 
6200 61 2 
6200 61 2 
6200 61 2 
6200 86 2 
6200 91 2 
6200 91 2 
6200 93 2 
6200 103 1 
6200 103 1 
6200 103 1 
6200 103 1 
6200 124 1 
6200 124 1 
6200 128 1 
6200 128 1 
6200 128 1 
6200 128 1 
6200 128 1 
6200 128 1 
6200 128 1 
6200 139 1 
6200 160 1 
6200 209 1 
6200 228 1 
6200 228 1 
6200 228 1 
6200 228 1 
6200 228 3 
6200 228 1 
6200 228 1 
6200 229 1 
6200 229 1 
6200 229 1 
6200 230 1 
6200 230 1 
6200 230 1 
6200 231 1 
6200 231 1 
6200 231 1 
6200 231 1 
6200 243 1 
6200 243 1 
6200 243 1 
6200 243 1 
6200 243 1 
6200 243 3 
6200 254 1 
6200 254 1 
6200 256 1 
6200 270 1 
6200 271 1 
6200 279 1 
6200 281 1 
6200 282 1 
6200 283 1 
6200 283 1 
6200 290 1 
6200 292 1 
6200 292 1 
6200 292 1 
6200 294 1 
6200 299 1 
6200 299 1 
6200 303 1 
6200 306 1 
6200 307 1 
6200 307 1 
6200 307 1 
6200 310 1 
6200 310 1 
6200 310 1 
6200 310 1 
6200 310 1 
6200 310 1 
6200 310 3 
6200 310 1 
6200 310 3 
6200 312 1 
6200 312 1 
6200 312 1 
6200 313 1 
6200 313 1 
6200 313 1 
6200 313 1 
6200 313 1 
6200 313 1 
6200 313 1 
6200 313 1 
6200 313 3 
6200 313 3 
6200 313 1 
6200 315 3 
6200 317 3 
6200 331 1 
6200 331 1 
6200 331 1 
6200 342 1 
6200 350 1 
6200 351 1 
6200 351 1 
6200 352 1 
6201 11 1 
6201 11 1 
6202 310 1 
6202 310 1 
6202 313 1 
6202 313 1 
6202 313 1 
6203 4 1 
6203 28 1 
6203 113 1 
6203 128 1 
6203 128 1 
6203 128 1 
6203 128 1 
6203 128 1 
6203 218 1 
6203 265 1 
6203 293 3 
6203 293 1 
6203 293 3 
6203 293 1 
6203 321 1 
6203 321 1 
6203 321 1 
6203 331 1 
6203 331 1 
6203 332 1 
6203 335 1 
6203 336 1 
6203 336 1 
6203 336 1 
6203 338 1 
6203 342 1 
6203 342 1 
6203 351 1 
6203 352 1 
6203 352 1 
6204 28 1 
6204 155 2 
6204 204 1 
6205 13 1 
6206 113 1 
6206 113 1 
6206 128 1 
6206 128 1 
6206 128 1 
6206 128 1 
6206 128 1 
6206 128 1 
6206 128 1 
6206 166 1 
6206 166 1 
6206 166 1 
6206 173 1 
6207 124 1 
6207 124 1 
6208 350 1 
6209 210 1 
6209 308 1 
6210 3 1 
6210 28 1 
6210 57 1 
6210 58 1 
6210 67 1 
6210 299 1 
6211 255 1 
6211 299 1 
6211 312 1 
6211 336 1 
6211 336 1 
6211 336 1 
6211 336 1 
6211 350 1 
6212 97 1 
6212 97 1 
6213 97 1 
6213 97 1 
6213 97 1 
6213 97 1 
6213 97 1 
6213 97 1 
6214 3 1 
6214 3 1 
6214 4 1 
6214 4 1 
6214 28 1 
6214 28 1 
6214 28 1 
6214 128 1 
6214 128 1 
6214 128 1 
6214 128 1 
6214 128 1 
6214 222 1 
6214 284 1 
6214 289 1 
6214 290 1 
6214 305 1 
6214 308 1 
6214 308 1 
6214 308 1 
6214 308 1 
6214 308 1 
6214 322 1 
6214 331 1 
6214 331 1 
6214 331 1 
6214 331 1 
6214 332 1 
6214 338 1 
6214 340 1 
6214 340 1 
6214 340 1 
6214 340 1 
6214 340 1 
6214 340 1 
6214 340 1 
6214 340 1 
6214 340 1 
6214 340 1 
6214 340 1 
6214 340 1 
6214 340 1 
6214 340 1 
6214 340 1 
6214 340 1 
6214 340 1 
6214 340 1 
6214 340 1 
6214 340 1 
6214 340 1 
6214 340 1 
6214 352 1 
6214 355 1 
6216 298 1 
6217 351 1 
6218 113 1 
6218 113 1 
6218 113 1 
6218 113 1 
6219 28 1 
6220 110 2 
6220 110 2 
6221 270 1 
6222 28 1 
6222 28 1 
6222 166 1 
6222 299 1 
6222 336 1 
6222 336 1 
6223 124 1 
6224 350 1 
6225 350 1 
6226 299 1 
6227 284 1 
6227 299 1 
6228 338 1 
6229 17 1 
6230 5 1 
6230 44 1 
6230 113 1 
6230 113 1 
6230 113 1 
6230 113 1 
6230 113 1 
6230 113 1 
6230 113 1 
6230 113 1 
6230 113 1 
6230 299 1 
6231 285 1 
6231 305 1 
6231 350 1 
6232 7 1 
6232 7 1 
6233 113 1 
6233 113 1 
6233 124 1 
6234 111 1 
6234 124 1 
6235 299 1 
6236 28 1 
6236 166 1 
6236 285 1 
6236 290 1 
6236 340 1 
6236 340 1 
6236 352 1 
6236 352 1 
6237 32 1 
6238 113 1 
6238 113 1 
6238 113 1 
6238 113 1 
6238 113 1 
6238 228 1 
6238 243 1 
6238 350 1 
6239 244 1 
6240 27 1 
6241 244 1 
6241 331 1 
6241 332 1 
6241 338 1 
6242 113 1 
6242 113 1 
6242 113 1 
6242 113 1 
6242 113 1 
6242 113 1 
6242 113 1 
6242 336 1 
6243 281 1 
6244 124 1 
6244 124 1 
6244 299 1 
6244 340 1 
6245 8 1 
6246 1 1 
6246 1 1 
6246 3 1 
6246 4 1 
6246 4 1 
6246 8 1 
6246 8 1 
6246 8 2 
6246 8 1 
6246 8 1 
6246 8 1 
6246 8 2 
6246 9 1 
6246 9 1 
6246 10 1 
6246 10 1 
6246 10 1 
6246 10 1 
6246 30 1 
6246 61 1 
6246 61 1 
6246 70 1 
6246 80 1 
6246 80 1 
6246 85 1 
6246 85 1 
6246 85 1 
6246 85 1 
6246 86 1 
6246 86 1 
6246 86 1 
6246 86 1 
6246 86 1 
6246 91 1 
6246 91 1 
6246 91 1 
6246 91 1 
6246 91 1 
6246 93 1 
6246 93 1 
6246 93 1 
6246 93 1 
6246 93 1 
6246 93 1 
6246 108 1 
6246 108 1 
6246 108 1 
6246 111 2 
6246 111 2 
6246 113 1 
6246 113 1 
6246 113 1 
6246 128 1 
6246 128 1 
6246 128 1 
6246 128 1 
6246 128 1 
6246 128 1 
6246 128 1 
6246 128 1 
6246 128 1 
6246 217 1 
6246 243 1 
6246 243 1 
6246 243 1 
6246 243 1 
6246 261 1 
6246 262 3 
6246 282 1 
6246 284 1 
6246 284 3 
6246 284 1 
6246 290 2 
6246 298 1 
6246 298 1 
6246 298 1 
6246 307 1 
6246 307 1 
6246 307 1 
6246 307 1 
6246 315 3 
6246 322 1 
6246 331 1 
6246 331 1 
6246 340 1 
6246 340 1 
6246 340 1 
6246 340 1 
6246 350 1 
6246 351 1 
6246 352 1 
6246 352 1 
6246 352 1 
6246 352 1 
6247 19 1 
6248 350 1 
6249 350 1 
6250 336 1 
6251 124 1 
6251 124 1 
6252 128 1 
6252 283 1 
6252 289 1 
6252 325 3 
6252 331 1 
6252 331 1 
6252 331 1 
6252 342 1 
6252 342 1 
6252 342 1 
6252 342 1 
6252 342 1 
6252 342 1 
6252 342 1 
6253 334 1 
6254 13 1 
6254 124 1 
6255 254 1 
6256 8 1 
6256 8 1 
6256 8 1 
6256 8 1 
6256 8 1 
6256 8 1 
6256 8 1 
6256 8 1 
6256 8 1 
6256 8 1 
6256 8 1 
6256 16 1 
6256 34 1 
6256 34 1 
6256 34 1 
6256 34 1 
6256 48 1 
6256 48 1 
6256 54 1 
6256 54 1 
6256 139 1 
6256 160 1 
6256 231 1 
6256 231 1 
6256 270 1 
6256 308 1 
6256 309 1 
6256 312 1 
6256 312 1 
6256 312 1 
6256 312 3 
6256 312 1 
6256 312 1 
6256 331 1 
6256 331 1 
6256 339 1 
6256 339 1 
6256 339 1 
6256 340 1 
6257 299 1 
6258 58 1 
6258 210 2 
6258 210 3 
6258 210 3 
6258 210 1 
6258 259 1 
6258 336 1 
6258 336 1 
6258 336 1 
6258 336 1 
6258 336 1 
6259 340 1 
6260 173 1 
6260 176 1 
6260 176 1 
6260 176 1 
6261 354 1 
6262 113 1 
6263 44 1 
6264 308 1 
6265 305 1 
6265 332 1 
6266 21 1 
6266 21 1 
6266 21 1 
6266 21 1 
6266 21 1 
6266 95 1 
6266 95 1 
6266 95 1 
6266 95 1 
6266 95 1 
6267 44 1 
6268 350 1 
6269 12 1 
6269 21 1 
6269 21 1 
6269 38 1 
6269 38 1 
6269 95 1 
6269 95 1 
6269 96 1 
6269 98 1 
6269 100 1 
6269 102 1 
6269 115 1 
6269 117 1 
6269 118 1 
6269 163 1 
6269 191 1 
6269 194 1 
6269 197 1 
6269 202 1 
6269 205 1 
6269 206 1 
6269 209 1 
6269 210 1 
6269 218 1 
6269 219 1 
6269 220 1 
6269 221 1 
6269 222 1 
6269 223 1 
6269 224 1 
6269 225 1 
6269 226 1 
6269 232 1 
6269 233 1 
6269 245 1 
6269 246 1 
6269 247 1 
6269 248 1 
6269 249 1 
6269 250 1 
6269 294 1 
6270 113 1 
6271 336 1 
6272 311 1 
6272 311 1 
6273 77 1 
6274 111 2 
6275 113 1 
6275 113 1 
6276 338 1 
6277 111 1 
6278 210 1 
6279 113 1 
6279 284 1 
6279 299 1 
6280 5 1 
6280 5 1 
6280 113 1 
6280 299 1 
6281 113 1 
6282 121 1 
6283 8 1 
6283 8 1 
6283 8 1 
6283 8 1 
6283 8 1 
6283 8 1 
6283 8 1 
6283 166 1 
6283 166 1 
6283 166 1 
6283 309 1 
6283 332 1 
6283 337 1 
6283 339 1 
6283 339 1 
6283 350 1 
6283 354 1 
6284 113 1 
6285 7 1 
6285 28 1 
6285 83 1 
6285 212 1 
6285 313 1 
6286 4 1 
6286 5 1 
6286 7 1 
6286 124 1 
6286 124 1 
6286 124 1 
6286 124 1 
6286 124 1 
6286 124 1 
6286 124 1 
6286 218 1 
6286 219 1 
6286 221 1 
6286 221 1 
6286 228 1 
6286 231 1 
6286 244 1 
6286 260 1 
6286 260 1 
6286 260 1 
6286 260 1 
6286 260 1 
6286 260 1 
6286 260 3 
6286 265 1 
6286 269 1 
6286 269 1 
6286 269 1 
6286 269 1 
6286 269 1 
6286 269 3 
6286 269 1 
6286 270 1 
6286 280 1 
6286 281 1 
6286 284 1 
6286 288 1 
6286 288 1 
6286 288 1 
6286 308 1 
6286 355 1 
6287 3 1 
6287 287 1 
6287 288 1 
6287 292 1 
6287 298 1 
6287 298 1 
6287 307 1 
6287 308 1 
6287 312 1 
6287 340 1 
6287 340 1 
6287 340 1 
6287 340 1 
6288 38 1 
6288 38 1 
6288 38 1 
6288 38 1 
6288 38 1 
6288 38 1 
6288 38 1 
6288 38 1 
6288 38 1 
6288 38 1 
6288 38 1 
6288 38 1 
6289 299 1 
6290 111 1 
6290 111 1 
6290 111 1 
6290 111 1 
6290 111 1 
6290 111 1 
6290 111 1 
6290 124 1 
6290 124 1 
6290 172 3 
6290 287 1 
6290 294 1 
6290 331 1 
6290 350 1 
6291 5 1 
6291 109 1 
6291 308 1 
6292 1 2 
6292 28 1 
6292 28 1 
6292 61 2 
6293 113 1 
6293 113 1 
6294 289 1 
6295 113 1 
6296 48 1 
6296 48 1 
6296 48 1 
6297 90 1 
6298 58 1 
6299 289 1 
6299 289 1 
6300 1 2 
6300 9 2 
6300 10 2 
6300 13 3 
6300 61 2 
6300 80 2 
6300 85 2 
6300 86 2 
6300 113 1 
6300 128 1 
6300 128 1 
6300 128 1 
6300 128 1 
6300 128 1 
6301 128 1 
6301 128 1 
6301 128 1 
6301 128 2 
6301 340 1 
6302 335 1 
6303 113 1 
6303 113 1 
6303 299 1 
6304 299 1 
6305 54 1 
6306 25 1 
6306 330 1 
6306 332 3 
6306 333 1 
6306 341 1 
6306 343 1 
6306 345 1 
6306 353 1 
6306 354 1 
6306 355 1 
6306 356 1 
6307 34 1 
6308 16 1 
6308 17 1 
6308 19 1 
6308 132 1 
6308 135 1 
6308 138 1 
6308 142 1 
6308 143 1 
6308 144 1 
6308 146 1 
6308 151 1 
6308 156 1 
6308 167 1 
6308 192 1 
6308 196 1 
6308 207 1 
6308 212 1 
6309 34 1 
6310 12 1 
6310 21 1 
6310 27 2 
6310 38 1 
6310 95 1 
6310 96 1 
6310 98 1 
6310 100 1 
6310 102 1 
6310 115 1 
6310 117 1 
6310 118 1 
6310 137 1 
6310 163 1 
6310 191 1 
6310 194 1 
6310 197 1 
6310 202 1 
6310 205 1 
6310 206 1 
6310 209 1 
6310 210 1 
6310 218 1 
6310 219 1 
6310 220 1 
6310 221 1 
6310 222 1 
6310 223 1 
6310 224 1 
6310 225 1 
6310 226 1 
6310 232 1 
6310 233 1 
6310 245 1 
6310 246 1 
6310 247 1 
6310 248 1 
6310 249 1 
6310 250 1 
6310 294 1 
6311 75 1 
6311 75 1 
6311 75 1 
6311 111 1 
6311 124 1 
6311 124 1 
6311 282 1 
6311 282 1 
6311 282 1 
6311 282 1 
6311 282 1 
6311 299 1 
6311 342 1 
6312 8 1 
6312 8 1 
6312 321 1 
6312 321 1 
6312 351 1 
6313 336 1 
6314 44 1 
6314 124 1 
6314 124 1 
6314 124 1 
6314 124 1 
6314 124 1 
6314 124 1 
6314 299 1 
6314 299 1 
6314 350 1 
6314 350 1 
6314 350 1 
6314 350 1 
6314 353 3 
6314 353 1 
6315 24 1 
6315 34 1 
6315 129 3 
6315 256 1 
6315 281 1 
6315 287 1 
6315 338 1 
6316 305 1 
6316 338 1 
6317 299 1 
6318 16 1 
6318 16 1 
6318 18 1 
6318 113 1 
6318 113 1 
6318 113 1 
6318 113 1 
6318 113 1 
6318 113 1 
6318 113 1 
6318 113 1 
6318 113 1 
6318 166 1 
6318 173 1 
6318 173 1 
6318 173 1 
6318 173 1 
6318 189 1 
6318 204 1 
6318 340 1 
6319 1 2 
6319 61 2 
6319 103 1 
6319 128 1 
6319 128 1 
6319 128 1 
6319 128 1 
6319 311 1 
6319 339 1 
6319 342 1 
6320 106 1 
6320 107 1 
6320 108 1 
6320 111 2 
6320 111 2 
6320 124 1 
6320 289 1 
6321 340 1 
6322 153 1 
6323 28 1 
6323 113 1 
6323 113 1 
6323 113 1 
6323 113 1 
6323 113 1 
6323 113 1 
6323 113 1 
6323 121 1 
6323 124 1 
6323 124 1 
6323 128 1 
6323 128 1 
6323 128 1 
6323 128 1 
6323 128 1 
6323 166 1 
6323 166 1 
6323 173 1 
6323 173 1 
6323 173 1 
6323 173 1 
6323 180 1 
6323 181 1 
6323 251 1 
6323 292 1 
6323 299 1 
6323 311 1 
6323 322 1 
6323 335 1 
6323 337 1 
6323 338 1 
6323 338 1 
6323 339 1 
6323 340 1 
6323 340 1 
6323 340 1 
6323 355 1 
6324 7 1 
6324 54 1 
6324 124 1 
6324 124 1 
6324 124 1 
6324 124 1 
6324 124 1 
6324 124 1 
6324 124 1 
6324 124 1 
6325 306 1 
6325 306 1 
6325 306 1 
6325 306 1 
6325 350 1 
6326 11 1 
6326 11 1 
6326 28 1 
6326 28 1 
6326 113 1 
6326 164 1 
6326 176 1 
6326 212 1 
6326 231 1 
6326 254 1 
6326 299 1 
6327 354 1 
6328 113 1 
6329 155 2 
6330 54 1 
6331 7 1 
6331 7 1 
6331 8 1 
6331 8 1 
6331 28 1 
6331 32 1 
6331 83 1 
6331 113 1 
6331 113 1 
6331 113 1 
6331 113 1 
6331 113 1 
6331 113 1 
6331 113 1 
6331 113 1 
6331 113 1 
6331 124 1 
6331 124 1 
6331 139 1 
6331 139 1 
6331 139 1 
6331 139 1 
6331 164 1 
6331 164 1 
6331 166 1 
6331 173 1 
6331 173 1 
6331 173 1 
6331 173 1 
6331 173 1 
6331 180 1 
6331 243 1 
6331 281 1 
6331 292 1 
6331 299 1 
6331 299 1 
6331 299 1 
6331 331 1 
6331 334 1 
6331 337 1 
6331 337 1 
6331 337 1 
6331 338 1 
6331 350 1 
6331 350 1 
6331 350 1 
6331 354 1 
6331 354 1 
6332 8 1 
6332 8 1 
6332 8 1 
6332 8 1 
6332 8 1 
6332 8 2 
6332 8 1 
6332 113 1 
6332 196 1 
6332 299 1 
6332 299 1 
6332 299 1 
6332 299 1 
6332 350 1 
6332 350 1 
6332 350 1 
6332 350 1 
6332 350 1 
6332 354 1 
6333 44 1 
6333 299 1 
6333 306 1 
6333 350 1 
6334 4 1 
6334 113 1 
6334 137 1 
6334 137 1 
6334 137 1 
6334 261 1 
6334 290 1 
6334 299 1 
6334 299 1 
6334 321 1 
6334 322 1 
6334 350 1 
6334 350 1 
6334 351 1 
6335 3 1 
6335 5 1 
6335 7 1 
6335 13 1 
6335 28 1 
6335 34 1 
6335 44 1 
6335 54 1 
6335 113 1 
6335 113 1 
6335 113 1 
6335 113 1 
6335 113 1 
6335 113 1 
6335 113 1 
6335 113 1 
6335 121 1 
6335 124 1 
6335 124 1 
6335 124 1 
6335 124 1 
6335 124 1 
6335 217 1 
6335 222 1 
6335 228 1 
6335 228 1 
6335 254 1 
6335 279 1 
6335 279 1 
6335 279 1 
6335 283 1 
6335 288 1 
6335 291 1 
6335 292 1 
6335 293 1 
6335 293 1 
6335 299 1 
6335 299 1 
6335 299 1 
6335 299 1 
6335 299 1 
6335 299 1 
6335 299 1 
6335 299 1 
6335 305 1 
6335 305 1 
6335 308 1 
6335 309 1 
6335 311 1 
6335 312 1 
6335 340 1 
6335 350 1 
6335 350 1 
6335 350 1 
6335 350 1 
6335 350 1 
6335 350 1 
6335 350 1 
6335 350 1 
6335 350 1 
6335 350 1 
6335 350 1 
6335 350 1 
6335 350 1 
6335 350 1 
6335 350 1 
6335 350 1 
6335 350 1 
6335 350 1 
6335 350 1 
6335 350 1 
6335 354 1 
6335 355 1 
6336 7 1 
6336 44 1 
6336 44 1 
6336 103 1 
6336 103 1 
6336 103 1 
6336 109 1 
6336 113 1 
6336 113 1 
6336 113 1 
6336 113 1 
6336 113 1 
6336 113 1 
6336 113 1 
6336 113 1 
6336 113 1 
6336 113 1 
6336 113 1 
6336 124 1 
6336 124 1 
6336 124 1 
6336 124 1 
6336 124 1 
6336 124 1 
6336 124 1 
6336 124 1 
6336 124 1 
6336 234 1 
6336 238 1 
6336 243 1 
6336 279 1 
6336 281 1 
6336 282 1 
6336 283 1 
6336 284 1 
6336 291 1 
6336 299 1 
6336 299 1 
6336 299 1 
6336 299 1 
6336 299 1 
6336 299 1 
6336 299 1 
6336 299 1 
6336 299 1 
6336 299 1 
6336 299 1 
6336 299 1 
6336 299 1 
6336 299 1 
6336 299 1 
6336 299 1 
6336 299 1 
6336 299 1 
6336 299 1 
6336 299 1 
6336 299 1 
6336 299 1 
6336 299 1 
6336 299 1 
6336 299 1 
6336 299 1 
6336 305 1 
6336 305 1 
6336 305 1 
6336 305 1 
6336 306 1 
6336 306 1 
6336 306 1 
6336 306 1 
6336 308 1 
6336 313 1 
6336 340 1 
6336 340 1 
6336 340 1 
6336 350 1 
6336 350 1 
6336 350 1 
6336 350 1 
6336 350 1 
6336 350 1 
6336 350 1 
6336 350 1 
6336 350 1 
6336 350 1 
6336 350 1 
6336 350 1 
6336 350 1 
6336 350 1 
6336 350 1 
6336 350 1 
6336 350 1 
6336 350 1 
6336 350 1 
6336 350 1 
6336 350 1 
6336 350 1 
6336 354 1 
6336 354 1 
6336 354 1 
6336 354 1 
6336 354 1 
6336 354 1 
6336 354 1 
6336 354 1 
6336 354 1 
6336 354 1 
6336 354 1 
6336 354 1 
6336 354 1 
6336 354 1 
6336 354 1 
6337 16 1 
6337 16 1 
6337 113 1 
6337 124 1 
6337 124 1 
6337 124 1 
6337 124 1 
6337 128 1 
6337 166 1 
6337 166 1 
6337 284 1 
6337 284 1 
6337 284 1 
6337 284 3 
6337 299 1 
6337 299 1 
6337 299 1 
6337 299 1 
6337 334 1 
6337 350 1 
6337 350 1 
6337 350 1 
6337 350 1 
6337 350 1 
6337 351 1 
6337 354 1 
6338 7 1 
6338 83 1 
6338 83 1 
6338 83 1 
6338 83 1 
6338 113 1 
6338 113 1 
6338 113 1 
6338 306 1 
6338 306 1 
6339 270 1 
6339 352 1 
6340 307 1 
6341 124 1 
6341 299 1 
6341 306 1 
6342 7 1 
6342 350 1 
6343 308 1 
6343 340 1 
6343 340 1 
6343 340 1 
6344 111 1 
6345 299 1 
6346 128 1 
6346 128 1 
6346 305 1 
6346 306 1 
6346 306 1 
6346 306 1 
6346 340 1 
6347 288 1 
6347 298 1 
6347 350 1 
6347 354 1 
6348 111 1 
6348 271 1 
6348 271 1 
6349 124 1 
6349 124 1 
6349 350 1 
6349 350 1 
6349 350 1 
6350 155 2 
6351 280 1 
6352 20 2 
6352 208 2 
6353 113 1 
6353 113 1 
6353 113 1 
6353 113 1 
6353 113 1 
6353 113 1 
6353 113 1 
6353 113 1 
6353 113 1 
6353 113 1 
6353 113 1 
6353 113 1 
6353 128 1 
6353 160 1 
6353 173 1 
6353 228 1 
6353 228 1 
6353 228 1 
6353 228 1 
6353 228 3 
6353 307 1 
6353 350 1 
6353 350 1 
6353 350 1 
6354 105 1 
6354 105 1 
6354 185 1 
6354 185 1 
6355 70 1 
6356 128 1 
6356 128 1 
6356 128 1 
6356 128 1 
6356 334 1 
6356 334 1 
6356 334 1 
6356 335 1 
6356 335 1 
6356 335 1 
6356 337 1 
6356 337 1 
6356 338 1 
6356 338 1 
6356 338 1 
6356 338 1 
6356 338 1 
6357 19 1 
6357 21 1 
6357 24 1 
6357 27 1 
6357 95 1 
6357 105 1 
6357 105 3 
6357 256 1 
6357 294 1 
6357 294 1 
6357 299 1 
6357 299 1 
6357 299 1 
6357 299 1 
6358 105 1 
6358 105 1 
6358 185 1 
6359 336 1 
6360 299 1 
6361 124 1 
6361 124 1 
6361 124 1 
6361 292 1 
6361 293 1 
6361 299 1 
6361 299 1 
6361 354 1 
6361 354 1 
6362 5 1 
6362 103 1 
6362 103 1 
6362 113 1 
6362 113 1 
6362 164 1 
6362 166 1 
6362 188 1 
6362 228 1 
6362 281 1 
6362 299 1 
6362 306 1 
6362 350 1 
6362 350 1 
6363 11 1 
6364 128 1 
6364 164 2 
6364 231 1 
6365 354 1 
6365 354 1 
6365 354 1 
6365 354 1 
6366 106 1 
6366 107 1 
6366 108 1 
6366 111 2 
6366 111 2 
6367 8 1 
6367 30 1 
6367 240 1 
6367 240 3 
6367 240 3 
6367 337 1 
6367 338 3 
6367 338 1 
6367 340 1 
6368 350 1 
6369 299 1 
6370 16 1 
6370 155 2 
6370 331 1 
6370 354 1 
6370 354 1 
6370 354 1 
6370 354 1 
6370 354 1 
6370 354 1 
6370 354 1 
6371 16 1 
6371 299 1 
6371 336 1 
6372 342 1 
6373 336 1 
6374 111 1 
6374 111 1 
6374 124 1 
6375 83 1 
6376 4 1 
6376 4 1 
6376 298 1 
6377 24 1 
6377 256 1 
6377 258 1 
6377 264 1 
6377 272 1 
6377 273 1 
6377 275 1 
6377 279 1 
6377 282 1 
6377 283 1 
6377 285 1 
6377 289 1 
6377 291 1 
6377 293 1 
6377 299 1 
6377 304 1 
6377 305 1 
6377 306 1 
6377 307 1 
6377 308 1 
6377 309 1 
6377 310 1 
6377 311 1 
6377 312 1 
6377 313 1 
6377 314 1 
6377 315 1 
6377 316 1 
6377 317 1 
6377 318 1 
6377 319 1 
6377 320 1 
6377 321 1 
6377 322 1 
6377 323 1 
6377 324 1 
6377 325 1 
6377 327 1 
6377 328 1 
6377 331 1 
6377 332 1 
6377 334 1 
6377 335 1 
6377 336 1 
6377 337 1 
6377 338 1 
6377 339 1 
6377 340 1 
6377 342 1 
6377 350 1 
6377 351 1 
6377 352 1 
6378 355 1 
6379 11 1 
6380 113 1 
6380 113 1 
6380 124 1 
6380 189 1 
6380 294 3 
6380 294 3 
6380 294 2 
6380 299 1 
6380 299 3 
6380 299 1 
6380 299 1 
6380 299 1 
6380 299 1 
6380 299 1 
6381 113 1 
6381 176 1 
6381 210 1 
6381 259 1 
6381 336 1 
6381 336 1 
6381 336 1 
6381 336 1 
6381 336 1 
6382 3 1 
6382 7 1 
6382 8 1 
6382 13 1 
6382 28 1 
6382 32 1 
6382 83 1 
6382 83 1 
6382 110 1 
6382 113 1 
6382 113 1 
6382 113 1 
6382 113 1 
6382 113 1 
6382 113 1 
6382 124 1 
6382 124 1 
6382 124 1 
6382 124 1 
6382 128 1 
6382 128 1 
6382 128 1 
6382 128 1 
6382 128 1 
6382 222 1 
6382 231 1 
6382 234 1 
6382 238 1 
6382 270 1 
6382 271 1 
6382 282 1 
6382 283 1 
6382 283 3 
6382 283 1 
6382 291 1 
6382 299 1 
6382 299 1 
6382 299 1 
6382 305 1 
6382 321 1 
6382 321 1 
6382 334 1 
6382 335 1 
6382 337 1 
6382 338 1 
6382 350 1 
6382 350 1 
6382 350 1 
6382 350 1 
6382 355 1 
6383 113 1 
6383 113 1 
6383 113 1 
6383 113 1 
6383 113 1 
6383 113 1 
6383 124 1 
6383 124 1 
6383 137 1 
6383 137 1 
6383 293 3 
6383 293 1 
6383 299 1 
6383 299 1 
6383 299 1 
6383 299 1 
6383 299 1 
6383 299 1 
6383 299 1 
6383 299 1 
6383 306 1 
6383 340 1 
6383 340 1 
6383 340 1 
6383 350 1 
6383 350 1 
6383 350 1 
6383 350 1 
6383 354 1 
6384 1 2 
6384 16 1 
6384 17 1 
6384 19 1 
6384 24 1 
6384 24 1 
6384 25 1 
6384 61 2 
6384 113 1 
6384 113 1 
6384 113 1 
6384 124 1 
6384 192 1 
6384 196 1 
6384 207 1 
6384 212 1 
6384 254 1 
6384 256 1 
6384 256 1 
6384 258 1 
6384 264 1 
6384 272 1 
6384 273 1 
6384 275 1 
6384 279 1 
6384 282 1 
6384 283 1 
6384 285 1 
6384 289 1 
6384 291 1 
6384 293 1 
6384 299 1 
6384 304 1 
6384 305 1 
6384 306 1 
6384 307 1 
6384 308 1 
6384 309 1 
6384 310 1 
6384 311 1 
6384 312 1 
6384 313 1 
6384 314 1 
6384 315 1 
6384 316 1 
6384 317 1 
6384 318 1 
6384 319 1 
6384 320 1 
6384 321 1 
6384 322 1 
6384 323 1 
6384 324 1 
6384 325 1 
6384 327 1 
6384 328 1 
6384 330 1 
6384 331 1 
6384 332 1 
6384 333 1 
6384 334 1 
6384 335 1 
6384 336 1 
6384 337 1 
6384 338 1 
6384 339 1 
6384 340 1 
6384 341 1 
6384 342 1 
6384 343 1 
6384 345 1 
6384 350 1 
6384 351 1 
6384 352 1 
6384 353 1 
6384 354 1 
6384 355 1 
6384 356 1 
6385 139 1 
6385 139 1 
6386 1 2 
6386 8 1 
6386 11 1 
6386 11 1 
6386 11 1 
6386 11 1 
6386 12 1 
6386 14 1 
6386 16 1 
6386 18 1 
6386 20 2 
6386 20 2 
6386 44 1 
6386 61 2 
6386 98 1 
6386 98 1 
6386 98 1 
6386 110 2 
6386 110 2 
6386 110 1 
6386 189 1 
6386 192 1 
6386 199 1 
6386 204 1 
6386 208 2 
6386 208 2 
6386 209 1 
6386 210 1 
6386 218 1 
6386 219 1 
6386 219 1 
6386 222 1 
6386 222 1 
6386 222 1 
6386 244 1 
6386 254 1 
6386 255 1 
6386 257 1 
6386 257 1 
6386 261 1 
6386 265 1 
6386 265 1 
6386 271 1 
6386 276 1 
6386 280 1 
6386 280 1 
6386 283 1 
6386 291 1 
6386 292 1 
6386 298 1 
6386 298 1 
6386 299 1 
6386 299 1 
6386 307 1 
6386 308 1 
6386 311 1 
6386 312 1 
6386 313 1 
6386 327 1 
6386 328 1 
6386 350 1 
6386 350 1 
6387 306 1 
6387 352 1 
6388 354 1 
6389 299 1 
6390 340 1 
6390 350 1 
6391 210 1 
6391 338 1 
6392 17 1 
6392 17 1 
6393 1 2 
6393 3 1 
6393 3 1 
6393 7 1 
6393 7 1 
6393 7 1 
6393 7 1 
6393 7 1 
6393 7 1 
6393 8 1 
6393 10 2 
6393 11 1 
6393 11 1 
6393 13 1 
6393 18 1 
6393 22 1 
6393 24 1 
6393 25 1 
6393 48 1 
6393 48 1 
6393 48 1 
6393 48 1 
6393 61 2 
6393 77 1 
6393 83 1 
6393 83 1 
6393 85 2 
6393 87 1 
6393 88 1 
6393 89 1 
6393 89 1 
6393 89 1 
6393 90 1 
6393 90 1 
6393 90 1 
6393 92 1 
6393 94 1 
6393 99 1 
6393 103 1 
6393 113 1 
6393 113 1 
6393 137 1 
6393 139 1 
6393 141 1 
6393 152 1 
6393 153 1 
6393 154 1 
6393 155 1 
6393 157 1 
6393 160 1 
6393 161 1 
6393 164 1 
6393 166 1 
6393 169 1 
6393 170 1 
6393 171 1 
6393 172 1 
6393 173 1 
6393 176 1 
6393 176 1 
6393 178 1 
6393 179 1 
6393 180 1 
6393 181 1 
6393 182 1 
6393 183 1 
6393 184 1 
6393 188 1 
6393 189 1 
6393 190 1 
6393 198 1 
6393 199 1 
6393 200 1 
6393 201 1 
6393 203 1 
6393 204 1 
6393 213 1 
6393 214 1 
6393 216 1 
6393 217 1 
6393 227 1 
6393 228 1 
6393 229 1 
6393 230 1 
6393 231 1 
6393 234 1 
6393 235 1 
6393 236 1 
6393 238 1 
6393 243 1 
6393 244 1 
6393 251 1 
6393 252 1 
6393 253 1 
6393 254 1 
6393 256 1 
6393 258 1 
6393 262 1 
6393 264 1 
6393 267 1 
6393 272 1 
6393 273 1 
6393 274 1 
6393 275 1 
6393 278 1 
6393 279 1 
6393 281 1 
6393 282 1 
6393 283 1 
6393 285 1 
6393 286 1 
6393 289 1 
6393 291 1 
6393 293 1 
6393 295 1 
6393 296 1 
6393 297 1 
6393 299 1 
6393 300 1 
6393 302 1 
6393 304 1 
6393 305 1 
6393 306 1 
6393 307 1 
6393 308 1 
6393 309 1 
6393 310 1 
6393 311 1 
6393 312 1 
6393 313 1 
6393 314 1 
6393 315 1 
6393 316 1 
6393 317 1 
6393 318 1 
6393 319 1 
6393 320 1 
6393 321 1 
6393 322 1 
6393 323 1 
6393 324 1 
6393 325 1 
6393 326 1 
6393 327 1 
6393 328 1 
6393 330 1 
6393 331 1 
6393 332 1 
6393 333 1 
6393 334 1 
6393 335 1 
6393 336 1 
6393 337 1 
6393 338 1 
6393 339 1 
6393 340 1 
6393 341 1 
6393 342 1 
6393 343 1 
6393 345 1 
6393 346 1 
6393 347 1 
6393 348 1 
6393 350 1 
6393 350 1 
6393 351 1 
6393 352 1 
6393 353 1 
6393 354 1 
6393 354 1 
6393 354 1 
6393 354 1 
6393 355 1 
6393 356 1 
6394 28 1 
6394 212 1 
6395 1 1 
6395 61 1 
6395 121 1 
6395 121 1 
6395 283 1 
6396 113 1 
6397 5 1 
6397 350 1 
6397 350 1 
6397 350 1 
6397 350 1 
6398 48 1 
6398 350 1 
6399 299 1 
6400 229 1 
6400 230 1 
6401 111 1 
6402 113 1 
6403 218 1 
6403 327 1 
6403 331 1 
6404 77 1 
6405 8 1 
6405 8 1 
6405 8 1 
6405 14 1 
6405 228 1 
6405 254 1 
6405 254 1 
6405 350 1 
6405 350 1 
6405 350 1 
6405 350 1 
6405 350 1 
6406 350 1 
6407 354 1 
6408 54 1 
6409 111 1 
6410 180 1 
6410 180 1 
6411 8 1 
6411 352 1 
6412 340 1 
6413 299 1 
6413 350 1 
6413 350 1 
6414 54 1 
6415 340 1 
6416 7 1 
6417 113 1 
6418 110 2 
6418 253 1 
6418 253 1 
6418 253 1 
6418 253 1 
6419 293 1 
6419 353 1 
6419 353 1 
6420 15 1 
6421 28 1 
6421 350 1 
6422 4 1 
6422 103 1 
6422 103 1 
6422 124 1 
6422 124 1 
6422 124 1 
6422 124 1 
6422 124 1 
6422 124 1 
6422 124 1 
6422 124 1 
6422 124 1 
6422 128 1 
6422 279 1 
6422 299 1 
6422 299 1 
6422 299 1 
6422 299 1 
6422 299 1 
6422 299 1 
6422 299 1 
6422 305 1 
6422 305 1 
6422 350 1 
6422 350 1 
6422 350 1 
6422 350 1 
6422 354 1 
6423 311 1 
6424 111 1 
6424 128 1 
6424 128 1 
6424 128 1 
6424 128 1 
6424 128 1 
6424 128 1 
6424 257 1 
6424 257 3 
6424 259 1 
6424 259 3 
6424 261 3 
6424 261 1 
6424 263 1 
6424 263 3 
6424 265 1 
6424 265 3 
6424 266 3 
6424 280 1 
6424 280 3 
6425 338 1 
6426 350 1 
6427 113 1 
6427 113 1 
6427 113 1 
6427 350 1 
6428 173 1 
6428 305 1 
6428 305 1 
6428 305 1 
6428 305 1 
6428 350 1 
6428 354 1 
6429 28 1 
6429 107 1 
6429 108 1 
6429 128 1 
6429 128 1 
6429 128 1 
6429 128 1 
6429 128 1 
6429 128 1 
6429 128 1 
6429 128 1 
6429 128 1 
6429 152 1 
6429 217 1 
6429 254 1 
6430 18 1 
6430 28 1 
6430 166 1 
6430 355 1 
6430 355 1 
6431 113 1 
6431 113 1 
6432 103 1 
6432 103 2 
6432 103 1 
6432 107 1 
6432 111 1 
6432 270 1 
6432 309 1 
6432 309 1 
6432 311 1 
6432 311 1 
6432 312 1 
6432 312 1 
6432 312 1 
6432 336 1 
6433 1 2 
6433 9 2 
6433 10 2 
6433 61 2 
6433 80 2 
6433 85 2 
6433 86 2 
6433 186 1 
6433 254 1 
6434 354 1 
6435 124 1 
6435 299 1 
6436 25 1 
6436 299 1 
6436 330 1 
6436 333 1 
6436 341 1 
6436 343 1 
6436 345 1 
6436 353 1 
6436 354 1 
6436 355 1 
6436 355 1 
6436 355 1 
6436 356 1 
6437 77 1 
6437 124 1 
6437 124 1 
6437 124 1 
6437 155 1 
6437 299 1 
6437 299 1 
6437 350 1 
6437 350 1 
6437 350 1 
6437 350 3 
6437 350 3 
6438 299 1 
6438 322 1 
6439 103 1 
6439 113 1 
6439 113 1 
6439 113 1 
6439 124 1 
6439 124 1 
6439 160 1 
6439 160 1 
6439 231 1 
6439 299 1 
6439 334 1 
6439 350 1 
6439 350 1 
6439 350 1 
6440 3 1 
6440 3 1 
6440 4 1 
6440 5 1 
6440 5 1 
6440 5 1 
6440 5 1 
6440 5 1 
6440 5 1 
6440 5 1 
6440 7 1 
6440 7 1 
6440 7 1 
6440 7 1 
6440 7 1 
6440 7 1 
6440 7 1 
6440 7 1 
6440 8 1 
6440 8 1 
6440 11 1 
6440 14 1 
6440 43 1 
6440 54 1 
6440 59 1 
6440 66 1 
6440 69 3 
6440 70 1 
6440 82 1 
6440 83 1 
6440 83 1 
6440 92 1 
6440 94 1 
6440 124 1 
6440 124 1 
6440 124 1 
6440 124 1 
6440 124 1 
6440 124 1 
6440 124 1 
6440 124 1 
6440 124 1 
6440 124 1 
6440 124 1 
6440 124 1 
6440 124 1 
6440 124 1 
6440 124 1 
6440 124 1 
6440 124 1 
6440 183 1 
6440 209 1 
6440 218 1 
6440 218 1 
6440 218 1 
6440 218 1 
6440 218 1 
6440 219 1 
6440 219 1 
6440 244 1 
6440 251 1 
6440 251 1 
6440 253 1 
6440 254 1 
6440 254 1 
6440 254 1 
6440 254 1 
6440 254 1 
6440 254 1 
6440 257 1 
6440 259 1 
6440 259 1 
6440 259 1 
6440 261 1 
6440 263 1 
6440 265 1 
6440 265 1 
6440 265 1 
6440 271 1 
6440 276 1 
6440 280 1 
6440 280 1 
6440 303 1 
6440 321 1 
6440 322 1 
6440 327 1 
6440 327 1 
6440 328 1 
6440 329 1 
6440 331 1 
6440 331 1 
6440 331 1 
6440 331 1 
6440 332 1 
6440 332 1 
6440 338 1 
6440 338 1 
6440 345 1 
6440 351 1 
6440 351 1 
6441 13 1 
6441 124 1 
6441 124 1 
6441 124 1 
6441 124 1 
6441 124 1 
6441 196 3 
6441 196 1 
6441 196 1 
6441 228 1 
6441 281 1 
6441 291 1 
6441 293 1 
6441 293 1 
6441 293 1 
6441 299 1 
6441 299 1 
6441 299 1 
6441 299 1 
6441 299 1 
6441 307 1 
6441 350 1 
6441 350 1 
6441 350 1 
6441 350 1 
6441 350 1 
6441 350 1 
6441 350 1 
6441 350 1 
6441 350 1 
6441 350 1 
6441 350 1 
6441 350 1 
6441 350 1 
6441 350 1 
6441 350 1 
6441 350 1 
6441 350 1 
6441 350 1 
6441 350 1 
6441 354 1 
6442 110 2 
6442 111 1 
6442 124 1 
6442 124 1 
6442 139 1 
6442 251 1 
6442 251 1 
6442 251 1 
6442 302 1 
6442 306 1 
6443 8 1 
6443 8 1 
6443 8 1 
6443 8 1 
6443 8 1 
6443 8 2 
6443 8 1 
6443 166 1 
6443 306 1 
6443 306 1 
6443 350 1 
6443 350 1 
6443 354 1 
6443 354 1 
6443 354 1 
6444 306 1 
6444 350 1 
6445 28 1 
6445 67 1 
6446 1 1 
6446 19 1 
6446 61 1 
6446 121 1 
6446 121 1 
6446 128 1 
6446 128 1 
6446 207 1 
6446 212 1 
6446 283 1 
6446 291 1 
6446 291 1 
6446 299 1 
6446 305 1 
6446 350 1 
6446 350 1 
6447 354 1 
6448 48 1 
6449 8 1 
6449 103 2 
6449 103 1 
6449 128 2 
6449 271 1 
6449 281 1 
6449 309 1 
6449 309 1 
6449 309 1 
6449 309 1 
6449 309 1 
6449 311 1 
6449 322 1 
6449 334 1 
6449 334 1 
6449 334 1 
6449 337 1 
6450 128 1 
6450 128 1 
6450 128 1 
6450 128 1 
6450 128 1 
6450 128 1 
6450 128 1 
6450 308 1 
6450 338 1 
6451 10 2 
6451 24 1 
6451 85 2 
6451 86 2 
6451 124 1 
6451 139 1 
6451 256 1 
6451 258 1 
6451 264 1 
6451 272 1 
6451 273 1 
6451 275 1 
6451 279 1 
6451 282 1 
6451 283 1 
6451 285 1 
6451 289 1 
6451 291 1 
6451 293 1 
6451 299 1 
6451 304 1 
6451 305 1 
6451 306 1 
6451 307 1 
6451 307 1 
6451 308 1 
6451 309 1 
6451 309 1 
6451 310 1 
6451 311 1 
6451 311 1 
6451 312 1 
6451 313 1 
6451 314 1 
6451 315 1 
6451 316 1 
6451 317 1 
6451 318 1 
6451 319 1 
6451 320 1 
6451 321 1 
6451 322 1 
6451 323 1 
6451 324 1 
6451 325 1 
6451 327 1 
6451 328 1 
6451 331 1 
6451 332 1 
6451 334 1 
6451 335 1 
6451 336 1 
6451 337 1 
6451 338 1 
6451 339 1 
6451 340 1 
6451 342 1 
6451 350 1 
6451 351 1 
6451 352 1 
6452 305 1 
6453 342 1 
6454 19 1 
6454 207 1 
6454 212 1 
6455 350 1 
6456 1 2 
6456 4 1 
6456 5 1 
6456 7 1 
6456 7 1 
6456 28 1 
6456 28 1 
6456 44 1 
6456 61 2 
6456 83 1 
6456 109 1 
6456 109 1 
6456 109 1 
6456 112 1 
6456 113 1 
6456 113 1 
6456 113 1 
6456 113 1 
6456 113 1 
6456 124 1 
6456 124 1 
6456 124 1 
6456 124 1 
6456 128 1 
6456 128 1 
6456 139 1 
6456 166 1 
6456 237 1 
6456 240 1 
6456 241 1 
6456 242 1 
6456 254 1 
6456 268 1 
6456 279 1 
6456 285 1 
6456 299 1 
6456 312 1 
6456 335 1 
6456 337 1 
6456 342 1 
6456 350 1 
6456 354 1 
6456 354 1 
6456 354 1 
6456 355 1 
6456 355 1 
6456 355 1 
6456 355 1 
6456 355 1 
6457 4 1 
6457 5 1 
6457 7 1 
6457 124 1 
6457 124 1 
6457 124 1 
6457 124 1 
6457 124 1 
6457 124 1 
6457 124 1 
6457 350 1 
6458 299 1 
6459 7 1 
6460 4 1 
6460 5 1 
6460 7 1 
6460 8 1 
6460 54 1 
6460 54 1 
6460 113 1 
6460 113 1 
6460 113 1 
6460 113 1 
6460 113 1 
6460 113 1 
6460 113 1 
6460 124 1 
6460 124 1 
6460 124 1 
6460 124 1 
6460 124 1 
6460 124 1 
6460 124 1 
6460 124 1 
6460 124 1 
6460 128 1 
6460 279 1 
6460 279 1 
6460 282 1 
6460 283 1 
6460 290 1 
6460 291 1 
6460 291 1 
6460 293 1 
6460 298 1 
6460 299 1 
6460 299 1 
6460 299 1 
6460 299 1 
6460 299 1 
6460 299 1 
6460 306 1 
6460 306 1 
6460 306 1 
6460 306 1 
6460 306 1 
6460 306 1 
6460 307 1 
6460 308 1 
6460 331 1 
6460 340 1 
6460 340 1 
6460 350 1 
6460 350 1 
6460 350 1 
6460 350 1 
6460 350 1 
6460 350 1 
6460 350 1 
6460 350 1 
6460 350 1 
6460 350 1 
6460 350 1 
6460 350 1 
6460 350 1 
6460 350 1 
6460 350 1 
6460 350 1 
6460 350 1 
6460 350 1 
6460 350 1 
6460 350 1 
6460 354 1 
6461 350 1 
6462 244 1 
6462 350 1 
6463 113 1 
6463 350 1 
6464 305 1 
6465 124 1 
6466 164 1 
6467 113 1 
6467 124 1 
6467 124 1 
6467 124 1 
6467 292 1 
6467 299 1 
6467 299 1 
6467 299 1 
6467 311 1 
6467 350 1 
6467 350 1 
6467 350 1 
6467 350 1 
6467 350 1 
6467 350 1 
6467 350 1 
6467 350 1 
6467 354 1 
6468 113 1 
6469 113 1 
6470 1 2 
6470 3 1 
6470 3 1 
6470 4 1 
6470 5 1 
6470 7 1 
6470 7 1 
6470 7 1 
6470 7 1 
6470 7 1 
6470 7 1 
6470 7 1 
6470 8 1 
6470 10 2 
6470 12 1 
6470 22 1 
6470 25 1 
6470 48 1 
6470 54 1 
6470 54 1 
6470 54 1 
6470 54 1 
6470 54 1 
6470 54 1 
6470 54 1 
6470 54 1 
6470 54 1 
6470 61 2 
6470 77 1 
6470 83 1 
6470 83 1 
6470 83 1 
6470 85 2 
6470 89 1 
6470 89 1 
6470 90 1 
6470 98 1 
6470 98 1 
6470 99 1 
6470 103 1 
6470 124 1 
6470 124 1 
6470 124 1 
6470 124 3 
6470 141 1 
6470 218 1 
6470 228 1 
6470 229 1 
6470 230 1 
6470 231 1 
6470 234 1 
6470 238 1 
6470 243 1 
6470 244 1 
6470 244 1 
6470 251 1 
6470 253 1 
6470 254 1 
6470 254 1 
6470 254 1 
6470 259 1 
6470 279 1 
6470 280 1 
6470 296 1 
6470 299 1 
6470 299 1 
6470 299 1 
6470 330 1 
6470 331 1 
6470 333 1 
6470 341 1 
6470 343 1 
6470 345 1 
6470 347 1 
6470 350 1 
6470 353 1 
6470 354 1 
6470 355 1 
6470 356 1 
6471 350 1 
6472 113 1 
6472 113 1 
6472 113 1 
6472 289 1 
6473 217 1 
6473 217 1 
6474 3 1 
6474 3 1 
6474 3 1 
6474 3 1 
6474 4 1 
6474 4 1 
6474 4 1 
6474 5 1 
6474 5 1 
6474 7 1 
6474 7 1 
6474 7 1 
6474 7 1 
6474 7 1 
6474 15 1 
6474 54 1 
6474 103 1 
6474 113 1 
6474 113 1 
6474 113 1 
6474 121 1 
6474 121 1 
6474 124 1 
6474 124 1 
6474 124 1 
6474 124 1 
6474 124 1 
6474 124 1 
6474 128 1 
6474 128 1 
6474 128 1 
6474 128 1 
6474 128 2 
6474 128 1 
6474 128 1 
6474 128 1 
6474 128 1 
6474 128 1 
6474 128 1 
6474 228 1 
6474 231 1 
6474 271 1 
6474 282 1 
6474 282 1 
6474 283 1 
6474 283 1 
6474 283 1 
6474 283 1 
6474 283 1 
6474 284 1 
6474 284 1 
6474 285 1 
6474 285 1 
6474 287 1 
6474 287 1 
6474 288 1 
6474 288 1 
6474 288 1 
6474 288 1 
6474 288 1 
6474 289 1 
6474 290 1 
6474 290 1 
6474 290 1 
6474 290 1 
6474 290 1 
6474 290 1 
6474 290 1 
6474 290 1 
6474 290 1 
6474 290 1 
6474 290 1 
6474 290 1 
6474 291 1 
6474 291 1 
6474 291 1 
6474 291 1 
6474 291 1 
6474 291 1 
6474 298 1 
6474 298 1 
6474 298 1 
6474 299 1 
6474 299 1 
6474 299 1 
6474 299 1 
6474 299 1 
6474 305 1 
6474 306 1 
6474 306 1 
6474 306 1 
6474 307 1 
6474 307 1 
6474 307 1 
6474 307 1 
6474 307 1 
6474 307 1 
6474 307 1 
6474 307 1 
6474 307 1 
6474 307 1 
6474 308 1 
6474 308 1 
6474 308 1 
6474 312 1 
6474 312 1 
6474 312 1 
6474 321 1 
6474 322 1 
6474 322 1 
6474 322 1 
6474 331 1 
6474 331 1 
6474 331 1 
6474 331 1 
6474 331 1 
6474 331 1 
6474 331 1 
6474 331 1 
6474 331 1 
6474 334 1 
6474 334 1 
6474 335 1 
6474 335 1 
6474 340 1 
6474 340 1 
6474 340 1 
6474 340 1 
6474 340 1 
6474 340 1 
6474 340 1 
6474 340 1 
6474 340 1 
6474 340 1 
6474 340 1 
6474 340 1 
6474 340 1 
6474 340 1 
6474 342 1 
6474 350 1 
6474 350 1 
6474 350 1 
6474 350 1 
6474 350 1 
6474 350 1 
6474 350 1 
6474 350 1 
6474 350 1 
6474 350 1 
6474 352 1 
6474 352 1 
6474 352 1 
6474 352 1 
6474 354 1 
6475 176 1 
6475 176 1 
6476 299 1 
6477 289 1 
6478 48 1 
6479 113 1 
6480 2 1 
6480 2 1 
6480 66 1 
6480 66 1 
6481 350 1 
6482 1 2 
6482 61 2 
6482 128 1 
6482 137 1 
6482 263 1 
6482 335 1 
6482 354 1 
6482 354 1 
6483 284 1 
6483 284 3 
6483 284 1 
6483 284 1 
6483 284 1 
6484 3 1 
6484 34 1 
6484 54 1 
6484 103 1 
6484 103 1 
6484 113 1 
6484 219 1 
6484 299 1 
6484 299 1 
6484 299 1 
6484 299 1 
6484 299 1 
6484 299 1 
6484 306 1 
6484 306 1 
6484 306 1 
6484 322 1 
6484 329 1 
6484 331 1 
6484 332 1 
6484 336 1 
6484 350 1 
6484 350 1 
6484 350 1 
6484 351 1 
6485 18 1 
6485 44 1 
6485 44 1 
6485 139 1 
6485 152 1 
6485 153 1 
6485 154 1 
6485 155 1 
6485 157 1 
6485 160 1 
6485 161 1 
6485 164 1 
6485 166 1 
6485 169 1 
6485 170 1 
6485 171 1 
6485 172 1 
6485 173 1 
6485 176 1 
6485 178 1 
6485 179 1 
6485 180 1 
6485 181 1 
6485 182 1 
6485 183 1 
6485 184 1 
6485 188 1 
6485 189 1 
6485 190 1 
6485 198 1 
6485 199 1 
6485 200 1 
6485 201 1 
6485 203 1 
6485 204 1 
6485 213 1 
6485 216 1 
6485 217 1 
6485 227 1 
6485 235 1 
6485 236 1 
6485 252 1 
6485 262 1 
6485 267 1 
6485 274 1 
6485 278 1 
6485 286 1 
6485 295 1 
6485 297 1 
6485 300 1 
6485 302 1 
6485 326 1 
6485 346 1 
6485 348 1 
6485 350 1 
6485 350 1 
6486 48 1 
6486 350 1 
6486 350 1 
6486 350 1 
6487 113 1 
6487 350 1 
6488 113 1 
6489 258 1 
6489 264 1 
6489 264 1 
6489 264 1 
6490 8 1 
6490 339 1 
6491 25 1 
6491 113 1 
6491 330 1 
6491 333 1 
6491 341 1 
6491 343 1 
6491 345 1 
6491 353 1 
6491 354 1 
6491 355 1 
6491 356 1 
6492 350 1 
6493 244 1 
6494 8 2 
6494 335 1 
6495 25 1 
6495 330 1 
6495 333 1 
6495 341 1 
6495 343 1 
6495 345 1 
6495 353 1 
6495 354 1 
6495 355 1 
6495 356 1 
6496 48 1 
6496 54 1 
6496 54 1 
6496 111 1 
6496 111 1 
6496 113 1 
6496 113 1 
6496 124 1 
6496 124 1 
6496 124 1 
6496 124 1 
6496 124 1 
6496 124 1 
6496 124 1 
6496 124 1 
6496 139 1 
6496 139 1 
6496 160 1 
6496 160 1 
6496 160 1 
6496 160 2 
6496 166 1 
6496 222 1 
6496 259 1 
6496 271 1 
6496 271 1 
6496 282 1 
6496 282 1 
6496 299 1 
6496 336 1 
6496 336 1 
6496 336 1 
6496 350 1 
6496 350 1 
6497 124 1 
6497 291 1 
6497 292 1 
6497 299 1 
6497 350 1 
6497 350 1 
6497 350 1 
6497 350 1 
6498 7 1 
6498 124 1 
6498 124 1 
6498 124 1 
6498 124 1 
6498 124 1 
6498 243 1 
6498 299 1 
6498 307 1 
6498 331 1 
6498 339 1 
6498 339 1 
6498 350 1 
6499 166 1 
6499 334 1 
6499 337 1 
6500 21 1 
6500 21 1 
6500 21 1 
6500 21 1 
6500 21 1 
6500 95 1 
6500 95 1 
6500 95 1 
6500 95 1 
6500 95 1 
6501 113 1 
6501 291 1 
6502 124 1 
6502 124 1 
6502 164 1 
6503 305 1 
6504 350 1 
6505 124 1 
6505 124 1 
6505 124 1 
6505 124 1 
6505 299 1 
6505 350 1 
6506 91 2 
6507 154 1 
6508 190 1 
6509 335 1 
6509 338 1 
6509 338 1 
6510 133 1 
6510 136 1 
6511 113 1 
6511 336 1 
6512 12 1 
6512 111 1 
6513 7 1 
6513 7 1 
6513 7 1 
6513 25 1 
6513 25 1 
6513 28 1 
6513 28 1 
6513 28 1 
6513 67 3 
6513 113 1 
6513 113 1 
6513 121 1 
6513 131 3 
6513 139 1 
6513 139 1 
6513 166 1 
6513 166 1 
6513 166 1 
6513 173 1 
6513 173 1 
6513 173 1 
6513 173 1 
6513 180 1 
6513 181 1 
6513 188 1 
6513 189 1 
6513 233 2 
6513 233 3 
6513 285 1 
6513 305 1 
6513 305 1 
6513 305 1 
6513 306 1 
6513 306 1 
6513 330 1 
6513 330 1 
6513 333 1 
6513 333 1 
6513 341 1 
6513 341 1 
6513 343 1 
6513 343 1 
6513 345 1 
6513 345 1 
6513 350 1 
6513 350 1 
6513 353 1 
6513 353 1 
6513 354 1 
6513 354 1 
6513 354 1 
6513 354 1 
6513 354 1 
6513 355 1 
6513 355 1 
6513 355 1 
6513 355 1 
6513 355 1 
6513 355 1 
6513 355 1 
6513 355 1 
6513 355 1 
6513 356 1 
6513 356 1 
6514 7 1 
6515 299 1 
6516 124 1 
6516 124 1 
6517 279 1 
6517 283 1 
6517 308 1 
6517 308 1 
6517 334 1 
6517 338 1 
6517 338 1 
6517 338 1 
6517 338 1 
6517 354 1 
6518 350 1 
6518 354 1 
6519 34 1 
6520 199 1 
6521 38 1 
6521 38 1 
6522 44 1 
6522 44 3 
6522 105 1 
6523 44 1 
6524 299 1 
6524 310 1 
6524 350 1 
6525 289 1 
6526 14 1 
6526 192 1 
6527 44 1 
6527 160 1 
6527 255 1 
6527 255 1 
6527 331 1 
6527 331 1 
6528 28 1 
6529 124 1 
6529 260 1 
6529 269 1 
6530 54 1 
6531 336 1 
6532 176 1 
6533 103 1 
6533 299 1 
6534 48 1 
6535 3 1 
6535 24 1 
6535 28 1 
6535 256 1 
6535 334 1 
6535 335 1 
6535 337 1 
6535 338 1 
6535 338 1 
6535 340 1 
6535 355 1 
6536 28 1 
6536 28 1 
6536 93 2 
6536 231 1 
6536 231 1 
6536 243 1 
6536 248 2 
6536 248 3 
6536 279 1 
6536 279 1 
6536 279 3 
6536 287 1 
6536 336 1 
6536 336 1 
6536 336 1 
6536 336 1 
6537 185 1 
6537 185 1 
6537 185 1 
6538 1 2 
6538 2 1 
6538 2 1 
6538 4 1 
6538 5 1 
6538 7 1 
6538 9 2 
6538 10 2 
6538 10 2 
6538 11 1 
6538 11 1 
6538 12 1 
6538 14 1 
6538 14 1 
6538 16 1 
6538 16 1 
6538 17 1 
6538 17 1 
6538 19 1 
6538 19 1 
6538 38 1 
6538 44 1 
6538 44 1 
6538 61 2 
6538 80 2 
6538 85 2 
6538 85 2 
6538 86 2 
6538 86 2 
6538 92 1 
6538 94 2 
6538 94 1 
6538 98 3 
6538 98 1 
6538 98 2 
6538 98 3 
6538 98 1 
6538 103 2 
6538 103 1 
6538 103 1 
6538 110 2 
6538 110 1 
6538 110 2 
6538 110 1 
6538 110 2 
6538 113 1 
6538 113 1 
6538 113 1 
6538 113 1 
6538 113 1 
6538 124 1 
6538 124 1 
6538 124 1 
6538 124 1 
6538 124 1 
6538 124 1 
6538 124 1 
6538 124 1 
6538 124 1 
6538 124 1 
6538 124 1 
6538 124 1 
6538 124 1 
6538 124 1 
6538 124 1 
6538 124 1 
6538 124 1 
6538 124 1 
6538 124 1 
6538 124 1 
6538 124 1 
6538 124 1 
6538 124 1 
6538 124 1 
6538 124 1 
6538 124 1 
6538 137 1 
6538 166 1 
6538 173 1 
6538 181 1 
6538 192 1 
6538 192 1 
6538 196 1 
6538 207 1 
6538 207 1 
6538 209 1 
6538 210 2 
6538 218 1 
6538 219 1 
6538 221 1 
6538 244 1 
6538 251 1 
6538 254 1 
6538 254 1 
6538 254 1 
6538 254 1 
6538 254 1 
6538 255 1 
6538 257 1 
6538 259 1 
6538 261 1 
6538 265 1 
6538 270 1 
6538 271 1 
6538 280 1 
6538 281 1 
6538 281 1 
6538 281 1 
6538 287 1 
6538 290 1 
6538 299 1 
6538 299 1 
6538 299 1 
6538 299 1 
6538 299 1 
6538 299 1 
6538 299 1 
6538 299 1 
6538 299 1 
6538 299 1 
6538 299 1 
6538 306 1 
6538 306 1 
6538 306 1 
6538 321 1 
6538 322 1 
6538 328 1 
6538 331 1 
6538 331 1 
6538 332 1 
6538 332 1 
6538 350 1 
6538 350 1 
6538 351 1 
6538 351 1 
6538 351 1 
6538 351 1 
6539 103 1 
6539 113 1 
6539 124 1 
6539 124 1 
6539 124 1 
6539 124 1 
6539 128 1 
6539 128 2 
6539 128 1 
6539 128 1 
6539 128 1 
6539 218 1 
6539 254 1 
6539 254 1 
6539 265 1 
6539 299 1 
6539 335 1 
6539 335 1 
6539 335 1 
6539 350 1 
6539 350 1 
6540 336 1 
6540 336 1 
6541 354 1 
6542 289 1 
6543 8 1 
6543 8 1 
6543 8 1 
6543 111 1 
6544 3 1 
6544 4 1 
6544 18 1 
6544 28 1 
6544 103 1 
6544 139 1 
6544 152 1 
6544 153 1 
6544 154 1 
6544 155 1 
6544 157 1 
6544 160 1 
6544 161 1 
6544 164 1 
6544 166 1 
6544 169 1 
6544 170 1 
6544 171 1 
6544 172 1 
6544 173 1 
6544 176 1 
6544 178 1 
6544 179 1 
6544 180 1 
6544 181 1 
6544 182 1 
6544 183 1 
6544 184 1 
6544 188 1 
6544 189 1 
6544 190 1 
6544 198 1 
6544 199 1 
6544 200 1 
6544 201 1 
6544 203 1 
6544 204 1 
6544 213 1 
6544 216 1 
6544 217 1 
6544 227 1 
6544 235 1 
6544 236 1 
6544 252 1 
6544 262 1 
6544 267 1 
6544 274 1 
6544 278 1 
6544 286 1 
6544 295 1 
6544 297 1 
6544 300 1 
6544 302 1 
6544 306 1 
6544 326 1 
6544 346 1 
6544 348 1 
6545 24 1 
6545 34 1 
6545 34 1 
6545 34 1 
6545 44 1 
6545 44 3 
6545 256 1 
6545 258 1 
6545 264 1 
6545 272 1 
6545 273 1 
6545 275 1 
6545 279 1 
6545 282 1 
6545 283 1 
6545 285 1 
6545 289 1 
6545 291 1 
6545 293 1 
6545 299 1 
6545 304 1 
6545 305 1 
6545 306 1 
6545 307 1 
6545 308 1 
6545 309 1 
6545 310 1 
6545 311 1 
6545 312 1 
6545 313 1 
6545 314 1 
6545 315 1 
6545 316 1 
6545 317 1 
6545 318 1 
6545 319 1 
6545 320 1 
6545 321 1 
6545 322 1 
6545 323 1 
6545 324 1 
6545 325 1 
6545 327 1 
6545 328 1 
6545 331 1 
6545 332 1 
6545 334 1 
6545 335 1 
6545 336 1 
6545 337 1 
6545 338 1 
6545 339 1 
6545 340 1 
6545 342 1 
6545 350 1 
6545 351 1 
6545 352 1 
6546 328 1 
6547 10 1 
6547 25 1 
6547 85 1 
6547 86 1 
6547 209 1 
6547 330 1 
6547 333 1 
6547 341 1 
6547 343 1 
6547 345 1 
6547 353 1 
6547 354 1 
6547 355 1 
6547 356 1 
6548 210 1 
6548 212 1 
6548 336 1 
6548 336 1 
6548 336 1 
6549 54 1 
6549 128 1 
6550 128 1 
6550 128 1 
6551 110 1 
6551 110 1 
6551 110 1 
6551 110 1 
6551 110 1 
6551 110 1 
6551 110 1 
6551 110 1 
6551 110 1 
6551 110 1 
6551 110 1 
6551 110 1 
6551 110 1 
6551 217 1 
6551 271 1 
6551 299 1 
6552 192 1 
6553 106 1 
6553 108 1 
6553 111 1 
6553 111 2 
6553 111 2 
6553 128 1 
6554 170 1 
6555 176 1 
6555 176 1 
6555 176 1 
6555 176 1 
6556 54 1 
6556 54 1 
6556 54 1 
6556 54 1 
6556 54 1 
6557 354 1 
6558 28 1 
6559 1 2 
6559 4 1 
6559 9 2 
6559 10 2 
6559 10 2 
6559 61 2 
6559 80 2 
6559 85 2 
6559 85 2 
6559 86 2 
6559 86 2 
6559 86 2 
6559 91 2 
6559 91 2 
6559 170 1 
6559 176 1 
6559 176 1 
6559 176 1 
6559 176 1 
6559 176 1 
6559 210 1 
6559 336 1 
6559 336 1 
6560 70 1 
6560 103 1 
6560 124 1 
6560 124 1 
6560 189 1 
6560 339 1 
6560 350 1 
6561 8 1 
6562 113 1 
6562 113 1 
6563 299 1 
6564 336 1 
6565 299 1 
6566 185 1 
6567 7 1 
6567 282 1 
6567 282 1 
6567 299 1 
6567 299 1 
6567 299 1 
6567 310 1 
6568 354 1 
6569 4 1 
6570 25 1 
6570 113 1 
6570 139 1 
6570 139 1 
6570 155 2 
6570 330 1 
6570 333 1 
6570 341 1 
6570 343 1 
6570 345 1 
6570 353 1 
6570 354 1 
6570 355 1 
6570 356 1 
6571 107 1 
6571 108 1 
6571 176 1 
6571 176 1 
6571 212 1 
6571 212 1 
6571 212 1 
6571 212 1 
6571 212 1 
6571 336 1 
6572 299 1 
6573 199 1 
6574 113 1 
6574 113 1 
6574 113 1 
6575 113 1 
6575 306 1 
6576 34 1 
6577 7 1 
6577 83 1 
6578 113 1 
6578 170 1 
6579 1 2 
6579 7 1 
6579 7 1 
6579 17 1 
6579 28 1 
6579 28 1 
6579 28 1 
6579 61 2 
6579 83 1 
6579 83 1 
6579 109 1 
6579 109 1 
6579 109 1 
6579 112 1 
6579 112 1 
6579 139 1 
6579 139 1 
6579 166 1 
6579 166 1 
6579 173 1 
6579 189 1 
6579 229 1 
6579 230 1 
6579 243 1 
6579 243 1 
6579 354 1 
6579 355 1 
6579 355 1 
6580 260 1 
6580 269 1 
6580 299 1 
6581 1 2 
6581 9 2 
6581 10 2 
6581 10 2 
6581 61 2 
6581 80 2 
6581 85 2 
6581 85 2 
6581 86 2 
6581 86 2 
6581 86 2 
6581 91 2 
6581 91 2 
6582 25 1 
6582 330 1 
6582 333 1 
6582 341 1 
6582 343 1 
6582 345 1 
6582 353 1 
6582 354 1 
6582 355 1 
6582 356 1 
6583 111 2 
6583 128 1 
6583 176 1 
6584 48 1 
6585 38 1 
6585 38 1 
6585 38 1 
6585 38 1 
6586 38 1 
6586 38 1 
6586 38 1 
6586 38 1 
6587 128 1 
6588 299 1 
6589 1 1 
6589 5 1 
6589 61 1 
6589 103 1 
6589 108 1 
6589 113 1 
6589 113 1 
6589 113 1 
6589 113 1 
6589 113 1 
6589 113 1 
6589 113 1 
6589 113 1 
6589 113 1 
6589 113 1 
6589 113 1 
6589 113 1 
6589 113 1 
6589 113 1 
6589 113 1 
6589 113 1 
6589 113 1 
6589 113 1 
6589 113 1 
6589 113 1 
6589 113 1 
6589 113 1 
6589 113 1 
6589 113 1 
6589 113 1 
6589 113 1 
6589 113 1 
6589 113 1 
6589 113 1 
6589 113 1 
6589 121 1 
6589 124 1 
6589 124 1 
6589 124 1 
6589 124 1 
6589 124 1 
6589 124 1 
6589 124 1 
6589 128 1 
6589 128 1 
6589 128 1 
6589 139 1 
6589 160 1 
6589 254 1 
6589 291 1 
6589 291 1 
6589 298 1 
6589 299 1 
6589 299 1 
6589 299 1 
6589 299 1 
6589 299 1 
6589 299 1 
6589 305 1 
6589 305 1 
6589 306 1 
6589 338 1 
6589 340 1 
6589 340 1 
6589 340 1 
6589 350 1 
6589 350 1 
6589 350 1 
6589 350 1 
6589 350 1 
6589 350 1 
6589 350 1 
6589 350 1 
6589 350 1 
6589 350 1 
6589 354 1 
6589 354 1 
6590 25 1 
6590 25 1 
6590 139 1 
6590 173 1 
6590 254 1 
6590 254 1 
6590 330 1 
6590 330 1 
6590 333 1 
6590 333 1 
6590 341 1 
6590 341 1 
6590 343 1 
6590 343 1 
6590 345 1 
6590 345 1 
6590 353 1 
6590 353 1 
6590 354 1 
6590 354 1 
6590 355 1 
6590 355 1 
6590 356 1 
6590 356 1 
6591 17 1 
6591 54 1 
6591 83 1 
6591 83 1 
6591 83 3 
6591 124 1 
6591 124 1 
6591 128 1 
6591 283 1 
6591 289 1 
6591 289 1 
6591 289 1 
6591 289 1 
6591 289 1 
6591 291 1 
6591 291 3 
6591 291 1 
6591 291 1 
6591 291 1 
6591 291 1 
6591 291 1 
6591 291 1 
6591 307 1 
6591 307 1 
6591 307 1 
6591 307 3 
6591 307 1 
6591 307 1 
6591 307 1 
6591 307 1 
6591 307 1 
6591 307 1 
6591 307 1 
6591 307 3 
6591 307 1 
6591 307 1 
6591 307 1 
6591 307 1 
6591 307 1 
6591 307 1 
6591 350 1 
6591 350 1 
6592 8 1 
6592 8 1 
6592 14 1 
6592 17 1 
6592 113 1 
6592 113 1 
6592 113 1 
6592 113 1 
6592 228 1 
6592 299 1 
6593 17 1 
6593 113 1 
6593 113 1 
6593 113 1 
6593 113 1 
6593 113 1 
6593 113 1 
6593 113 1 
6594 299 1 
6595 18 1 
6595 139 1 
6595 152 1 
6595 153 1 
6595 154 1 
6595 155 1 
6595 157 1 
6595 160 1 
6595 161 1 
6595 164 1 
6595 166 1 
6595 169 1 
6595 170 1 
6595 171 1 
6595 172 1 
6595 173 1 
6595 176 1 
6595 178 1 
6595 179 1 
6595 180 1 
6595 181 1 
6595 182 1 
6595 183 1 
6595 184 1 
6595 188 1 
6595 189 1 
6595 190 1 
6595 198 1 
6595 199 1 
6595 200 1 
6595 201 1 
6595 203 1 
6595 204 1 
6595 213 1 
6595 216 1 
6595 217 1 
6595 227 1 
6595 235 1 
6595 236 1 
6595 252 1 
6595 262 1 
6595 267 1 
6595 274 1 
6595 278 1 
6595 286 1 
6595 295 1 
6595 297 1 
6595 300 1 
6595 302 1 
6595 326 1 
6595 346 1 
6595 348 1 
6596 350 1 
6597 350 1 
6598 30 1 
6598 30 1 
6598 35 1 
6598 106 1 
6598 128 2 
6598 128 2 
6599 8 1 
6599 107 1 
6599 111 1 
6599 128 1 
6599 328 3 
6599 328 1 
6599 328 1 
6599 328 1 
6600 24 1 
6600 256 1 
6600 258 3 
6600 258 1 
6601 17 1 
6601 183 1 
6601 190 1 
6601 199 1 
6601 210 2 
6601 217 1 
6601 260 1 
6601 269 1 
6601 331 1 
6601 352 1 
6602 128 1 
6602 128 1 
6602 219 1 
6602 219 1 
6603 113 1 
6604 285 1 
6605 3 1 
6605 4 1 
6605 18 1 
6605 28 1 
6605 91 2 
6605 113 1 
6605 113 1 
6605 139 1 
6605 152 1 
6605 153 1 
6605 154 1 
6605 155 1 
6605 157 1 
6605 160 1 
6605 161 1 
6605 164 1 
6605 166 1 
6605 169 1 
6605 170 1 
6605 171 1 
6605 172 1 
6605 173 1 
6605 176 1 
6605 178 1 
6605 179 1 
6605 180 1 
6605 181 1 
6605 182 1 
6605 183 1 
6605 184 1 
6605 188 1 
6605 189 1 
6605 190 1 
6605 198 1 
6605 199 1 
6605 200 1 
6605 201 1 
6605 203 1 
6605 204 1 
6605 213 1 
6605 216 1 
6605 217 1 
6605 227 1 
6605 235 1 
6605 236 1 
6605 252 1 
6605 262 1 
6605 267 1 
6605 274 1 
6605 278 1 
6605 286 1 
6605 295 1 
6605 297 1 
6605 300 1 
6605 302 1 
6605 306 1 
6605 311 1 
6605 326 1 
6605 346 1 
6605 348 1 
6606 108 1 
6606 128 1 
6607 1 1 
6607 1 1 
6607 1 1 
6607 4 1 
6607 4 1 
6607 4 1 
6607 4 1 
6607 4 1 
6607 4 1 
6607 4 1 
6607 4 1 
6607 4 1 
6607 4 1 
6607 4 1 
6607 4 1 
6607 4 1 
6607 4 1 
6607 4 1 
6607 5 1 
6607 5 1 
6607 5 1 
6607 5 1 
6607 5 1 
6607 8 1 
6607 9 1 
6607 9 1 
6607 10 1 
6607 10 1 
6607 14 1 
6607 22 1 
6607 28 1 
6607 28 1 
6607 28 1 
6607 28 1 
6607 28 1 
6607 30 1 
6607 30 1 
6607 30 1 
6607 54 1 
6607 54 1 
6607 54 1 
6607 54 1 
6607 54 1 
6607 61 1 
6607 61 1 
6607 61 1 
6607 70 1 
6607 70 1 
6607 75 1 
6607 75 1 
6607 75 1 
6607 75 1 
6607 80 1 
6607 80 1 
6607 83 1 
6607 83 1 
6607 85 1 
6607 85 1 
6607 86 1 
6607 86 1 
6607 86 1 
6607 86 1 
6607 86 1 
6607 86 1 
6607 91 1 
6607 91 1 
6607 91 1 
6607 91 2 
6607 91 1 
6607 91 1 
6607 91 1 
6607 91 1 
6607 91 1 
6607 103 1 
6607 103 1 
6607 103 1 
6607 106 1 
6607 111 1 
6607 111 1 
6607 111 1 
6607 111 1 
6607 111 1 
6607 111 1 
6607 113 1 
6607 113 1 
6607 121 1 
6607 121 1 
6607 121 1 
6607 121 1 
6607 124 1 
6607 124 1 
6607 124 1 
6607 124 1 
6607 124 1 
6607 124 1 
6607 124 1 
6607 124 1 
6607 124 1 
6607 124 1 
6607 124 1 
6607 124 1 
6607 124 1 
6607 124 1 
6607 124 1 
6607 124 1 
6607 124 1 
6607 124 1 
6607 124 1 
6607 124 1 
6607 124 1 
6607 124 1 
6607 124 1 
6607 124 1 
6607 124 1 
6607 124 1 
6607 124 1 
6607 124 1 
6607 124 1 
6607 124 1 
6607 124 1 
6607 134 3 
6607 137 1 
6607 139 1 
6607 139 1 
6607 150 3 
6607 164 1 
6607 166 1 
6607 166 1 
6607 166 1 
6607 172 1 
6607 173 1 
6607 173 1 
6607 173 1 
6607 200 1 
6607 203 1 
6607 216 1 
6607 217 1 
6607 217 1 
6607 217 1 
6607 217 1 
6607 217 1 
6607 217 1 
6607 217 1 
6607 217 1 
6607 217 1 
6607 217 1 
6607 217 1 
6607 217 1 
6607 217 1 
6607 217 1 
6607 217 1 
6607 217 1 
6607 217 1 
6607 217 3 
6607 227 1 
6607 231 1 
6607 251 1 
6607 254 1 
6607 254 1 
6607 255 1 
6607 255 1 
6607 255 1 
6607 255 1 
6607 255 1 
6607 255 1 
6607 255 1 
6607 255 1 
6607 255 1 
6607 255 1 
6607 255 3 
6607 259 1 
6607 271 1 
6607 274 1 
6607 279 1 
6607 280 1 
6607 280 1 
6607 282 1 
6607 282 1 
6607 282 1 
6607 282 1 
6607 282 1 
6607 282 1 
6607 282 1 
6607 282 1 
6607 282 1 
6607 286 1 
6607 288 1 
6607 293 1 
6607 293 1 
6607 293 3 
6607 293 1 
6607 297 1 
6607 299 1 
6607 299 1 
6607 299 1 
6607 299 1 
6607 299 1 
6607 299 1 
6607 299 1 
6607 299 1 
6607 299 1 
6607 299 1 
6607 299 1 
6607 299 1 
6607 299 1 
6607 299 1 
6607 299 1 
6607 302 1 
6607 306 1 
6607 307 1 
6607 307 1 
6607 307 1 
6607 307 1 
6607 307 1 
6607 307 1 
6607 307 1 
6607 307 1 
6607 307 1 
6607 307 1 
6607 307 1 
6607 309 1 
6607 309 1 
6607 311 1 
6607 326 1 
6607 331 1 
6607 336 1 
6607 336 1 
6607 336 1 
6607 336 1 
6607 336 1 
6607 336 1 
6607 336 1 
6607 336 1 
6607 342 1 
6607 342 1 
6607 342 1 
6607 342 1 
6607 350 1 
6607 350 1 
6607 350 1 
6607 350 1 
6607 350 1 
6607 350 1 
6607 350 1 
6607 350 1 
6607 350 1 
6607 350 1 
6607 350 1 
6607 350 1 
6607 350 1 
6607 350 1 
6607 350 1 
6607 350 1 
6607 350 1 
6607 350 1 
6607 350 1 
6607 350 1 
6607 350 1 
6607 350 1 
6607 350 1 
6607 350 1 
6607 352 1 
6607 352 1 
6607 355 1 
6608 336 1 
6608 336 1 
6609 7 1 
6609 83 1 
6610 354 1 
6611 299 1 
6612 4 1 
6612 7 1 
6612 8 1 
6612 86 2 
6612 91 2 
6612 91 2 
6612 113 1 
6612 113 1 
6612 113 1 
6612 113 1 
6612 113 1 
6612 113 1 
6612 113 1 
6612 124 1 
6612 124 1 
6612 124 1 
6612 124 1 
6612 124 1 
6612 124 1 
6612 124 1 
6612 124 1 
6612 124 1 
6612 124 1 
6612 124 1 
6612 124 1 
6612 124 1 
6612 124 1 
6612 124 1 
6612 128 1 
6612 128 1 
6612 128 1 
6612 128 1 
6612 128 1 
6612 128 1 
6612 173 1 
6612 217 1 
6612 218 1 
6612 218 1 
6612 219 1 
6612 265 1 
6612 281 1 
6612 289 1 
6612 289 1 
6612 289 1 
6612 291 1 
6612 293 1 
6612 299 1 
6612 299 1 
6612 299 1 
6612 299 1 
6612 305 1 
6612 306 1 
6612 331 1 
6612 350 1 
6612 350 1 
6612 350 1 
6612 350 1 
6612 350 1 
6612 350 1 
6612 350 1 
6612 350 1 
6612 350 1 
6612 354 1 
6613 3 1 
6613 210 1 
6613 212 1 
6613 212 1 
6613 336 1 
6613 336 1 
6613 350 1 
6614 44 1 
6615 7 1 
6615 7 1 
6615 7 1 
6615 124 1 
6615 124 1 
6615 321 1 
6616 44 3 
6616 44 1 
6617 113 1 
6617 113 1 
6617 284 1 
6617 308 1 
6618 113 1 
6618 350 1 
6618 355 1 
6619 164 1 
6619 164 1 
6620 14 1 
6621 336 1 
6622 44 1 
6622 306 1 
6623 8 1 
6624 113 1 
6625 17 1 
6625 249 2 
6625 249 3 
6625 290 1 
6626 336 1 
6627 1 2 
6627 61 2 
6627 153 1 
6628 1 2 
6628 8 1 
6628 8 1 
6628 8 1 
6628 9 2 
6628 10 2 
6628 10 2 
6628 13 1 
6628 14 1 
6628 48 1 
6628 61 2 
6628 80 2 
6628 83 1 
6628 85 2 
6628 85 2 
6628 86 2 
6628 86 2 
6628 98 1 
6628 103 1 
6628 113 1 
6628 113 1 
6628 113 1 
6628 113 1 
6628 124 1 
6628 128 1 
6628 183 1 
6628 189 1 
6628 204 1 
6628 204 1 
6628 209 1 
6628 219 1 
6628 243 1 
6628 251 1 
6628 253 1 
6628 253 1 
6628 253 1 
6628 271 1 
6628 271 1 
6628 294 1 
6628 299 1 
6628 299 1 
6628 299 1 
6628 299 1 
6628 299 1 
6628 305 1 
6628 305 1 
6628 306 1 
6628 306 1 
6628 321 1 
6628 321 1 
6628 321 1 
6628 321 1 
6628 321 1 
6628 321 1 
6628 321 1 
6628 321 1 
6628 321 1 
6628 321 1 
6628 322 1 
6628 331 1 
6628 332 1 
6628 332 1 
6628 332 1 
6628 336 1 
6628 340 1 
6628 351 1 
6628 351 1 
6628 354 1 
6629 3 1 
6629 7 1 
6629 7 1 
6629 8 1 
6629 8 1 
6629 28 1 
6629 54 1 
6629 109 1 
6629 113 1 
6629 113 1 
6629 113 1 
6629 113 1 
6629 113 1 
6629 124 1 
6629 128 1 
6629 128 1 
6629 173 1 
6629 176 1 
6629 176 1 
6629 176 1 
6629 176 1 
6629 176 1 
6629 176 1 
6629 221 1 
6629 222 1 
6629 231 1 
6629 234 1 
6629 238 1 
6629 243 1 
6629 243 1 
6629 282 1 
6629 287 1 
6629 299 1 
6629 299 1 
6629 312 1 
6629 312 1 
6629 334 1 
6629 335 1 
6629 337 1 
6629 338 1 
6629 338 1 
6629 350 1 
6630 113 1 
6630 210 1 
6630 336 1 
6630 336 1 
6631 291 1 
6631 339 1 
6632 166 1 
6633 75 1 
6633 207 1 
6633 221 1 
6633 255 1 
6633 257 1 
6633 271 1 
6633 279 1 
6633 332 1 
6634 105 1 
6635 188 1 
6636 113 1 
6637 1 1 
6637 61 1 
6637 285 1 
6637 311 1 
6637 332 1 
6637 332 1 
6637 332 1 
6637 332 1 
6637 332 1 
6637 332 1 
6637 332 1 
6637 332 1 
6637 332 1 
6637 332 3 
6637 332 1 
6637 352 1 
6637 354 1 
6638 350 1 
6639 331 1 
6640 103 1 
6641 331 1 
6642 156 1 
6643 28 1 
6643 234 1 
6643 238 1 
6643 266 3 
6644 299 1 
6645 8 1 
6645 8 1 
6645 124 1 
6645 128 1 
6645 128 2 
6645 128 1 
6645 128 1 
6645 128 1 
6645 128 1 
6645 128 1 
6645 128 1 
6645 128 1 
6645 128 1 
6645 218 1 
6645 251 1 
6645 288 1 
6645 290 1 
6645 290 1 
6645 312 1 
6645 322 1 
6645 332 1 
6645 338 1 
6645 339 1 
6645 340 1 
6645 340 1 
6645 352 1 
6646 185 1 
6647 228 1 
6648 163 1 
6648 163 1 
6649 98 1 
6649 163 1 
6649 163 1 
6649 163 1 
6650 113 1 
6651 103 1 
6652 313 1 
6653 12 1 
6653 21 1 
6653 95 1 
6653 96 1 
6653 98 1 
6653 100 1 
6653 102 1 
6653 115 1 
6653 117 1 
6653 118 1 
6653 163 1 
6653 191 1 
6653 194 1 
6653 197 1 
6653 202 1 
6653 205 1 
6653 206 1 
6653 209 1 
6653 210 1 
6653 218 1 
6653 219 1 
6653 220 1 
6653 221 1 
6653 222 1 
6653 223 1 
6653 224 1 
6653 225 1 
6653 226 1 
6653 232 1 
6653 233 1 
6653 245 1 
6653 246 1 
6653 247 1 
6653 248 1 
6653 249 1 
6653 250 1 
6653 294 1 
6654 350 1 
6655 7 1 
6655 28 1 
6655 83 1 
6655 212 1 
6655 219 1 
6655 219 1 
6655 350 1 
6656 283 1 
6656 283 1 
6657 139 1 
6657 139 1 
6657 139 1 
6657 139 1 
6657 139 1 
6657 155 2 
6657 160 1 
6657 160 1 
6657 160 1 
6657 160 1 
6657 160 1 
6657 160 1 
6657 164 1 
6657 164 1 
6657 164 1 
6657 170 1 
6657 176 1 
6657 176 1 
6657 176 1 
6657 180 1 
6657 180 3 
6657 180 1 
6657 180 1 
6657 180 1 
6657 199 1 
6657 199 1 
6657 199 1 
6657 199 3 
6657 302 1 
6657 302 1 
6657 302 1 
6657 302 1 
6657 302 1 
6657 302 1 
6657 302 1 
6658 113 1 
6658 128 1 
6658 173 1 
6658 173 1 
6658 311 1 
6658 313 1 
6658 332 1 
6658 335 1 
6658 336 1 
6658 337 1 
6658 338 1 
6658 338 1 
6659 124 1 
6659 124 1 
6659 124 1 
6659 124 1 
6659 128 1 
6659 350 1 
6659 350 1 
6660 113 1 
6661 3 1 
6661 3 1 
6661 7 1 
6661 7 1 
6661 299 1 
6662 336 1 
6663 271 1 
6664 155 2 
6665 163 1 
6665 163 1 
6665 209 1 
6666 54 1 
6667 13 1 
6667 354 1 
6668 48 1 
6668 109 1 
6668 217 1 
6668 223 2 
6668 223 3 
6668 223 3 
6668 311 1 
6669 299 1 
6670 25 1 
6670 25 1 
6670 341 1 
6670 341 1 
6670 354 1 
6670 355 1 
6671 70 1 
6672 338 1 
6672 338 1 
6672 338 1 
6673 128 1 
6673 166 1 
6673 283 1 
6673 299 1 
6673 350 1 
6673 350 1 
6674 70 1 
6675 70 1 
6676 48 1 
6676 124 1 
6676 133 1 
6676 136 1 
6676 160 1 
6676 329 1 
