6677 228 1 
6677 289 1 
6677 298 1 
6678 331 1 
6679 207 1 
6680 284 1 
6680 284 1 
6680 284 1 
6680 284 1 
6681 70 1 
6682 217 1 
6682 259 1 
6682 259 1 
6683 109 1 
6683 113 1 
6683 113 1 
6683 113 1 
6683 113 1 
6683 113 1 
6684 14 1 
6685 25 1 
6685 113 1 
6685 330 1 
6685 333 1 
6685 341 1 
6685 343 1 
6685 345 1 
6685 353 1 
6685 354 1 
6685 355 1 
6685 356 1 
6686 5 1 
6686 8 2 
6686 124 1 
6686 331 1 
6686 340 1 
6686 340 1 
6686 340 1 
6687 113 1 
6688 54 1 
6688 54 1 
6689 111 2 
6690 113 1 
6691 124 1 
6692 1 1 
6692 1 1 
6692 1 1 
6692 1 1 
6692 10 1 
6692 10 1 
6692 10 1 
6692 18 3 
6692 18 1 
6692 18 1 
6692 20 1 
6692 20 1 
6692 28 1 
6692 28 1 
6692 28 1 
6692 28 1 
6692 61 1 
6692 61 1 
6692 61 1 
6692 61 1 
6692 83 1 
6692 85 1 
6692 85 1 
6692 85 1 
6692 139 1 
6692 139 1 
6692 139 1 
6692 139 1 
6692 139 1 
6692 139 1 
6692 139 1 
6692 139 1 
6692 139 1 
6692 139 1 
6692 139 1 
6692 155 2 
6692 160 1 
6692 160 1 
6692 160 1 
6692 164 1 
6692 164 1 
6692 164 1 
6692 166 1 
6692 166 1 
6692 166 1 
6692 166 1 
6692 166 1 
6692 166 1 
6692 166 1 
6692 166 1 
6692 166 1 
6692 166 1 
6692 166 1 
6692 176 1 
6692 176 1 
6692 176 1 
6692 176 1 
6692 176 1 
6692 176 1 
6692 176 1 
6692 176 1 
6692 176 1 
6692 176 1 
6692 176 1 
6692 189 1 
6692 189 1 
6692 189 1 
6692 189 3 
6692 204 3 
6692 204 1 
6692 204 1 
6692 208 1 
6692 208 1 
6692 241 3 
6692 241 1 
6692 241 3 
6692 302 1 
6692 302 1 
6692 302 1 
6692 336 1 
6692 336 1 
6692 336 1 
6692 336 1 
6692 336 1 
6693 185 1 
6694 5 1 
6694 13 1 
6695 22 1 
6695 124 1 
6696 354 1 
6697 291 1 
6697 350 1 
6698 14 1 
6699 350 1 
6700 8 1 
6700 77 1 
6700 111 1 
6700 141 1 
6700 141 3 
6701 16 1 
6702 7 1 
6702 113 1 
6702 113 1 
6702 113 1 
6702 128 1 
6703 1 1 
6703 1 2 
6703 1 2 
6703 3 1 
6703 3 1 
6703 3 1 
6703 13 1 
6703 34 1 
6703 61 1 
6703 61 2 
6703 61 2 
6703 103 1 
6703 103 1 
6703 103 1 
6703 103 1 
6703 106 1 
6703 113 1 
6703 124 1 
6703 124 1 
6703 128 1 
6703 128 1 
6703 128 1 
6703 128 1 
6703 128 1 
6703 143 1 
6703 143 3 
6703 217 1 
6703 217 1 
6703 217 1 
6703 227 1 
6703 261 1 
6703 279 1 
6703 279 1 
6703 279 1 
6703 279 3 
6703 279 1 
6703 279 3 
6703 321 1 
6703 340 1 
6703 350 1 
6703 350 1 
6703 350 1 
6703 354 1 
6704 113 1 
6705 340 1 
6705 340 1 
6706 244 1 
6707 7 1 
6707 7 1 
6707 8 1 
6707 8 2 
6707 8 1 
6707 8 1 
6707 14 1 
6707 103 1 
6707 109 1 
6707 109 1 
6707 124 1 
6707 124 1 
6707 124 1 
6707 124 1 
6707 128 1 
6707 128 1 
6707 128 1 
6707 128 1 
6707 128 1 
6707 128 1 
6707 128 1 
6707 128 1 
6707 128 1 
6707 128 1 
6707 128 1 
6707 128 1 
6707 128 1 
6707 128 1 
6707 128 1 
6707 128 1 
6707 128 1 
6707 128 1 
6707 128 1 
6707 128 1 
6707 128 1 
6707 128 1 
6707 221 1 
6707 222 1 
6707 251 1 
6707 251 1 
6707 253 1 
6707 271 1 
6707 271 1 
6707 281 1 
6707 282 1 
6707 287 1 
6707 290 1 
6707 292 1 
6707 307 1 
6707 309 1 
6707 313 1 
6707 321 1 
6707 322 1 
6707 322 1 
6707 329 1 
6707 331 1 
6707 331 1 
6707 332 1 
6707 332 1 
6707 334 1 
6707 334 1 
6707 335 1 
6707 335 1 
6707 335 1 
6707 337 1 
6707 338 1 
6707 342 1 
6707 350 1 
6707 350 1 
6707 350 1 
6707 350 1 
6707 351 1 
6707 352 1 
6707 352 1 
6708 28 1 
6708 139 1 
6708 166 1 
6708 166 1 
6708 299 1 
6709 350 1 
6710 113 1 
6710 299 1 
6710 299 1 
6711 8 1 
6711 8 1 
6711 28 1 
6711 28 1 
6711 28 1 
6711 28 1 
6711 113 1 
6711 113 2 
6711 128 1 
6711 128 1 
6711 128 1 
6711 173 1 
6711 217 1 
6711 332 1 
6711 340 1 
6711 340 1 
6711 354 1 
6711 355 1 
6712 3 1 
6712 17 1 
6712 173 1 
6712 173 1 
6712 173 1 
6712 180 1 
6712 340 1 
6712 340 1 
6712 340 1 
6712 350 1 
6713 199 1 
6714 12 1 
6714 24 1 
6714 222 1 
6714 222 1 
6714 255 1 
6714 256 1 
6714 307 1 
6714 307 1 
6714 307 1 
6714 307 1 
6714 307 1 
6714 307 1 
6714 307 1 
6714 307 1 
6714 307 1 
6714 310 1 
6714 310 1 
6714 310 1 
6714 312 1 
6714 313 1 
6714 313 1 
6714 313 1 
6714 327 1 
6714 336 1 
6714 336 1 
6714 336 1 
6714 336 1 
6714 336 1 
6715 3 1 
6715 4 1 
6715 5 1 
6715 7 1 
6715 12 1 
6715 28 1 
6715 28 1 
6715 28 1 
6715 83 1 
6715 98 1 
6715 112 1 
6715 113 1 
6715 128 1 
6715 128 1 
6715 139 1 
6715 139 1 
6715 139 1 
6715 139 1 
6715 139 1 
6715 166 1 
6715 166 1 
6715 166 1 
6715 166 1 
6715 166 1 
6715 173 1 
6715 189 1 
6715 209 1 
6715 210 1 
6715 218 1 
6715 219 1 
6715 221 1 
6715 222 1 
6715 223 1 
6715 224 1 
6715 225 1 
6715 226 1 
6715 228 1 
6715 228 1 
6715 232 1 
6715 233 1 
6715 245 1 
6715 246 1 
6715 247 1 
6715 248 1 
6715 249 1 
6715 250 1 
6715 273 1 
6715 275 1 
6715 279 1 
6715 282 1 
6715 283 1 
6715 285 1 
6715 289 1 
6715 291 1 
6715 293 1 
6715 294 1 
6715 299 1 
6715 304 1 
6715 305 1 
6715 306 1 
6715 307 1 
6715 308 1 
6715 309 1 
6715 310 1 
6715 311 1 
6715 312 1 
6715 313 1 
6715 321 1 
6715 322 1 
6715 327 1 
6715 328 1 
6715 331 1 
6715 332 1 
6715 334 1 
6715 335 1 
6715 336 1 
6715 337 1 
6715 338 1 
6715 339 1 
6715 339 1 
6715 340 1 
6715 342 1 
6715 350 1 
6715 351 1 
6715 352 1 
6716 204 1 
6717 312 1 
6718 8 1 
6719 113 1 
6720 350 1 
6720 350 1 
6720 350 1 
6720 350 1 
6720 350 1 
6720 350 1 
6721 44 1 
6722 103 1 
6723 133 1 
6723 136 1 
6724 108 1 
6724 108 1 
6724 108 1 
6724 128 2 
6724 128 1 
6724 128 1 
6724 331 1 
6724 331 1 
6724 331 1 
6724 337 1 
6724 355 1 
6724 355 1 
6724 355 1 
6725 3 1 
6725 3 1 
6725 5 1 
6725 5 1 
6725 5 1 
6725 7 1 
6725 7 1 
6725 7 1 
6725 8 1 
6725 8 2 
6725 8 2 
6725 8 1 
6725 8 1 
6725 8 1 
6725 8 1 
6725 8 1 
6725 22 1 
6725 22 1 
6725 25 1 
6725 25 1 
6725 28 1 
6725 28 1 
6725 28 1 
6725 28 1 
6725 28 1 
6725 28 1 
6725 28 1 
6725 28 1 
6725 28 1 
6725 28 1 
6725 28 1 
6725 30 1 
6725 77 1 
6725 83 1 
6725 83 1 
6725 83 1 
6725 83 1 
6725 83 1 
6725 83 1 
6725 106 1 
6725 107 1 
6725 107 1 
6725 107 1 
6725 109 1 
6725 109 3 
6725 109 1 
6725 109 1 
6725 109 1 
6725 109 1 
6725 109 1 
6725 109 1 
6725 109 1 
6725 109 1 
6725 109 1 
6725 109 1 
6725 109 1 
6725 109 1 
6725 109 1 
6725 109 1 
6725 109 1 
6725 109 1 
6725 109 1 
6725 109 1 
6725 109 1 
6725 109 1 
6725 109 1 
6725 109 1 
6725 109 1 
6725 109 1 
6725 109 1 
6725 111 1 
6725 111 1 
6725 113 1 
6725 113 1 
6725 113 1 
6725 113 1 
6725 113 1 
6725 113 1 
6725 113 1 
6725 113 1 
6725 113 1 
6725 113 1 
6725 113 1 
6725 113 1 
6725 113 1 
6725 113 1 
6725 113 1 
6725 113 1 
6725 113 1 
6725 113 2 
6725 113 1 
6725 113 1 
6725 113 1 
6725 113 1 
6725 113 1 
6725 113 1 
6725 121 1 
6725 121 1 
6725 121 1 
6725 121 1 
6725 121 1 
6725 121 1 
6725 139 1 
6725 139 1 
6725 139 1 
6725 139 1 
6725 160 1 
6725 160 1 
6725 160 1 
6725 160 1 
6725 166 1 
6725 166 1 
6725 166 1 
6725 166 1 
6725 166 1 
6725 173 1 
6725 173 1 
6725 173 1 
6725 173 1 
6725 173 1 
6725 173 1 
6725 173 1 
6725 173 1 
6725 181 1 
6725 228 1 
6725 243 1 
6725 270 1 
6725 270 1 
6725 270 1 
6725 270 1 
6725 270 1 
6725 270 1 
6725 270 1 
6725 270 1 
6725 270 1 
6725 270 1 
6725 270 1 
6725 270 1 
6725 270 3 
6725 270 1 
6725 270 1 
6725 270 1 
6725 279 1 
6725 281 1 
6725 281 1 
6725 282 1 
6725 282 1 
6725 330 1 
6725 330 1 
6725 333 1 
6725 333 1 
6725 341 1 
6725 341 1 
6725 343 1 
6725 343 1 
6725 345 1 
6725 345 1 
6725 350 1 
6725 350 1 
6725 353 1 
6725 353 1 
6725 354 1 
6725 354 1 
6725 355 1 
6725 355 1 
6725 355 1 
6725 356 1 
6725 356 1 
6726 289 1 
6726 354 1 
6727 4 1 
6727 4 1 
6727 5 1 
6727 5 1 
6727 7 1 
6727 7 1 
6727 228 1 
6727 283 1 
6727 283 1 
6727 283 1 
6727 298 1 
6727 307 1 
6727 321 1 
6728 305 1 
6728 306 1 
6728 306 1 
6728 307 1 
6729 5 1 
6729 28 1 
6730 243 1 
6731 28 1 
6731 83 1 
6731 103 1 
6731 279 1 
6732 8 1 
6732 251 1 
6733 282 1 
6734 111 1 
6735 18 1 
6735 25 1 
6735 204 1 
6735 204 1 
6735 302 1 
6735 330 1 
6735 333 1 
6735 336 1 
6735 336 1 
6735 336 1 
6735 336 1 
6735 336 1 
6735 336 1 
6735 336 1 
6735 341 1 
6735 343 1 
6735 345 1 
6735 353 1 
6735 354 1 
6735 355 1 
6735 356 1 
6736 305 1 
6736 306 1 
6737 75 1 
6737 110 2 
6737 243 1 
6738 228 1 
6739 113 1 
6740 306 1 
6741 113 1 
6741 113 1 
6741 113 1 
6741 113 1 
6741 124 1 
6741 124 1 
6741 289 1 
6741 289 1 
6741 306 1 
6741 308 1 
6741 340 1 
6741 340 1 
6741 340 1 
6741 350 1 
6742 338 1 
6743 299 1 
6744 44 1 
6745 350 1 
6746 22 1 
6746 22 1 
6747 304 1 
6747 305 1 
6748 34 1 
6748 307 1 
6749 173 1 
6750 124 1 
6751 299 1 
6752 299 1 
6752 350 1 
6753 105 1 
6754 261 1 
6754 271 1 
6754 271 1 
6754 271 1 
6754 299 1 
6755 13 1 
6755 13 1 
6755 305 1 
6756 340 1 
6757 43 1 
6757 43 1 
6758 128 1 
6758 128 1 
6758 128 1 
6759 185 1 
6759 185 1 
6760 124 1 
6761 128 1 
6761 128 1 
6761 128 1 
6761 128 1 
6761 128 1 
6761 282 1 
6761 291 1 
6762 217 1 
6762 257 1 
6763 124 1 
6763 124 1 
6763 128 1 
6763 335 1 
6763 337 1 
6763 338 1 
6764 8 1 
6764 108 1 
6764 108 1 
6764 108 1 
6764 108 1 
6764 111 1 
6764 128 1 
6764 128 1 
6764 128 1 
6764 128 1 
6764 128 1 
6764 128 1 
6764 128 1 
6764 128 1 
6764 331 1 
6764 339 1 
6764 342 1 
6765 8 1 
6765 8 1 
6765 8 1 
6765 8 1 
6765 8 2 
6765 8 1 
6765 8 1 
6765 8 1 
6765 8 1 
6765 8 2 
6765 8 1 
6765 8 1 
6765 107 1 
6765 108 1 
6765 111 1 
6765 124 1 
6765 221 1 
6765 251 1 
6765 251 1 
6765 337 1 
6765 337 1 
6765 338 1 
6765 350 1 
6766 113 1 
6766 113 1 
6767 18 1 
6768 121 1 
6768 299 1 
6769 299 1 
6769 306 1 
6769 340 1 
6769 350 1 
6769 350 1 
6769 350 1 
6770 124 1 
6770 128 1 
6770 128 1 
6770 128 1 
6770 128 1 
6770 128 1 
6770 128 1 
6770 222 1 
6770 288 1 
6770 288 1 
6770 307 1 
6770 334 1 
6770 334 1 
6770 334 1 
6770 334 1 
6770 334 1 
6770 334 1 
6770 334 1 
6770 334 1 
6770 335 1 
6770 335 1 
6770 335 1 
6770 337 1 
6770 338 1 
6770 350 1 
6771 354 1 
6772 166 1 
6772 166 1 
6773 128 1 
6774 113 1 
6775 11 1 
6775 11 1 
6775 336 1 
6775 336 1 
6776 336 1 
6777 350 1 
6778 103 1 
6778 113 1 
6778 270 1 
6778 270 3 
6778 282 1 
6778 282 1 
6778 289 1 
6778 289 1 
6778 289 3 
6778 289 1 
6778 289 1 
6778 289 1 
6778 289 1 
6778 289 1 
6778 289 1 
6778 291 3 
6778 291 1 
6778 291 1 
6778 291 1 
6778 335 1 
6779 185 1 
6780 25 1 
6780 113 1 
6780 113 1 
6780 330 1 
6780 333 1 
6780 341 1 
6780 343 1 
6780 345 1 
6780 353 1 
6780 354 1 
6780 355 1 
6780 356 1 
6781 128 1 
6782 8 1 
6782 8 1 
6782 28 1 
6782 75 1 
6782 113 1 
6782 124 1 
6782 124 1 
6782 186 1 
6782 229 1 
6782 230 1 
6782 234 1 
6782 238 1 
6782 260 1 
6782 269 1 
6782 299 1 
6783 350 1 
6784 113 1 
6784 160 1 
6785 7 1 
6785 113 1 
6785 113 1 
6785 305 1 
6786 38 1 
6786 38 1 
6786 38 1 
6786 38 1 
6786 38 1 
6786 38 1 
6786 38 1 
6786 38 1 
6786 38 1 
6786 38 1 
6786 38 1 
6786 38 1 
6786 38 1 
6786 38 1 
6786 38 1 
6786 38 1 
6786 38 1 
6786 38 1 
6786 38 1 
6786 38 1 
6786 38 1 
6786 38 1 
6786 38 1 
6786 38 1 
6786 38 1 
6786 38 1 
6786 38 1 
6786 38 1 
6786 38 1 
6786 38 1 
6786 38 1 
6786 38 1 
6786 38 1 
6786 38 1 
6787 8 1 
6787 8 1 
6787 8 1 
6787 8 1 
6787 8 2 
6787 8 1 
6787 14 1 
6787 111 1 
6787 111 1 
6787 113 1 
6787 113 1 
6787 113 1 
6787 113 1 
6787 113 1 
6787 113 1 
6787 113 1 
6787 113 1 
6787 128 1 
6787 128 1 
6787 128 1 
6787 128 1 
6787 128 1 
6787 128 2 
6787 128 1 
6787 128 1 
6787 128 1 
6787 128 1 
6787 128 1 
6787 226 3 
6787 226 3 
6787 226 2 
6787 228 1 
6787 231 1 
6787 234 1 
6787 234 1 
6787 238 3 
6787 238 1 
6787 238 1 
6787 263 1 
6787 275 1 
6787 282 1 
6787 282 1 
6787 298 1 
6787 312 1 
6787 334 1 
6787 335 1 
6787 335 1 
6787 335 1 
6787 338 1 
6787 340 1 
6787 352 1 
6788 173 1 
6788 355 1 
6788 355 1 
6789 3 1 
6789 28 1 
6789 113 1 
6789 113 1 
6789 113 1 
6789 113 1 
6789 113 1 
6789 124 1 
6789 128 1 
6789 212 1 
6789 212 1 
6789 228 1 
6789 285 1 
6789 285 1 
6789 289 1 
6789 289 1 
6789 291 1 
6789 298 1 
6789 307 1 
6789 352 1 
6789 355 1 
6789 355 1 
6790 354 1 
6791 299 1 
6791 340 1 
6792 7 1 
6792 336 1 
6793 8 1 
6793 128 1 
6793 128 1 
6793 254 1 
6793 322 1 
6793 332 1 
6793 334 1 
6793 337 1 
6793 338 1 
6793 338 1 
6793 338 1 
6793 338 1 
6794 111 2 
6794 111 2 
6794 281 1 
6795 128 1 
6795 128 1 
6795 128 1 
6795 128 1 
6795 128 1 
6795 128 1 
6795 128 1 
6795 128 1 
6795 128 1 
6795 128 1 
6795 128 1 
6795 128 1 
6795 128 1 
6795 128 1 
6795 128 1 
6795 128 1 
6795 128 1 
6795 128 1 
6795 128 1 
6795 128 1 
6795 128 1 
6795 128 1 
6795 128 1 
6795 128 1 
6795 128 1 
6795 128 1 
6795 128 1 
6795 128 1 
6795 128 1 
6795 128 1 
6795 128 1 
6795 128 1 
6795 128 1 
6795 128 1 
6795 128 1 
6795 128 1 
6795 128 1 
6795 128 1 
6795 128 1 
6795 128 1 
6795 128 1 
6795 128 1 
6795 128 1 
6795 128 1 
6795 128 1 
6795 128 1 
6795 128 1 
6795 128 1 
6795 219 1 
6795 219 2 
6795 219 3 
6795 219 3 
6795 291 1 
6795 293 1 
6795 305 1 
6795 331 1 
6795 334 1 
6795 334 1 
6795 334 1 
6795 334 1 
6795 334 1 
6795 334 1 
6795 334 1 
6795 334 1 
6795 334 1 
6795 334 3 
6795 334 1 
6795 334 1 
6795 334 1 
6795 334 1 
6795 334 1 
6795 334 1 
6795 334 1 
6795 334 1 
6795 334 1 
6795 334 1 
6795 335 1 
6795 335 1 
6795 335 1 
6795 335 1 
6795 335 1 
6795 335 1 
6795 335 1 
6795 336 1 
6795 337 1 
6795 338 1 
6795 338 1 
6795 338 1 
6795 338 1 
6795 338 1 
6795 338 1 
6795 338 1 
6795 338 1 
6795 338 1 
6795 338 1 
6795 338 1 
6795 340 1 
6795 340 1 
6795 340 1 
6795 340 1 
6795 340 1 
6795 340 1 
6795 340 1 
6795 340 1 
6795 340 1 
6795 340 1 
6795 340 1 
6795 340 1 
6796 111 1 
6796 113 1 
6797 354 1 
6798 2 1 
6798 66 1 
6798 228 1 
6798 229 1 
6798 230 1 
6798 231 1 
6798 234 1 
6798 238 1 
6798 243 1 
6798 244 1 
6798 251 1 
6798 253 1 
6798 254 1 
6799 8 1 
6799 8 1 
6800 128 1 
6801 124 1 
6801 124 1 
6802 15 1 
6803 113 1 
6803 113 1 
6804 299 1 
6804 299 1 
6805 75 1 
6805 103 1 
6805 124 1 
6805 124 1 
6805 327 1 
6805 327 1 
6805 327 1 
6805 327 1 
6805 350 1 
6806 17 1 
6807 113 1 
6808 299 1 
6809 286 1 
6810 38 1 
6810 169 1 
6810 181 1 
6810 351 1 
6811 346 1 
6812 167 1 
6813 38 1 
6813 161 1 
6813 185 1 
6813 185 1 
6814 8 1 
6814 8 1 
6814 124 1 
6814 124 1 
6814 124 1 
6814 251 1 
6814 334 1 
6815 334 1 
6815 334 1 
6816 54 1 
6816 113 1 
6817 11 1 
6817 11 1 
6817 40 3 
6817 109 1 
6817 109 1 
6817 121 1 
6817 121 1 
6817 229 1 
6817 230 1 
6817 336 1 
6817 336 1 
6817 336 1 
6817 336 1 
6817 336 1 
6817 336 1 
6818 38 1 
6818 175 1 
6819 175 1 
6820 162 1 
6821 169 1 
6822 262 1 
6822 301 1 
6823 38 1 
6824 181 1 
6824 252 1 
6824 286 1 
6825 231 1 
6826 299 1 
6827 338 1 
6827 338 1 
6828 350 1 
6829 5 1 
6829 113 1 
6829 228 1 
6829 231 1 
6830 217 1 
6831 1 2 
6831 61 2 
6832 21 1 
6832 21 1 
6832 95 1 
6832 95 1 
6833 19 1 
6833 105 1 
6833 185 1 
6833 199 1 
6833 199 1 
6833 199 1 
6833 199 1 
6833 199 1 
6833 199 1 
6834 21 1 
6834 21 1 
6834 95 1 
6834 95 1 
6835 113 1 
6836 113 1 
6837 211 1 
6838 299 1 
6838 299 1 
6839 128 1 
6839 128 1 
6840 282 1 
6840 299 1 
6840 350 1 
6841 299 1 
6841 299 1 
6841 299 1 
6841 299 1 
6842 3 1 
6842 7 1 
6842 28 1 
6842 32 1 
6842 32 1 
6842 83 1 
6842 83 1 
6842 83 1 
6842 113 1 
6842 113 1 
6842 113 1 
6842 113 1 
6843 350 1 
6844 47 3 
6844 54 1 
6844 54 1 
6844 54 1 
6844 54 1 
6844 54 1 
6844 66 1 
6844 70 1 
6844 82 1 
6844 93 1 
6844 124 1 
6844 124 1 
6844 124 1 
6844 124 1 
6844 124 1 
6844 209 1 
6844 280 1 
6844 293 1 
6844 293 3 
6844 293 1 
6844 293 1 
6844 293 3 
6844 293 1 
6844 299 1 
6844 336 1 
6844 336 1 
6844 336 1 
6844 336 1 
6844 336 1 
6845 113 1 
6845 306 1 
6846 105 1 
6847 331 1 
6847 342 1 
6848 199 1 
6849 4 1 
6849 5 1 
6849 7 1 
6849 8 1 
6849 44 1 
6849 113 1 
6849 113 1 
6849 113 1 
6849 124 1 
6849 124 1 
6849 192 1 
6849 260 1 
6849 269 1 
6849 299 1 
6849 299 1 
6849 299 1 
6849 299 1 
6849 299 1 
6849 299 1 
6849 299 1 
6849 299 1 
6849 350 1 
6849 350 1 
6849 350 1 
6849 350 1 
6849 350 1 
6849 350 1 
6849 350 1 
6849 350 1 
6849 350 1 
6849 350 1 
6849 354 1 
6850 217 1 
6850 217 1 
6851 113 1 
6852 113 1 
6852 113 1 
6852 113 2 
6852 113 1 
6852 113 1 
6852 113 1 
6852 305 1 
6852 350 1 
6853 322 1 
6853 354 1 
6853 354 1 
6854 113 1 
6854 113 1 
6854 113 1 
6854 113 1 
6854 113 1 
6854 113 1 
6854 113 1 
6854 124 1 
6854 124 1 
6854 124 1 
6854 128 1 
6854 166 1 
6854 166 1 
6854 173 1 
6854 180 1 
6854 192 1 
6854 290 1 
6854 292 1 
6854 299 1 
6854 305 1 
6854 305 1 
6854 335 1 
6854 337 1 
6854 338 1 
6854 338 1 
6854 338 1 
6854 338 1 
6854 340 1 
6854 340 1 
6854 340 1 
6854 350 1 
6854 350 1 
6854 350 1 
6854 355 1 
6855 128 1 
6856 27 1 
6856 70 1 
6857 70 1 
6858 54 1 
6858 70 1 
6859 70 1 
6860 350 1 
6860 350 1 
6861 28 1 
6862 113 1 
6863 18 1 
6863 18 1 
6863 28 1 
6863 111 1 
6863 112 1 
6864 285 1 
6864 321 3 
6864 321 3 
6864 321 1 
6864 321 1 
6864 321 1 
6864 321 1 
6864 321 1 
6864 321 1 
6864 321 1 
6864 321 1 
6864 321 1 
6864 350 1 
6865 113 1 
6865 113 1 
6866 299 1 
6867 25 1 
6867 330 1 
6867 333 1 
6867 341 1 
6867 343 1 
6867 345 1 
6867 353 1 
6867 354 1 
6867 355 1 
6867 356 1 
6868 28 1 
6869 70 1 
6870 350 1 
6871 44 1 
6872 7 1 
6872 14 1 
6872 28 1 
6872 28 1 
6872 139 1 
6872 139 1 
6872 173 1 
6872 355 1 
6873 38 1 
6873 38 1 
6873 70 1 
6874 124 1 
6874 128 1 
6874 128 1 
6875 350 1 
6876 113 1 
6876 113 1 
6876 113 1 
6876 113 1 
6876 113 1 
6876 113 1 
6876 113 1 
6876 139 1 
6877 48 1 
6878 190 1 
6879 227 1 
6880 293 1 
6881 1 2 
6881 1 2 
6881 61 2 
6881 61 2 
6882 48 1 
6882 48 1 
6883 44 1 
6883 128 1 
6883 128 1 
6883 128 1 
6883 310 1 
6883 310 3 
6883 310 1 
6883 310 3 
6883 310 1 
6883 313 1 
6884 7 1 
6885 128 1 
6886 228 1 
6886 228 1 
6887 7 1 
6887 8 1 
6887 8 1 
6887 54 1 
6887 54 1 
6887 113 1 
6887 113 1 
6887 113 1 
6887 113 1 
6887 113 1 
6887 113 1 
6887 113 1 
6887 113 1 
6887 124 1 
6887 124 1 
6887 128 1 
6887 128 1 
6887 228 1 
6887 287 1 
6887 298 1 
6887 305 1 
6887 307 1 
6887 322 1 
6887 331 1 
6887 331 1 
6887 331 1 
6887 331 1 
6887 331 1 
6887 340 1 
6887 340 1 
6887 340 1 
6887 350 1 
6887 350 1 
6887 350 1 
6887 350 1 
6887 351 1 
6887 352 1 
6888 176 1 
6889 113 1 
6889 113 1 
6889 113 1 
6889 124 1 
6889 124 1 
6889 299 1 
6889 299 1 
6889 350 1 
6890 166 1 
6891 285 1 
6892 254 1 
6893 160 1 
6894 306 1 
6894 306 1 
6894 321 1 
6895 306 1 
6896 48 1 
6897 3 1 
6897 4 1 
6897 8 1 
6897 16 1 
6897 103 1 
6897 103 1 
6897 103 1 
6897 109 1 
6897 113 1 
6897 113 1 
6897 113 1 
6897 121 1 
6897 124 1 
6897 124 1 
6897 124 1 
6897 128 1 
6897 128 1 
6897 128 1 
6897 139 1 
6897 160 1 
6897 217 1 
6897 222 1 
6897 228 1 
6897 234 1 
6897 238 1 
6897 254 1 
6897 283 1 
6897 285 1 
6897 289 1 
6897 289 1 
6897 292 1 
6897 294 1 
6897 299 1 
6897 299 1 
6897 306 1 
6897 307 1 
6897 307 1 
6897 307 1 
6897 308 1 
6897 311 1 
6897 321 1 
6897 331 1 
6897 332 1 
6897 338 1 
6897 338 1 
6897 338 1 
6897 340 1 
6897 340 1 
6897 340 1 
6897 340 1 
6897 350 1 
6897 350 1 
6897 350 1 
6898 124 1 
6898 281 1 
6898 290 1 
6898 292 1 
6898 292 1 
6898 306 1 
6898 340 1 
6899 16 1 
6899 17 1 
6899 19 1 
6899 132 1 
6899 135 1 
6899 138 1 
6899 142 1 
6899 143 1 
6899 144 1 
6899 146 1 
6899 151 1 
6899 156 1 
6899 167 1 
6899 192 1 
6899 196 1 
6899 207 1 
6899 212 1 
6900 2 1 
6900 2 1 
6900 164 2 
6901 350 1 
6901 350 1 
6902 5 1 
6903 155 1 
6904 113 1 
6904 307 1 
6905 3 1 
6905 4 1 
6905 4 1 
6905 4 1 
6905 5 1 
6905 5 1 
6905 28 1 
6905 28 1 
6905 28 1 
6905 28 1 
6905 28 1 
6905 34 1 
6905 42 3 
6905 113 1 
6905 121 1 
6905 128 1 
6905 128 1 
6905 306 1 
6905 306 1 
6905 350 1 
6906 155 1 
6907 155 1 
6908 350 1 
6909 228 1 
6909 299 1 
6910 103 1 
6911 155 1 
6912 155 1 
6913 113 1 
6913 113 1 
6913 113 1 
6913 113 1 
6913 309 1 
6913 313 1 
6914 124 1 
6915 11 1 
6916 7 1 
6917 1 2 
6917 1 2 
6917 25 1 
6917 61 2 
6917 61 2 
6917 128 1 
6917 128 1 
6917 128 1 
6917 128 1 
6917 128 1 
6917 128 1 
6917 128 1 
6917 128 1 
6917 128 1 
6917 128 1 
6917 128 1 
6917 128 1 
6917 128 1 
6917 128 1 
6917 128 1 
6917 128 1 
6917 128 1 
6917 128 1 
6917 128 1 
6917 128 1 
6917 128 1 
6917 128 1 
6917 128 1 
6917 128 1 
6917 128 1 
6917 128 1 
6917 128 1 
6917 128 1 
6917 128 2 
6917 128 2 
6917 128 2 
6917 128 2 
6917 128 1 
6917 128 1 
6917 128 1 
6917 128 1 
6917 128 1 
6917 128 1 
6917 128 1 
6917 128 1 
6917 128 1 
6917 333 1 
6917 341 1 
6917 343 1 
6917 354 1 
6917 355 1 
6917 356 1 
6918 311 1 
6919 128 1 
6919 128 1 
6919 334 1 
6919 338 1 
6920 218 1 
6920 307 1 
6921 299 1 
6922 155 1 
6923 113 1 
6923 113 1 
6923 298 1 
6924 111 2 
6925 83 1 
6926 164 1 
6926 164 1 
6926 217 1 
6926 217 1 
6926 350 1 
6926 350 1 
6926 350 1 
6926 350 1 
6926 350 1 
6926 350 1 
6926 350 1 
6926 350 1 
6926 350 1 
6926 350 1 
6926 350 1 
6926 350 1 
6926 350 1 
6926 350 1 
6926 350 1 
6926 350 1 
6926 350 1 
6926 350 1 
6927 113 1 
6927 113 1 
6927 113 1 
6927 113 1 
6927 113 1 
6928 48 1 
6928 113 1 
6929 110 2 
6930 350 1 
6931 6 3 
6931 6 2 
6931 31 2 
6931 31 3 
6931 37 3 
6931 37 2 
6931 39 3 
6931 39 2 
6931 46 2 
6931 46 3 
6931 49 3 
6931 49 2 
6931 50 2 
6931 50 3 
6931 62 3 
6931 62 2 
6931 65 3 
6931 65 2 
6931 68 3 
6931 68 2 
6931 69 2 
6931 69 3 
6931 71 2 
6931 71 3 
6931 76 3 
6931 76 2 
6931 78 2 
6931 78 3 
6932 128 1 
6932 128 1 
6932 128 1 
6932 128 1 
6932 128 1 
6932 310 1 
6932 334 1 
6932 337 1 
6932 337 1 
6932 338 1 
6932 350 1 
6933 267 1 
6934 335 1 
6934 335 1 
6934 335 1 
6934 335 1 
6934 335 1 
6934 335 1 
6934 335 1 
6934 335 1 
6934 335 1 
6934 335 1 
6934 335 3 
6934 335 1 
6934 335 1 
6934 335 1 
6934 335 1 
6934 337 1 
6935 18 1 
6935 93 2 
6935 204 1 
6935 204 1 
6936 16 1 
6937 305 1 
6938 279 1 
6938 282 1 
6938 283 1 
6938 285 1 
6938 289 1 
6938 291 1 
6938 293 1 
6938 299 1 
6938 307 1 
6938 307 1 
6938 308 1 
6938 309 1 
6938 310 1 
6938 311 1 
6938 312 1 
6938 312 1 
6938 313 1 
6938 350 1 
6938 352 1 
6939 340 1 
6940 218 1 
6940 219 1 
6940 244 1 
6940 259 1 
6941 70 1 
6942 217 1 
6943 77 1 
6944 7 1 
6944 124 1 
6944 124 1 
6944 124 1 
6945 299 1 
6945 299 1 
6945 299 1 
6945 350 1 
6945 350 1 
6946 113 1 
6947 8 1 
6947 103 1 
6947 128 1 
6947 350 1 
6948 5 1 
6948 13 1 
6948 13 1 
6948 243 1 
6948 282 1 
6948 288 1 
6948 299 1 
6948 321 1 
6948 327 1 
6948 327 1 
6948 327 1 
6948 340 1 
6948 352 1 
6949 113 1 
6949 113 1 
6950 28 1 
6950 30 1 
6950 48 1 
6950 340 1 
6951 124 1 
6951 124 1 
6951 124 1 
6951 350 1 
6951 350 1 
6951 350 1 
6952 17 1 
6952 299 1 
6953 12 1 
6953 21 1 
6953 95 1 
6953 96 1 
6953 98 1 
6953 100 1 
6953 102 1 
6953 115 1 
6953 117 1 
6953 118 1 
6953 163 1 
6953 191 1 
6953 194 1 
6953 197 1 
6953 202 1 
6953 205 1 
6953 206 1 
6953 209 1 
6953 210 1 
6953 218 1 
6953 219 1 
6953 220 1 
6953 221 1 
6953 222 1 
6953 223 1 
6953 224 1 
6953 225 1 
6953 226 1 
6953 232 1 
6953 233 1 
6953 245 1 
6953 246 1 
6953 247 1 
6953 248 1 
6953 249 1 
6953 250 1 
6953 294 1 
6954 124 1 
6955 128 1 
6956 3 1 
6956 7 1 
6956 22 1 
6956 34 1 
6956 48 1 
6956 70 3 
6956 71 3 
6956 96 3 
6956 98 1 
6956 98 1 
6956 98 2 
6956 98 3 
6956 98 3 
6956 98 1 
6956 98 1 
6956 111 1 
6956 111 3 
6956 155 3 
6956 163 1 
6956 173 1 
6956 217 1 
6956 221 1 
6956 227 2 
6956 271 1 
6956 289 1 
6956 305 1 
6956 331 1 
6956 336 1 
6956 350 1 
6957 113 1 
6957 113 1 
6957 113 1 
6957 290 1 
6957 291 1 
6957 298 1 
6957 299 1 
6957 306 1 
6957 340 1 
6957 350 1 
6957 350 1 
6957 350 1 
6957 350 1 
6957 352 1 
6958 305 1 
6959 22 1 
6960 270 1 
6961 296 1 
6962 296 1 
6963 354 1 
6964 128 1 
6965 259 1 
6966 15 1 
6967 7 1 
6967 113 1 
6968 217 1 
6969 354 1 
6970 113 1 
6971 3 1 
6971 4 1 
6971 5 1 
6971 5 1 
6971 5 1 
6971 7 1 
6971 28 1 
6971 32 1 
6971 54 1 
6971 83 1 
6971 103 1 
6971 113 1 
6971 113 1 
6971 113 1 
6971 124 1 
6971 124 1 
6971 124 1 
6971 124 1 
6971 124 1 
6971 221 1 
6971 221 1 
6971 221 1 
6971 287 1 
6971 299 1 
6971 299 1 
6971 299 1 
6971 299 1 
6971 299 1 
6971 299 1 
6971 334 1 
6971 337 1 
6971 350 1 
6971 354 1 
6972 299 1 
6973 7 1 
6974 113 1 
6975 321 1 
6976 28 1 
6977 48 1 
6978 199 1 
6978 266 1 
6979 306 1 
6980 25 1 
6980 330 1 
6980 333 1 
6980 341 1 
6980 343 1 
6980 345 1 
6980 353 1 
6980 354 1 
6980 355 1 
6980 356 1 
6981 124 1 
6982 13 1 
6982 25 1 
6982 137 1 
6982 305 1 
6982 330 1 
6982 333 1 
6982 341 1 
6982 343 1 
6982 345 1 
6982 353 1 
6982 354 1 
6982 355 1 
6982 356 1 
6983 176 1 
6984 113 1 
6985 8 1 
6985 8 2 
6985 8 1 
6985 8 1 
6985 93 2 
6985 93 2 
6985 221 1 
6985 332 1 
6985 334 1 
6985 337 1 
6985 337 1 
6985 337 1 
6985 338 1 
6986 128 1 
6986 128 1 
6986 308 1 
6986 352 1 
6986 352 1 
6986 352 1 
6987 113 1 
6987 354 1 
6988 110 2 
6989 336 1 
6990 48 1 
6990 107 1 
6990 108 1 
6990 111 1 
6990 111 1 
6990 111 1 
6990 111 1 
6990 111 1 
6990 111 2 
6990 111 2 
6990 111 1 
6990 163 1 
6990 163 1 
6990 163 1 
6990 212 1 
6990 212 1 
6990 244 1 
6990 288 1 
6990 294 1 
6990 337 1 
6990 338 1 
6991 113 1 
6991 113 1 
6991 299 1 
6992 321 1 
6993 28 1 
6993 67 1 
6993 350 1 
6993 350 1 
6993 350 1 
6993 350 1 
6994 266 1 
6995 105 1 
6996 124 1 
6996 124 1 
6996 342 1 
6997 1 2 
6997 12 2 
6997 12 3 
6997 12 3 
6997 61 2 
6997 91 2 
6997 94 3 
6997 94 1 
6997 103 1 
6997 113 1 
6997 128 1 
6997 128 1 
6997 128 1 
6997 128 1 
6997 128 1 
6997 128 1 
6997 128 1 
6997 128 1 
6997 128 1 
6997 128 1 
6997 128 1 
6997 128 1 
6997 128 1 
6997 128 1 
6997 128 1 
6997 128 1 
6997 209 2 
6997 209 3 
6997 209 3 
6997 210 2 
6997 210 3 
6997 210 3 
6997 218 2 
6997 218 3 
6997 218 3 
6997 219 2 
6997 219 3 
6997 219 3 
6997 244 1 
6997 270 1 
6997 270 3 
6997 275 1 
6997 281 1 
6997 283 1 
6997 284 3 
6997 284 1 
6997 284 1 
6997 288 3 
6997 288 1 
6997 288 1 
6997 288 1 
6997 288 1 
6997 289 1 
6997 291 1 
6997 291 1 
6997 291 3 
6997 298 1 
6997 298 1 
6997 298 1 
6997 298 1 
6997 298 3 
6997 302 1 
6997 308 1 
6997 308 1 
6997 308 1 
6997 308 3 
6997 308 3 
6997 308 1 
6997 308 1 
6997 311 1 
6997 312 3 
6997 312 1 
6997 312 1 
6997 312 3 
6997 313 1 
6997 313 1 
6997 313 1 
6997 335 1 
6997 338 1 
6997 340 1 
6997 352 1 
6998 113 1 
6999 113 1 
7000 299 1 
7001 2 1 
7001 5 1 
7001 28 1 
7001 124 1 
7001 124 1 
7001 124 1 
7001 124 3 
7001 124 1 
7001 289 1 
7001 306 1 
7001 306 1 
7001 332 1 
7001 350 1 
7002 1 2 
7002 61 2 
7002 321 1 
7002 321 1 
7002 321 1 
7002 321 1 
7002 321 1 
7002 321 1 
7002 321 1 
7002 322 1 
7002 322 1 
7003 4 1 
7003 5 1 
7003 7 1 
7003 27 1 
7003 73 3 
7003 128 1 
7003 128 1 
7003 265 1 
7003 270 1 
7003 270 1 
7003 288 1 
7003 288 1 
7003 290 1 
7003 290 1 
7003 290 1 
7003 290 1 
7003 292 1 
7003 298 1 
7003 350 1 
7004 8 1 
7004 124 1 
7004 299 1 
7004 299 1 
7004 299 1 
7004 299 1 
7004 299 1 
7004 299 1 
7004 299 1 
7005 128 1 
7005 173 1 
7006 28 1 
7006 28 1 
7006 124 1 
7006 166 1 
7006 173 1 
7006 173 1 
7006 173 1 
7006 228 1 
7006 260 1 
7006 269 1 
7006 281 1 
7006 287 1 
7006 310 1 
7006 312 1 
7006 331 1 
7006 340 1 
7006 342 1 
7006 352 1 
7007 54 1 
7007 54 1 
7007 222 1 
7007 222 1 
7007 222 1 
7007 271 1 
7008 228 1 
7009 3 1 
7009 7 1 
7009 7 1 
7009 32 1 
7009 83 1 
7009 109 1 
7010 113 1 
7010 113 1 
7011 3 1 
7011 3 1 
7011 3 1 
7011 3 1 
7011 3 1 
7011 4 1 
7011 4 1 
7011 5 1 
7011 7 1 
7011 7 1 
7011 7 1 
7011 7 1 
7011 28 1 
7011 28 1 
7011 41 1 
7011 41 3 
7011 83 1 
7011 107 1 
7011 107 1 
7011 113 1 
7011 113 1 
7011 113 1 
7011 113 1 
7011 113 1 
7011 113 1 
7011 113 1 
7011 128 1 
7011 128 1 
7011 128 1 
7011 128 1 
7011 128 1 
7011 128 1 
7011 128 1 
7011 128 1 
7011 128 1 
7011 128 1 
7011 160 1 
7011 173 1 
7011 228 1 
7011 243 1 
7011 243 1 
7011 243 1 
7011 260 1 
7011 260 1 
7011 260 1 
7011 269 1 
7011 269 1 
7011 269 1 
7011 279 1 
7011 281 1 
7011 282 1 
7011 282 1 
7011 282 1 
7011 284 1 
7011 284 1 
7011 287 1 
7011 288 1 
7011 288 1 
7011 298 1 
7011 299 1 
7011 299 1 
7011 299 1 
7011 299 1 
7011 299 1 
7011 299 1 
7011 305 1 
7011 305 1 
7011 305 1 
7011 305 1 
7011 306 1 
7011 307 1 
7011 308 1 
7011 332 1 
7011 334 1 
7011 335 1 
7011 340 1 
7011 340 1 
7011 340 1 
7011 340 1 
7011 350 1 
7011 350 1 
7011 350 1 
7011 351 1 
7011 352 1 
7011 354 1 
7011 355 1 
7011 355 1 
7011 355 1 
7012 160 1 
7013 58 1 
7014 58 1 
7015 113 1 
7015 305 1 
7015 305 1 
7016 321 1 
7017 299 1 
7018 8 1 
7018 334 1 
7018 337 1 
7019 111 2 
7020 254 1 
7021 254 1 
7021 254 1 
7022 11 1 
7022 103 1 
7022 222 1 
7022 290 1 
7023 19 3 
7023 19 1 
7023 19 1 
7024 3 1 
7024 3 1 
7024 28 1 
7024 28 1 
7024 28 1 
7024 34 1 
7024 34 1 
7024 34 1 
7024 113 1 
7024 113 1 
7024 124 1 
7024 124 1 
7024 128 1 
7024 128 1 
7024 128 1 
7024 128 1 
7024 128 1 
7024 128 1 
7024 128 1 
7024 128 1 
7024 128 1 
7024 128 1 
7024 128 1 
7024 128 1 
7024 128 1 
7024 128 1 
7024 128 1 
7024 128 1 
7024 128 1 
7024 128 1 
7024 128 1 
7024 128 1 
7024 128 1 
7024 128 1 
7024 128 1 
7024 128 1 
7024 128 1 
7024 128 1 
7024 128 1 
7024 128 1 
7024 128 1 
7024 128 1 
7024 128 1 
7024 128 1 
7024 128 1 
7024 128 1 
7024 128 1 
7024 128 1 
7024 128 1 
7024 128 1 
7024 128 1 
7024 128 1 
7024 128 1 
7024 128 1 
7024 128 1 
7024 128 1 
7024 128 1 
7024 128 1 
7024 128 1 
7024 128 1 
7024 128 1 
7024 128 1 
7024 128 1 
7024 128 1 
7024 128 1 
7024 128 1 
7024 128 1 
7024 128 1 
7024 128 1 
7024 128 1 
7024 128 1 
7024 128 1 
7024 128 1 
7024 128 1 
7024 128 1 
7024 128 1 
7024 128 1 
7024 128 1 
7024 128 1 
7024 128 1 
7024 128 1 
7024 128 1 
7024 128 1 
7024 128 1 
7024 128 1 
7024 128 1 
7024 128 1 
7024 128 1 
7024 128 1 
7024 128 1 
7024 128 1 
7024 128 1 
7024 128 1 
7024 128 1 
7024 128 1 
7024 128 1 
7024 128 1 
7024 128 1 
7024 128 2 
7024 128 1 
7024 128 1 
7024 128 1 
7024 128 1 
7024 128 1 
7024 128 1 
7024 128 1 
7024 128 1 
7024 128 1 
7024 128 1 
7024 128 1 
7024 128 1 
7024 128 1 
7024 128 1 
7024 128 1 
7024 128 1 
7024 128 1 
7024 212 1 
7024 218 1 
7024 218 1 
7024 218 1 
7024 218 1 
7024 218 1 
7024 218 1 
7024 228 1 
7024 228 1 
7024 228 1 
7024 228 1 
7024 228 1 
7024 228 1 
7024 231 1 
7024 231 1 
7024 244 1 
7024 259 1 
7024 259 1 
7024 282 1 
7024 289 1 
7024 298 1 
7024 299 1 
7024 299 1 
7024 306 1 
7024 306 1 
7024 307 1 
7024 307 1 
7024 307 1 
7024 307 1 
7024 308 1 
7024 308 1 
7024 308 1 
7024 309 1 
7024 310 1 
7024 310 1 
7024 310 1 
7024 310 1 
7024 310 1 
7024 310 3 
7024 310 1 
7024 310 1 
7024 310 1 
7024 310 1 
7024 310 1 
7024 310 1 
7024 311 1 
7024 311 1 
7024 311 1 
7024 313 1 
7024 313 1 
7024 313 1 
7024 313 1 
7024 313 1 
7024 313 1 
7024 313 1 
7024 313 1 
7024 313 1 
7024 313 1 
7024 334 1 
7024 340 1 
7024 340 1 
7024 352 1 
7025 164 1 
7025 335 1 
7026 266 1 
7027 75 1 
7027 75 1 
7027 254 1 
7027 254 1 
7027 259 1 
7027 291 1 
7027 292 1 
7027 331 1 
7027 340 1 
7028 113 1 
7028 113 1 
7028 121 1 
7029 67 1 
7030 112 1 
7030 112 1 
7031 299 1 
7032 124 1 
7033 38 1 
7033 38 1 
7034 185 1 
7034 185 1 
7034 185 1 
7035 7 1 
7035 113 1 
7035 113 1 
7035 354 1 
7036 340 1 
7037 107 2 
7037 108 2 
7037 117 3 
7037 117 3 
7037 117 1 
7037 128 1 
7037 128 1 
7037 128 1 
7037 128 1 
7037 128 1 
7037 128 1 
7037 128 1 
7037 128 1 
7037 128 1 
7037 228 1 
7037 335 3 
7037 335 1 
7037 335 1 
7037 335 1 
7037 335 1 
7037 335 1 
7037 335 1 
7037 335 1 
7037 335 1 
7037 335 1 
7037 338 1 
7038 128 1 
7038 254 1 
7039 13 1 
7039 294 1 
7039 353 3 
7039 353 1 
7040 307 1 
7041 67 1 
7042 291 1 
7043 283 1 
7043 285 1 
7043 291 1 
7044 3 1 
7044 7 1 
7044 285 1 
7044 289 1 
7044 340 1 
7045 350 1 
7046 281 1 
7046 281 1 
7047 25 1 
7047 25 1 
7047 25 1 
7047 113 1 
7047 330 1 
7047 330 1 
7047 330 1 
7047 333 1 
7047 333 1 
7047 333 1 
7047 341 1 
7047 341 1 
7047 341 1 
7047 343 1 
7047 343 1 
7047 343 1 
7047 345 1 
7047 345 1 
7047 345 1 
7047 353 1 
7047 353 1 
7047 353 1 
7047 354 1 
7047 354 1 
7047 354 1 
7047 355 1 
7047 355 1 
7047 355 1 
7047 355 1 
7047 356 1 
7047 356 1 
7047 356 1 
7048 113 1 
7048 113 1 
7048 113 1 
7048 113 1 
7048 113 1 
7048 113 1 
7048 113 1 
7048 335 1 
7048 338 1 
7048 338 1 
7049 7 1 
7049 54 1 
7049 54 1 
7049 113 1 
7049 113 1 
7049 113 1 
7049 113 1 
7049 113 1 
7049 113 1 
7049 124 1 
7049 217 1 
7049 217 1 
7049 228 1 
7049 228 1 
7049 299 1 
7049 299 1 
7049 299 1 
7049 299 1 
7049 299 1 
7049 306 1 
7049 350 1 
7049 350 1 
7049 350 1 
7050 139 1 
7051 1 1 
7051 1 1 
7051 1 1 
7051 1 1 
7051 1 1 
7051 1 1 
7051 1 1 
7051 1 1 
7051 1 1 
7051 1 1 
7051 1 1 
7051 1 1 
7051 1 1 
7051 1 1 
7051 1 1 
7051 1 1 
7051 1 1 
7051 1 1 
7051 1 1 
7051 1 1 
7051 1 1 
7051 1 1 
7051 1 1 
7051 1 1 
7051 1 2 
7051 1 1 
7051 1 1 
7051 1 1 
7051 1 1 
7051 1 1 
7051 1 1 
7051 1 1 
7051 1 1 
7051 1 1 
7051 1 1 
7051 1 1 
7051 1 1 
7051 1 1 
7051 1 1 
7051 1 1 
7051 1 1 
7051 1 1 
7051 1 1 
7051 1 1 
7051 1 1 
7051 8 1 
7051 8 2 
7051 8 2 
7051 9 1 
7051 9 1 
7051 9 1 
7051 9 1 
7051 9 1 
7051 9 1 
7051 9 1 
7051 9 1 
7051 9 1 
7051 9 1 
7051 9 1 
7051 9 1 
7051 9 1 
7051 9 1 
7051 9 2 
7051 9 1 
7051 9 1 
7051 10 1 
7051 10 1 
7051 10 1 
7051 10 1 
7051 10 1 
7051 10 1 
7051 10 1 
7051 10 1 
7051 10 1 
7051 10 1 
7051 10 1 
7051 10 1 
7051 10 1 
7051 10 1 
7051 10 1 
7051 10 1 
7051 10 1 
7051 10 2 
7051 10 1 
7051 10 2 
7051 10 1 
7051 10 1 
7051 10 1 
7051 10 1 
7051 10 1 
7051 10 1 
7051 10 1 
7051 10 1 
7051 10 1 
7051 10 1 
7051 10 1 
7051 11 1 
7051 11 1 
7051 11 1 
7051 16 1 
7051 16 1 
7051 16 1 
7051 16 1 
7051 16 1 
7051 17 1 
7051 17 1 
7051 17 1 
7051 17 1 
7051 17 1 
7051 19 1 
7051 19 1 
7051 19 1 
7051 19 1 
7051 19 1 
7051 19 1 
7051 19 1 
7051 20 1 
7051 20 1 
7051 20 1 
7051 20 1 
7051 20 1 
7051 20 1 
7051 20 1 
7051 20 1 
7051 20 1 
7051 20 1 
7051 20 1 
7051 20 1 
7051 20 1 
7051 20 1 
7051 20 1 
7051 20 1 
7051 20 1 
7051 20 1 
7051 20 1 
7051 20 1 
7051 20 1 
7051 20 1 
7051 20 1 
7051 20 1 
7051 20 1 
7051 20 1 
7051 20 1 
7051 20 1 
7051 20 1 
7051 20 1 
7051 21 1 
7051 21 1 
7051 21 1 
7051 21 1 
7051 21 1 
7051 21 1 
7051 21 1 
7051 21 1 
7051 21 1 
7051 21 1 
7051 22 1 
7051 25 1 
7051 27 1 
7051 30 1 
7051 35 1 
7051 35 1 
7051 38 1 
7051 38 1 
7051 38 1 
7051 38 1 
7051 38 1 
7051 38 1 
7051 38 1 
7051 38 1 
7051 38 1 
7051 38 1 
7051 38 1 
7051 38 1 
7051 38 1 
7051 38 1 
7051 38 1 
7051 38 1 
7051 38 1 
7051 38 1 
7051 38 1 
7051 38 1 
7051 38 1 
7051 38 1 
7051 38 1 
7051 38 1 
7051 38 1 
7051 38 1 
7051 38 1 
7051 38 1 
7051 38 1 
7051 38 1 
7051 38 1 
7051 38 1 
7051 38 1 
7051 38 1 
7051 38 1 
7051 38 1 
7051 38 1 
7051 38 1 
7051 38 1 
7051 40 3 
7051 44 1 
7051 61 1 
7051 61 1 
7051 61 1 
7051 61 1 
7051 61 1 
7051 61 1 
7051 61 1 
7051 61 1 
7051 61 1 
7051 61 1 
7051 61 1 
7051 61 1 
7051 61 1 
7051 61 1 
7051 61 1 
7051 61 1 
7051 61 1 
7051 61 1 
7051 61 1 
7051 61 1 
7051 61 1 
7051 61 1 
7051 61 1 
7051 61 1 
7051 61 1 
7051 61 1 
7051 61 1 
7051 61 1 
7051 61 1 
7051 61 1 
7051 61 1 
7051 61 1 
7051 61 1 
7051 61 1 
7051 61 1 
7051 61 1 
7051 61 1 
7051 61 1 
7051 61 1 
7051 61 1 
7051 61 1 
7051 61 1 
7051 61 1 
7051 61 2 
7051 61 1 
7051 70 1 
7051 70 1 
7051 80 1 
7051 80 1 
7051 80 1 
7051 80 1 
7051 80 2 
7051 80 1 
7051 80 1 
7051 80 1 
7051 80 1 
7051 80 1 
7051 80 1 
7051 80 1 
7051 80 1 
7051 80 1 
7051 80 1 
7051 80 1 
7051 80 1 
7051 82 1 
7051 85 1 
7051 85 1 
7051 85 1 
7051 85 1 
7051 85 1 
7051 85 1 
7051 85 1 
7051 85 1 
7051 85 1 
7051 85 1 
7051 85 1 
7051 85 1 
7051 85 1 
7051 85 1 
7051 85 1 
7051 85 1 
7051 85 1 
7051 85 1 
7051 85 1 
7051 85 1 
7051 85 2 
7051 85 2 
7051 85 1 
7051 85 1 
7051 85 1 
7051 85 1 
7051 85 1 
7051 85 1 
7051 85 1 
7051 85 1 
7051 85 1 
7051 86 1 
7051 86 1 
7051 86 1 
7051 86 1 
7051 86 1 
7051 86 1 
7051 86 1 
7051 86 1 
7051 86 1 
7051 86 1 
7051 86 1 
7051 86 1 
7051 86 2 
7051 86 1 
7051 86 1 
7051 86 1 
7051 86 2 
7051 86 1 
7051 86 1 
7051 86 1 
7051 86 1 
7051 86 1 
7051 86 1 
7051 86 1 
7051 86 1 
7051 86 1 
7051 86 1 
7051 86 1 
7051 86 1 
7051 86 1 
7051 86 1 
7051 86 1 
7051 86 1 
7051 91 1 
7051 91 1 
7051 91 1 
7051 91 1 
7051 91 1 
7051 91 1 
7051 91 1 
7051 91 1 
7051 91 1 
7051 91 1 
7051 91 1 
7051 91 1 
7051 91 1 
7051 91 1 
7051 91 1 
7051 91 1 
7051 91 1 
7051 91 1 
7051 91 1 
7051 91 1 
7051 91 1 
7051 91 1 
7051 91 1 
7051 91 1 
7051 91 1 
7051 91 1 
7051 91 1 
7051 91 1 
7051 91 1 
7051 91 1 
7051 93 2 
7051 93 1 
7051 93 1 
7051 93 1 
7051 93 1 
7051 93 1 
7051 93 1 
7051 93 1 
7051 93 1 
7051 93 1 
7051 93 1 
7051 93 1 
7051 93 1 
7051 93 1 
7051 93 1 
7051 93 1 
7051 93 1 
7051 93 1 
7051 93 1 
7051 93 1 
7051 93 1 
7051 93 1 
7051 93 1 
7051 93 1 
7051 93 1 
7051 93 1 
7051 93 1 
7051 93 1 
7051 93 1 
7051 93 1 
7051 95 1 
7051 95 1 
7051 95 1 
7051 95 1 
7051 95 1 
7051 95 1 
7051 95 1 
7051 95 1 
7051 95 1 
7051 95 1 
7051 105 1 
7051 105 1 
7051 105 1 
7051 109 1 
7051 109 1 
7051 111 1 
7051 111 1 
7051 111 1 
7051 111 2 
7051 111 2 
7051 113 2 
7051 113 1 
7051 113 1 
7051 113 1 
7051 113 1 
7051 113 1 
7051 113 1 
7051 113 1 
7051 113 1 
7051 113 1 
7051 113 1 
7051 113 1 
7051 113 1 
7051 113 1 
7051 113 1 
7051 113 1 
7051 113 1 
7051 113 1 
7051 113 1 
7051 113 2 
7051 113 1 
7051 113 2 
7051 113 2 
7051 113 2 
7051 132 1 
7051 132 1 
7051 132 1 
7051 132 1 
7051 132 1 
7051 135 1 
7051 135 1 
7051 135 1 
7051 135 1 
7051 135 1 
7051 138 1 
7051 138 1 
7051 138 1 
7051 138 1 
7051 138 1 
7051 142 1 
7051 142 1 
7051 142 1 
7051 142 1 
7051 142 1 
7051 143 1 
7051 143 1 
7051 143 1 
7051 143 1 
7051 143 1 
7051 144 1 
7051 144 1 
7051 144 1 
7051 144 1 
7051 144 1 
7051 146 1 
7051 146 1 
7051 146 1 
7051 146 1 
7051 146 1 
7051 151 1 
7051 151 1 
7051 151 1 
7051 151 1 
7051 151 1 
7051 156 1 
7051 156 1 
7051 156 1 
7051 156 1 
7051 156 1 
7051 156 1 
7051 156 1 
7051 156 1 
7051 167 1 
7051 167 1 
7051 167 1 
7051 167 1 
7051 167 1 
7051 167 1 
7051 167 1 
7051 167 1 
7051 167 1 
7051 167 1 
7051 167 1 
7051 167 1 
7051 167 1 
7051 167 1 
7051 167 1 
7051 167 1 
7051 167 1 
7051 167 1 
7051 167 1 
7051 167 1 
7051 167 1 
7051 167 1 
7051 167 1 
7051 167 1 
7051 167 1 
7051 185 1 
7051 192 1 
7051 192 1 
7051 192 1 
7051 192 1 
7051 192 1 
7051 196 1 
7051 196 1 
7051 196 1 
7051 196 1 
7051 196 1 
7051 199 1 
7051 199 1 
7051 199 1 
7051 207 1 
7051 207 1 
7051 207 1 
7051 207 1 
7051 207 1 
7051 208 1 
7051 208 1 
7051 208 1 
7051 208 1 
7051 208 1 
7051 208 1 
7051 208 1 
7051 208 1 
7051 208 1 
7051 208 1 
7051 208 1 
7051 208 1 
7051 208 1 
7051 208 1 
7051 208 1 
7051 208 1 
7051 208 1 
7051 208 1 
7051 208 1 
7051 208 1 
7051 208 1 
7051 208 1 
7051 208 1 
7051 208 1 
7051 208 1 
7051 208 1 
7051 208 1 
7051 208 1 
7051 208 1 
7051 208 1 
7051 212 1 
7051 212 1 
7051 212 1 
7051 212 1 
7051 212 1 
7051 220 1 
7051 234 1 
7051 237 1 
7051 238 1 
7051 240 1 
7051 241 1 
7051 242 1 
7051 255 1 
7051 255 1 
7051 255 1 
7051 255 1 
7051 268 1 
7051 275 1 
7051 275 1 
7051 275 1 
7051 275 1 
7051 294 3 
7051 309 1 
7051 330 1 
7051 330 1 
7051 333 1 
7051 336 1 
7051 336 1 
7051 336 1 
7051 336 1 
7051 336 1 
7051 336 1 
7051 336 1 
7051 336 1 
7051 336 1 
7051 336 1 
7051 336 1 
7051 336 1 
7051 336 1 
7051 336 1 
7051 336 1 
7051 336 1 
7051 336 1 
7051 336 1 
7051 336 1 
7051 336 1 
7051 336 1 
7051 336 1 
7051 336 1 
7051 336 1 
7051 336 1 
7051 336 1 
7051 336 1 
7051 336 1 
7051 336 1 
7051 336 1 
7051 336 1 
7051 336 1 
7051 336 1 
7051 336 1 
7051 336 1 
7051 336 1 
7051 336 1 
7051 338 3 
7051 338 1 
7051 340 1 
7051 340 1 
7051 341 1 
7051 343 1 
7051 345 1 
7051 353 1 
7051 353 1 
7051 354 1 
7051 355 1 
7051 356 1 
7052 113 1 
7053 199 1 
7054 336 1 
7055 299 1 
7055 331 1 
7056 243 1 
7057 113 1 
7057 113 1 
7057 113 1 
7057 113 1 
7058 128 1 
7058 337 1 
7059 354 1 
7059 354 1 
7060 199 1 
7061 111 2 
7062 284 1 
7063 293 1 
7063 293 1 
7064 128 1 
7064 128 1 
7064 128 1 
7064 128 1 
7064 128 1 
7065 113 1 
7065 113 1 
7065 228 1 
7066 350 1 
7067 350 1 
7068 113 1 
7069 306 1 
7070 28 1 
7070 340 1 
7070 340 1 
7070 354 1 
7071 44 1 
7071 336 1 
7072 70 1 
7072 124 1 
7073 205 3 
7074 321 1 
7075 113 1 
7075 113 1 
7075 113 1 
7075 113 1 
7075 340 1 
7075 350 1 
7076 350 1 
7077 1 1 
7077 13 1 
7077 34 1 
7077 34 1 
7077 61 1 
7077 111 1 
7077 113 1 
7077 113 1 
7077 189 1 
7077 263 1 
7077 336 1 
7077 336 1 
7077 336 1 
7077 350 1 
7077 350 1 
7078 350 1 
7079 11 1 
7080 25 1 
7080 281 1 
7080 281 1 
7080 281 1 
7080 281 1 
7080 281 1 
7080 281 1 
7080 281 1 
7080 281 1 
7080 281 1 
7080 281 1 
7080 281 1 
7080 281 1 
7080 281 1 
7080 281 1 
7080 281 1 
7080 281 1 
7080 281 1 
7080 281 1 
7080 281 1 
7080 281 1 
7080 281 1 
7080 281 1 
7080 281 1 
7080 281 1 
7080 281 1 
7080 281 1 
7080 281 3 
7080 281 1 
7080 281 1 
7080 281 1 
7080 281 1 
7080 287 1 
7080 287 1 
7080 287 1 
7080 287 1 
7080 287 1 
7080 287 1 
7080 287 1 
7080 287 1 
7080 287 1 
7080 287 1 
7080 287 1 
7080 330 1 
7080 333 1 
7080 341 1 
7080 343 1 
7080 345 1 
7080 353 1 
7080 354 1 
7080 355 1 
7080 356 1 
7081 124 1 
7082 128 1 
7083 25 1 
7083 27 2 
7083 128 1 
7083 128 1 
7083 228 1 
7083 299 1 
7083 330 1 
7083 333 1 
7083 338 1 
7083 341 1 
7083 343 1 
7083 345 1 
7083 353 1 
7083 354 1 
7083 355 1 
7083 356 1 
7084 48 1 
7084 336 1 
7085 338 1 
7085 338 1 
7086 113 1 
7087 353 3 
7087 353 1 
7087 353 1 
7088 2 1 
7088 2 1 
7088 9 1 
7088 80 1 
7089 350 1 
7090 306 1 
7091 7 1 
7092 113 1 
7092 192 1 
7093 111 1 
7094 113 1 
7094 113 1 
7095 334 1 
7096 199 1 
7097 305 1 
7097 308 1 
7097 340 1 
7097 340 1 
7097 340 1 
7097 340 1 
7097 340 1 
7098 199 1 
7099 7 1 
7100 112 1 
7100 121 1 
7100 121 1 
7100 121 1 
7100 166 1 
7100 204 1 
7100 228 1 
7100 336 1 
7100 336 1 
7100 336 1 
7100 336 1 
7100 336 1 
7100 336 1 
7101 10 1 
7101 20 1 
7101 30 1 
7101 84 1 
7101 85 1 
7101 91 1 
7101 93 1 
7101 103 1 
7101 103 1 
7101 113 1 
7101 173 3 
7101 190 1 
7101 199 1 
7101 208 1 
7101 228 1 
7101 228 1 
7101 231 1 
7101 231 1 
7101 243 1 
7101 279 1 
7101 279 1 
7101 279 1 
7101 279 1 
7101 288 1 
7101 292 1 
7101 299 1 
7101 299 1 
7101 299 1 
7101 299 1 
7101 305 1 
7101 307 1 
7101 309 1 
7101 310 1 
7101 311 1 
7101 312 1 
7101 332 1 
7101 339 1 
7101 339 1 
7101 350 1 
7101 350 1 
7101 350 1 
7101 350 1 
7101 350 1 
7101 350 1 
7101 354 1 
7101 354 1 
7101 354 1 
7102 188 1 
7103 16 1 
7103 16 1 
7104 113 1 
7104 113 1 
7105 285 1 
7106 111 2 
7106 113 1 
7106 128 1 
7106 128 1 
7106 128 1 
7106 128 1 
7106 128 1 
7106 128 2 
7106 128 2 
7106 128 2 
7106 128 2 
7106 128 1 
7106 128 1 
7106 163 1 
7106 227 2 
7106 281 1 
7106 287 1 
7106 312 1 
7106 329 1 
7107 350 1 
7108 1 2 
7108 61 2 
7108 299 1 
7108 336 1 
7108 336 1 
7108 336 1 
7108 336 1 
7108 336 1 
7108 336 1 
7108 336 1 
7109 16 1 
7110 124 1 
7111 113 1 
7112 3 1 
7112 28 1 
7112 355 1 
7113 124 1 
7113 124 1 
7114 7 1 
7114 205 3 
7115 5 1 
7115 113 1 
7115 113 1 
7115 281 1 
7115 305 1 
7116 8 1 
7116 8 1 
7116 8 2 
7116 8 1 
7116 8 1 
7116 8 1 
7116 8 1 
7116 8 1 
7116 8 1 
7116 8 1 
7116 8 1 
7117 113 1 
7118 3 1 
7118 7 1 
7118 28 1 
7118 32 1 
7118 83 1 
7118 83 1 
7118 109 1 
7118 112 1 
7118 139 1 
7118 139 1 
7118 166 1 
7118 166 1 
7118 166 1 
7118 224 3 
7118 224 2 
7118 224 3 
7118 259 1 
7118 259 1 
7118 302 1 
7118 355 1 
7118 355 1 
7119 164 2 
7119 164 1 
7119 164 1 
7119 166 1 
7119 166 1 
7119 173 1 
7119 173 1 
7119 228 1 
7120 255 1 
7121 113 1 
7122 299 1 
7123 350 1 
