8241 87 1 
8241 88 1 
8241 90 1 
8241 214 1 
8242 54 1 
8242 54 1 
8243 217 1 
8244 156 1 
8245 252 1 
8246 161 1 
8247 354 1 
8248 1 2 
8248 61 2 
8248 128 1 
8248 128 1 
8249 1 1 
8249 1 1 
8249 1 1 
8249 16 1 
8249 17 1 
8249 19 1 
8249 61 1 
8249 61 1 
8249 61 1 
8249 192 1 
8249 196 1 
8249 207 1 
8250 38 1 
8250 38 1 
8250 38 1 
8251 295 1 
8252 252 1 
8253 162 1 
8253 295 1 
8254 346 1 
8255 262 1 
8256 1 2 
8256 9 2 
8256 10 2 
8256 10 2 
8256 61 2 
8256 80 2 
8256 85 2 
8256 85 2 
8256 86 2 
8256 86 2 
8256 86 2 
8256 91 2 
8256 91 2 
8256 91 2 
8256 121 1 
8257 1 2 
8257 4 1 
8257 28 1 
8257 30 1 
8257 61 2 
8257 83 1 
8257 106 1 
8257 191 3 
8257 197 3 
8257 202 3 
8257 206 3 
8257 227 1 
8257 255 1 
8257 308 1 
8257 308 1 
8257 312 1 
8257 313 1 
8258 228 1 
8259 38 1 
8260 286 1 
8261 188 1 
8261 235 1 
8261 295 1 
8262 38 1 
8262 156 1 
8262 279 1 
8262 299 1 
8263 346 1 
8264 156 1 
8264 180 1 
8264 295 1 
8264 295 1 
8265 103 1 
8266 173 2 
8267 321 1 
8267 321 1 
8268 113 1 
8268 113 1 
8269 48 1 
8269 111 1 
8270 299 1 
8271 199 1 
8271 199 1 
8271 199 1 
8271 199 1 
8272 27 3 
8272 30 1 
8272 106 1 
8272 227 1 
8272 312 1 
8272 336 1 
8272 338 1 
8272 338 1 
8272 338 1 
8272 338 1 
8272 338 1 
8272 338 1 
8272 338 1 
8272 338 1 
8273 124 1 
8273 124 1 
8274 113 1 
8275 293 1 
8276 38 1 
8277 335 1 
8278 228 1 
8278 228 1 
8279 113 1 
8280 1 2 
8280 9 1 
8280 20 2 
8280 20 2 
8280 61 2 
8280 80 1 
8280 110 1 
8280 110 1 
8280 110 1 
8280 208 2 
8280 208 2 
8280 255 1 
8280 263 1 
8280 265 1 
8280 271 1 
8281 94 1 
8281 98 1 
8281 98 1 
8281 124 1 
8281 124 3 
8281 163 1 
8281 163 1 
8281 163 1 
8281 163 1 
8281 163 1 
8281 163 1 
8281 163 1 
8281 163 1 
8281 163 1 
8281 163 1 
8281 163 1 
8281 163 1 
8281 163 1 
8281 163 1 
8281 163 1 
8281 209 1 
8281 210 1 
8281 219 1 
8281 254 1 
8281 254 1 
8281 257 1 
8281 259 1 
8281 260 1 
8281 261 1 
8281 263 1 
8281 265 1 
8281 269 1 
8281 276 1 
8281 280 1 
8281 280 1 
8281 313 1 
8281 328 1 
8281 331 1 
8281 331 1 
8281 336 1 
8281 350 1 
8282 124 1 
8282 173 1 
8282 217 1 
8282 298 1 
8282 350 1 
8283 105 1 
8283 105 1 
8283 105 1 
8283 105 1 
8283 105 1 
8283 105 1 
8283 199 1 
8284 44 1 
8285 336 1 
8285 336 1 
8285 336 1 
8285 336 1 
8285 336 1 
8286 11 1 
8286 125 1 
8286 281 1 
8287 354 1 
8287 354 1 
8288 22 1 
8289 8 1 
8289 14 1 
8289 103 1 
8289 113 1 
8289 128 1 
8289 128 1 
8289 128 1 
8289 128 1 
8289 128 1 
8289 221 1 
8289 279 1 
8289 288 1 
8289 299 1 
8289 332 1 
8289 334 1 
8289 335 1 
8289 335 1 
8289 335 1 
8289 336 1 
8289 336 1 
8289 338 1 
8289 338 1 
8289 338 1 
8289 338 1 
8289 338 1 
8290 128 1 
8290 290 1 
8291 350 1 
8292 113 1 
8293 7 1 
8294 299 1 
8295 105 1 
8296 164 1 
8297 103 1 
8298 8 1 
8299 18 1 
8299 139 1 
8299 152 1 
8299 153 1 
8299 154 1 
8299 155 1 
8299 157 1 
8299 160 1 
8299 161 1 
8299 164 1 
8299 166 1 
8299 169 1 
8299 170 1 
8299 171 1 
8299 172 1 
8299 173 1 
8299 176 1 
8299 178 1 
8299 179 1 
8299 180 1 
8299 181 1 
8299 182 1 
8299 183 1 
8299 184 1 
8299 188 1 
8299 189 1 
8299 190 1 
8299 198 1 
8299 199 1 
8299 200 1 
8299 201 1 
8299 203 1 
8299 204 1 
8299 213 1 
8299 216 1 
8299 217 1 
8299 227 1 
8299 235 1 
8299 236 1 
8299 252 1 
8299 262 1 
8299 267 1 
8299 274 1 
8299 278 1 
8299 286 1 
8299 295 1 
8299 297 1 
8299 300 1 
8299 302 1 
8299 326 1 
8299 346 1 
8299 348 1 
8300 8 1 
8300 8 1 
8300 28 1 
8300 113 1 
8300 113 1 
8300 113 1 
8300 113 1 
8300 113 1 
8300 113 1 
8300 113 1 
8300 128 1 
8300 128 1 
8300 128 1 
8300 128 1 
8300 160 1 
8300 173 1 
8300 173 1 
8300 271 1 
8300 279 1 
8300 283 1 
8300 283 1 
8300 284 1 
8300 284 1 
8300 284 1 
8300 288 1 
8300 290 1 
8300 294 1 
8300 294 1 
8300 298 1 
8300 298 1 
8300 305 1 
8300 306 1 
8300 306 1 
8300 306 1 
8300 308 1 
8300 312 1 
8300 321 1 
8300 321 1 
8300 334 1 
8300 334 1 
8300 335 1 
8300 335 1 
8300 338 1 
8300 340 1 
8300 340 1 
8300 352 1 
8300 354 1 
8301 199 1 
8301 199 3 
8302 30 1 
8302 109 1 
8302 109 1 
8302 112 1 
8302 173 1 
8303 189 1 
8303 355 1 
8304 299 1 
8304 350 1 
8305 259 1 
8306 338 1 
8307 43 1 
8307 44 1 
8307 133 1 
8307 136 1 
8307 330 1 
8308 199 1 
8309 113 1 
8309 113 1 
8310 173 1 
8311 103 1 
8312 281 1 
8313 279 1 
8313 332 1 
8314 111 1 
8315 113 1 
8316 3 1 
8316 3 1 
8316 4 1 
8316 4 1 
8316 4 1 
8316 4 1 
8316 4 1 
8316 4 1 
8316 4 1 
8316 4 1 
8316 4 1 
8316 4 1 
8316 4 1 
8316 5 1 
8316 5 1 
8316 5 1 
8316 5 1 
8316 5 1 
8316 7 1 
8316 7 1 
8316 7 1 
8316 7 1 
8316 7 1 
8316 7 1 
8316 8 1 
8316 8 1 
8316 8 1 
8316 8 1 
8316 8 1 
8316 15 1 
8316 54 1 
8316 54 1 
8316 103 1 
8316 113 1 
8316 113 1 
8316 113 1 
8316 113 1 
8316 113 1 
8316 113 1 
8316 113 1 
8316 113 1 
8316 113 1 
8316 113 1 
8316 113 1 
8316 113 1 
8316 113 1 
8316 113 1 
8316 113 1 
8316 113 1 
8316 113 1 
8316 113 1 
8316 113 1 
8316 124 1 
8316 124 1 
8316 124 1 
8316 124 1 
8316 124 1 
8316 124 1 
8316 124 1 
8316 128 1 
8316 128 1 
8316 128 1 
8316 128 1 
8316 128 1 
8316 128 1 
8316 128 1 
8316 128 1 
8316 173 1 
8316 173 1 
8316 254 1 
8316 279 1 
8316 281 1 
8316 284 1 
8316 284 1 
8316 293 1 
8316 293 1 
8316 299 1 
8316 299 1 
8316 299 1 
8316 299 1 
8316 299 1 
8316 305 1 
8316 334 1 
8316 334 1 
8316 335 1 
8316 338 1 
8316 338 1 
8316 338 1 
8316 350 1 
8316 350 1 
8316 350 1 
8316 350 1 
8316 350 1 
8316 350 1 
8316 350 1 
8316 352 1 
8316 354 1 
8317 12 1 
8317 15 1 
8317 15 1 
8317 15 1 
8317 21 1 
8317 44 1 
8317 95 1 
8317 96 1 
8317 98 1 
8317 100 1 
8317 102 1 
8317 115 1 
8317 117 1 
8317 118 1 
8317 163 1 
8317 186 1 
8317 186 1 
8317 191 1 
8317 194 1 
8317 197 1 
8317 202 1 
8317 205 1 
8317 206 1 
8317 209 1 
8317 210 1 
8317 218 1 
8317 219 1 
8317 220 1 
8317 221 1 
8317 222 1 
8317 223 1 
8317 224 1 
8317 225 1 
8317 226 1 
8317 232 1 
8317 233 1 
8317 245 1 
8317 246 1 
8317 247 1 
8317 248 1 
8317 249 1 
8317 250 1 
8317 294 1 
8317 333 1 
8317 333 3 
8317 333 3 
8317 343 3 
8317 343 1 
8317 345 3 
8317 345 1 
8317 345 1 
8318 350 1 
8319 321 1 
8320 139 1 
8321 113 1 
8321 128 1 
8321 299 1 
8321 350 1 
8321 350 1 
8321 354 1 
8322 24 1 
8322 124 1 
8322 256 1 
8322 258 1 
8322 264 1 
8322 272 1 
8322 273 1 
8322 275 1 
8322 279 1 
8322 282 1 
8322 283 1 
8322 285 1 
8322 289 1 
8322 291 1 
8322 293 1 
8322 299 1 
8322 304 1 
8322 305 1 
8322 306 1 
8322 307 1 
8322 308 1 
8322 309 1 
8322 310 1 
8322 311 1 
8322 312 1 
8322 313 1 
8322 314 1 
8322 315 1 
8322 316 1 
8322 317 1 
8322 318 1 
8322 319 1 
8322 320 1 
8322 321 1 
8322 322 1 
8322 323 1 
8322 324 1 
8322 325 1 
8322 327 1 
8322 328 1 
8322 331 1 
8322 332 1 
8322 334 1 
8322 335 1 
8322 336 1 
8322 337 1 
8322 338 1 
8322 339 1 
8322 340 1 
8322 342 1 
8322 350 1 
8322 351 1 
8322 352 1 
8323 294 1 
8324 113 1 
8325 28 1 
8325 28 1 
8325 139 1 
8325 166 1 
8325 189 1 
8326 164 1 
8327 321 1 
8328 54 1 
8328 54 1 
8328 54 1 
8328 54 1 
8328 353 1 
8328 353 1 
8328 353 3 
8328 353 1 
8328 353 3 
8329 185 1 
8330 12 1 
8330 24 3 
8330 24 1 
8330 24 3 
8330 30 1 
8330 70 1 
8330 217 1 
8330 218 1 
8330 221 1 
8330 256 3 
8330 256 1 
8330 258 1 
8330 258 3 
8330 264 3 
8330 264 1 
8330 272 1 
8330 273 1 
8330 273 1 
8330 273 1 
8330 275 1 
8330 275 1 
8330 275 1 
8330 279 1 
8330 279 1 
8330 282 1 
8330 282 1 
8330 283 1 
8330 283 1 
8330 285 1 
8330 285 1 
8330 289 1 
8330 289 1 
8330 291 1 
8330 291 1 
8330 293 1 
8330 293 1 
8330 299 1 
8330 299 1 
8330 304 1 
8330 304 1 
8330 304 1 
8330 305 1 
8330 305 1 
8330 305 1 
8330 306 1 
8330 306 1 
8330 306 1 
8330 307 1 
8330 307 1 
8330 307 1 
8330 307 1 
8330 307 1 
8330 308 1 
8330 308 1 
8330 309 1 
8330 309 1 
8330 310 1 
8330 310 1 
8330 311 1 
8330 311 1 
8330 312 1 
8330 312 1 
8330 312 1 
8330 312 1 
8330 313 1 
8330 313 1 
8330 314 1 
8330 315 1 
8330 316 1 
8330 317 1 
8330 318 1 
8330 319 1 
8330 320 1 
8330 321 1 
8330 321 1 
8330 321 1 
8330 321 1 
8330 322 1 
8330 322 1 
8330 322 1 
8330 322 1 
8330 323 1 
8330 324 1 
8330 325 1 
8330 327 1 
8330 327 1 
8330 327 1 
8330 327 1 
8330 327 1 
8330 328 1 
8330 328 1 
8330 331 1 
8330 331 1 
8330 331 1 
8330 331 1 
8330 331 1 
8330 332 1 
8330 332 1 
8330 332 1 
8330 332 1 
8330 334 1 
8330 334 1 
8330 334 1 
8330 335 1 
8330 335 1 
8330 335 1 
8330 336 1 
8330 336 1 
8330 336 1 
8330 336 1 
8330 336 1 
8330 336 1 
8330 336 1 
8330 336 1 
8330 336 1 
8330 337 1 
8330 337 1 
8330 337 1 
8330 338 1 
8330 338 1 
8330 338 1 
8330 339 1 
8330 339 1 
8330 339 1 
8330 339 1 
8330 340 1 
8330 340 1 
8330 340 1 
8330 342 1 
8330 342 1 
8330 342 1 
8330 342 1 
8330 342 1 
8330 342 1 
8330 344 2 
8330 350 1 
8330 350 1 
8330 351 1 
8330 351 1 
8330 351 1 
8330 352 1 
8330 352 1 
8330 352 1 
8330 352 1 
8331 28 1 
8331 137 1 
8331 354 1 
8332 299 1 
8332 299 1 
8332 299 1 
8332 354 1 
8333 160 1 
8333 340 1 
8334 164 1 
8335 3 1 
8335 28 1 
8335 128 1 
8335 166 1 
8335 166 1 
8335 173 1 
8335 173 1 
8335 173 1 
8335 228 1 
8335 283 1 
8335 284 1 
8335 293 1 
8335 306 1 
8335 307 1 
8335 332 1 
8335 355 1 
8336 1 2 
8336 9 2 
8336 10 2 
8336 10 2 
8336 61 2 
8336 80 2 
8336 85 2 
8336 85 2 
8336 86 2 
8336 86 2 
8336 86 2 
8336 91 2 
8336 91 2 
8337 16 1 
8337 289 1 
8337 299 1 
8338 283 1 
8339 259 1 
8340 304 1 
8340 305 1 
8341 299 1 
8341 299 1 
8342 91 2 
8343 48 1 
8343 89 1 
8344 5 1 
8344 7 1 
8344 7 1 
8344 8 1 
8344 18 1 
8344 25 1 
8344 28 1 
8344 38 3 
8344 38 3 
8344 38 1 
8344 38 2 
8344 70 1 
8344 113 1 
8344 113 1 
8344 113 1 
8344 113 1 
8344 113 1 
8344 113 1 
8344 113 1 
8344 113 1 
8344 113 2 
8344 113 1 
8344 113 1 
8344 281 1 
8344 282 1 
8344 282 1 
8344 330 1 
8344 333 1 
8344 336 1 
8344 336 1 
8344 341 1 
8344 343 1 
8344 345 1 
8344 353 1 
8344 354 1 
8344 354 1 
8344 354 1 
8344 354 1 
8344 354 1 
8344 354 1 
8344 354 1 
8344 354 1 
8344 354 1 
8344 354 1 
8344 354 1 
8344 354 1 
8344 355 1 
8344 355 1 
8344 355 1 
8344 355 1 
8344 356 1 
8345 128 1 
8346 305 1 
8346 305 1 
8347 128 1 
8348 1 1 
8348 61 1 
8349 340 1 
8350 185 1 
8351 124 1 
8351 124 1 
8352 221 1 
8352 340 1 
8352 340 1 
8353 305 1 
8354 228 1 
8354 312 1 
8354 350 1 
8354 350 1 
8355 350 1 
8356 111 1 
8356 111 1 
8356 111 1 
8356 342 1 
8356 342 3 
8357 26 2 
8357 26 3 
8357 29 3 
8357 29 2 
8357 33 3 
8357 33 2 
8357 36 3 
8357 36 2 
8357 40 3 
8357 40 2 
8357 47 2 
8357 47 3 
8357 51 3 
8357 51 2 
8357 53 3 
8357 53 2 
8357 55 3 
8357 55 2 
8357 56 2 
8357 56 3 
8357 60 2 
8357 60 3 
8357 63 3 
8357 63 2 
8357 64 3 
8357 64 2 
8358 128 1 
8358 338 1 
8358 340 1 
8359 8 1 
8359 28 1 
8359 28 1 
8359 93 2 
8359 109 1 
8359 113 1 
8359 113 1 
8359 113 1 
8359 113 1 
8359 113 1 
8359 124 1 
8359 124 1 
8359 124 1 
8359 124 1 
8359 139 1 
8359 166 1 
8359 166 1 
8359 176 1 
8359 176 1 
8359 176 1 
8359 188 1 
8359 189 1 
8359 228 1 
8359 228 1 
8359 228 1 
8359 228 1 
8359 228 1 
8359 228 1 
8359 251 1 
8359 251 3 
8359 251 1 
8359 251 1 
8359 251 1 
8359 251 1 
8359 253 1 
8359 253 1 
8359 282 1 
8359 282 1 
8359 282 1 
8359 322 1 
8359 322 1 
8359 322 1 
8359 322 1 
8359 351 1 
8359 355 1 
8360 7 1 
8360 28 1 
8360 83 1 
8360 166 1 
8360 173 1 
8360 212 1 
8361 16 1 
8361 16 1 
8361 16 1 
8361 16 1 
8361 16 1 
8361 16 1 
8361 17 1 
8361 17 1 
8361 17 1 
8361 17 1 
8361 17 1 
8361 17 1 
8361 19 1 
8361 19 1 
8361 19 1 
8361 19 1 
8361 19 1 
8361 19 1 
8361 19 1 
8361 19 1 
8361 22 1 
8361 22 1 
8361 22 1 
8361 22 1 
8361 22 1 
8361 24 1 
8361 28 1 
8361 38 1 
8361 38 1 
8361 38 1 
8361 38 1 
8361 38 1 
8361 38 1 
8361 38 1 
8361 38 1 
8361 38 1 
8361 38 1 
8361 44 1 
8361 54 1 
8361 105 1 
8361 105 1 
8361 105 1 
8361 105 1 
8361 105 1 
8361 105 1 
8361 105 1 
8361 105 1 
8361 105 1 
8361 105 1 
8361 105 1 
8361 105 1 
8361 105 1 
8361 105 1 
8361 105 1 
8361 105 1 
8361 128 1 
8361 128 1 
8361 128 1 
8361 128 1 
8361 132 1 
8361 132 1 
8361 132 1 
8361 132 1 
8361 132 1 
8361 132 1 
8361 135 1 
8361 135 1 
8361 135 1 
8361 135 1 
8361 135 1 
8361 135 1 
8361 138 1 
8361 138 1 
8361 138 1 
8361 138 1 
8361 138 1 
8361 138 1 
8361 142 1 
8361 142 1 
8361 142 1 
8361 142 1 
8361 142 1 
8361 142 1 
8361 143 1 
8361 143 1 
8361 143 1 
8361 143 1 
8361 143 1 
8361 143 1 
8361 144 1 
8361 144 1 
8361 144 1 
8361 144 1 
8361 144 1 
8361 144 1 
8361 146 1 
8361 146 1 
8361 146 1 
8361 146 1 
8361 146 1 
8361 146 1 
8361 151 1 
8361 151 1 
8361 151 1 
8361 151 1 
8361 151 1 
8361 151 1 
8361 156 1 
8361 156 1 
8361 156 1 
8361 156 1 
8361 156 1 
8361 156 1 
8361 166 1 
8361 167 1 
8361 167 1 
8361 167 1 
8361 167 1 
8361 167 1 
8361 167 1 
8361 173 1 
8361 173 1 
8361 173 1 
8361 181 1 
8361 185 1 
8361 185 1 
8361 185 1 
8361 185 1 
8361 185 1 
8361 185 1 
8361 185 1 
8361 185 1 
8361 185 1 
8361 185 1 
8361 185 1 
8361 185 1 
8361 185 1 
8361 185 1 
8361 185 1 
8361 185 1 
8361 185 1 
8361 185 1 
8361 185 1 
8361 185 1 
8361 185 1 
8361 185 1 
8361 185 1 
8361 185 1 
8361 185 1 
8361 189 1 
8361 189 1 
8361 192 1 
8361 192 1 
8361 192 1 
8361 192 1 
8361 192 1 
8361 192 1 
8361 196 1 
8361 196 1 
8361 196 1 
8361 196 1 
8361 196 1 
8361 196 1 
8361 199 1 
8361 199 1 
8361 199 1 
8361 199 1 
8361 199 1 
8361 199 1 
8361 199 1 
8361 199 1 
8361 199 1 
8361 199 1 
8361 199 1 
8361 199 1 
8361 199 1 
8361 199 1 
8361 199 1 
8361 207 1 
8361 207 1 
8361 207 1 
8361 207 1 
8361 207 1 
8361 207 1 
8361 211 1 
8361 211 1 
8361 211 1 
8361 211 1 
8361 211 1 
8361 211 1 
8361 211 1 
8361 211 1 
8361 211 1 
8361 211 1 
8361 211 1 
8361 211 1 
8361 212 1 
8361 212 1 
8361 212 1 
8361 212 1 
8361 212 1 
8361 212 1 
8361 218 1 
8361 256 1 
8361 258 1 
8361 264 1 
8361 272 1 
8361 273 1 
8361 275 1 
8361 279 1 
8361 282 1 
8361 283 1 
8361 285 1 
8361 289 1 
8361 291 1 
8361 293 1 
8361 299 1 
8361 299 1 
8361 304 1 
8361 305 1 
8361 306 1 
8361 307 1 
8361 308 1 
8361 309 1 
8361 310 1 
8361 311 1 
8361 312 1 
8361 313 1 
8361 314 1 
8361 315 1 
8361 316 1 
8361 317 1 
8361 318 1 
8361 319 1 
8361 320 1 
8361 321 1 
8361 322 1 
8361 323 1 
8361 324 1 
8361 325 1 
8361 327 1 
8361 328 1 
8361 331 1 
8361 332 1 
8361 334 1 
8361 335 1 
8361 336 1 
8361 337 1 
8361 338 1 
8361 339 1 
8361 340 1 
8361 342 1 
8361 350 1 
8361 351 1 
8361 352 1 
8362 113 1 
8362 113 1 
8362 113 1 
8362 113 1 
8362 350 1 
8363 212 1 
8364 128 1 
8364 243 1 
8364 293 1 
8364 299 1 
8364 332 1 
8364 332 1 
8365 243 1 
8365 305 1 
8365 306 1 
8365 308 1 
8365 351 1 
8366 199 1 
8366 199 1 
8367 121 1 
8368 28 1 
8369 45 1 
8370 113 1 
8370 299 1 
8371 97 1 
8371 344 1 
8372 100 3 
8372 100 3 
8372 100 1 
8372 128 1 
8372 292 1 
8372 329 1 
8372 340 1 
8372 350 1 
8373 111 2 
8374 113 1 
8375 54 1 
8376 103 1 
8376 103 1 
8376 113 1 
8376 128 1 
8376 283 1 
8377 25 1 
8377 25 1 
8377 25 1 
8377 330 1 
8377 330 1 
8377 330 1 
8377 333 1 
8377 333 1 
8377 333 1 
8377 341 1 
8377 341 1 
8377 341 1 
8377 343 1 
8377 343 1 
8377 343 1 
8377 345 1 
8377 345 1 
8377 345 1 
8377 353 1 
8377 353 1 
8377 353 1 
8377 354 1 
8377 354 1 
8377 354 1 
8377 355 1 
8377 355 1 
8377 355 1 
8377 355 1 
8377 356 1 
8377 356 1 
8377 356 1 
8378 354 1 
8379 212 1 
8380 11 1 
8381 270 1 
8382 218 1 
8382 280 1 
8383 113 1 
8384 11 1 
8384 11 1 
8384 292 1 
8384 334 1 
8384 335 1 
8385 25 1 
8385 25 1 
8385 341 1 
8385 341 1 
8385 354 1 
8385 355 1 
8386 7 1 
8386 113 1 
8386 282 1 
8386 322 1 
8386 340 1 
8386 340 1 
8386 354 1 
8386 354 1 
8387 217 1 
8388 1 2 
8388 7 1 
8388 8 1 
8388 8 1 
8388 8 1 
8388 18 1 
8388 22 1 
8388 28 1 
8388 61 2 
8388 83 1 
8388 93 2 
8388 108 1 
8388 113 1 
8388 121 1 
8388 139 1 
8388 139 1 
8388 139 1 
8388 166 1 
8388 173 1 
8388 173 1 
8388 181 1 
8388 189 1 
8388 189 1 
8388 190 1 
8388 192 1 
8388 192 1 
8388 204 1 
8388 231 1 
8389 97 1 
8389 97 1 
8389 344 1 
8389 344 1 
8390 113 1 
8390 113 1 
8390 113 1 
8390 281 1 
8390 284 1 
8390 309 1 
8390 312 1 
8390 335 1 
8390 335 1 
8391 124 1 
8391 289 1 
8392 199 1 
8393 350 1 
8393 350 1 
8393 350 1 
8393 350 1 
8393 350 1 
8394 124 1 
8395 83 1 
8396 8 1 
8396 11 1 
8396 111 1 
8396 111 1 
8396 124 1 
8396 124 1 
8396 124 1 
8396 124 1 
8396 222 1 
8396 231 1 
8396 260 1 
8396 269 1 
8396 288 1 
8396 309 1 
8396 312 1 
8396 331 1 
8396 334 1 
8396 355 1 
8397 338 1 
8398 243 1 
8399 83 1 
8400 259 1 
8401 124 1 
8401 299 1 
8401 299 1 
8402 5 1 
8402 5 1 
8402 5 1 
8402 54 1 
8402 54 1 
8402 70 1 
8402 103 1 
8402 124 1 
8402 124 1 
8402 124 1 
8402 124 1 
8402 124 1 
8403 299 1 
8404 305 1 
8405 113 1 
8405 113 1 
8406 110 2 
8406 110 2 
8406 110 1 
8406 110 2 
8406 124 1 
8406 124 1 
8406 124 1 
8406 251 1 
8406 271 1 
8406 299 1 
8407 350 1 
8408 111 1 
8409 185 1 
8410 28 1 
8410 28 1 
8410 75 1 
8410 75 1 
8410 75 1 
8410 75 1 
8410 75 1 
8410 110 2 
8410 112 1 
8410 112 1 
8410 112 1 
8410 112 1 
8410 229 1 
8410 229 1 
8410 230 1 
8410 230 1 
8410 231 1 
8410 234 1 
8410 238 1 
8410 243 3 
8410 243 1 
8410 243 1 
8410 243 1 
8410 243 1 
8410 243 1 
8410 350 1 
8410 351 1 
8410 351 1 
8411 217 1 
8412 1 1 
8412 20 1 
8412 24 1 
8412 28 1 
8412 30 1 
8412 48 1 
8412 61 1 
8412 70 1 
8412 208 1 
8412 243 1 
8412 256 1 
8412 258 1 
8412 264 1 
8412 272 1 
8412 273 1 
8412 275 1 
8412 279 1 
8412 282 1 
8412 283 1 
8412 285 1 
8412 289 1 
8412 291 1 
8412 293 1 
8412 299 1 
8412 304 1 
8412 305 1 
8412 306 1 
8412 307 1 
8412 308 1 
8412 309 1 
8412 309 1 
8412 310 1 
8412 311 1 
8412 311 1 
8412 311 1 
8412 311 1 
8412 312 1 
8412 313 1 
8412 314 1 
8412 315 1 
8412 316 1 
8412 317 1 
8412 318 1 
8412 319 1 
8412 320 1 
8412 321 1 
8412 322 1 
8412 323 1 
8412 324 1 
8412 325 1 
8412 327 1 
8412 328 1 
8412 331 1 
8412 332 1 
8412 334 1 
8412 335 1 
8412 336 1 
8412 337 1 
8412 338 1 
8412 339 1 
8412 340 1 
8412 342 1 
8412 350 1 
8412 351 1 
8412 352 1 
8413 299 1 
8414 308 1 
8414 340 1 
8414 340 1 
8414 340 1 
8415 350 1 
8416 285 1 
8417 306 1 
8417 350 1 
8417 350 1 
8418 124 1 
8419 1 2 
8419 1 2 
8419 1 2 
8419 1 2 
8419 1 2 
8419 1 2 
8419 1 2 
8419 1 2 
8419 48 1 
8419 61 2 
8419 61 2 
8419 61 2 
8419 61 2 
8419 61 2 
8419 61 2 
8419 61 2 
8419 61 2 
8419 220 1 
8419 275 1 
8419 275 1 
8419 275 1 
8419 275 1 
8419 294 3 
8419 302 1 
8419 316 3 
8419 317 3 
8420 8 1 
8420 190 1 
8420 192 1 
8420 254 1 
8420 328 1 
8420 328 1 
8421 124 1 
8422 113 1 
8422 289 1 
8423 305 1 
8423 340 1 
8423 352 1 
8424 8 1 
8424 8 1 
8424 8 2 
8425 67 1 
8426 350 1 
8427 210 1 
8428 203 3 
8428 217 1 
8428 217 1 
8428 217 1 
8428 217 1 
8428 217 1 
8428 299 1 
8428 299 1 
8428 350 1 
8429 228 1 
8429 284 1 
8429 331 1 
8429 331 1 
8430 350 1 
8431 207 1 
8431 207 1 
8432 124 1 
8432 124 1 
8433 340 1 
8433 340 1 
8434 8 1 
8435 350 1 
8436 354 1 
8437 25 1 
8437 279 1 
8437 330 1 
8437 333 1 
8437 341 1 
8437 343 1 
8437 345 1 
8437 353 1 
8437 354 1 
8437 355 1 
8437 356 1 
8438 113 1 
8438 113 1 
8439 17 1 
8439 75 1 
8439 75 1 
8439 110 2 
8439 251 1 
8439 292 1 
8439 321 1 
8439 321 1 
8439 321 1 
8439 351 1 
8440 38 1 
8441 1 2 
8441 1 2 
8441 8 3 
8441 8 1 
8441 10 2 
8441 10 1 
8441 10 3 
8441 10 1 
8441 23 1 
8441 27 2 
8441 38 2 
8441 38 1 
8441 41 3 
8441 41 1 
8441 61 2 
8441 61 2 
8441 75 1 
8441 85 1 
8441 85 1 
8441 85 2 
8441 86 2 
8441 86 1 
8441 86 1 
8441 91 1 
8441 91 1 
8441 93 1 
8441 93 1 
8441 228 3 
8441 229 3 
8441 229 1 
8441 230 3 
8441 230 1 
8441 231 3 
8441 231 1 
8441 234 3 
8441 234 1 
8441 238 1 
8441 238 3 
8441 243 1 
8441 243 3 
8441 244 3 
8441 244 1 
8441 251 3 
8441 251 1 
8441 253 3 
8441 253 1 
8441 254 3 
8441 254 1 
8441 260 1 
8441 260 3 
8441 269 1 
8441 269 3 
8441 302 1 
8441 302 1 
8441 332 1 
8441 332 1 
8441 332 1 
8442 308 1 
8442 312 1 
8442 313 1 
8443 231 1 
8444 336 1 
8444 336 1 
8445 48 1 
8446 5 1 
8446 35 1 
8446 54 1 
8446 54 1 
8446 54 1 
8446 54 1 
8446 54 1 
8446 54 1 
8446 54 1 
8446 77 1 
8446 77 1 
8446 77 1 
8446 77 1 
8446 77 1 
8446 90 1 
8446 94 1 
8446 124 1 
8446 124 1 
8446 124 1 
8446 124 1 
8446 124 1 
8446 155 2 
8446 155 1 
8446 155 1 
8446 163 1 
8446 163 1 
8446 163 1 
8446 163 1 
8446 163 1 
8446 163 1 
8446 163 1 
8446 163 1 
8446 163 1 
8446 163 1 
8446 163 1 
8446 163 1 
8446 163 1 
8446 163 1 
8446 199 1 
8446 209 1 
8446 210 1 
8446 219 1 
8446 254 1 
8446 254 1 
8446 259 1 
8446 260 1 
8446 261 1 
8446 269 1 
8446 276 1 
8446 293 1 
8446 313 1 
8447 222 1 
8448 12 1 
8448 21 1 
8448 95 1 
8448 96 1 
8448 98 1 
8448 100 1 
8448 102 1 
8448 115 1 
8448 117 1 
8448 118 1 
8448 163 1 
8448 191 1 
8448 194 1 
8448 197 1 
8448 202 1 
8448 205 1 
8448 206 1 
8448 209 1 
8448 210 1 
8448 218 1 
8448 219 1 
8448 220 1 
8448 221 1 
8448 222 1 
8448 223 1 
8448 224 1 
8448 225 1 
8448 226 1 
8448 231 1 
8448 232 1 
8448 233 1 
8448 237 1 
8448 240 1 
8448 241 1 
8448 242 1 
8448 245 1 
8448 246 1 
8448 247 1 
8448 248 1 
8448 249 1 
8448 250 1 
8448 253 1 
8448 253 1 
8448 268 1 
8448 271 1 
8448 271 1 
8448 271 1 
8448 294 1 
8448 336 1 
8448 336 1 
8449 307 1 
8450 270 1 
8451 221 1 
8452 222 1 
8453 124 1 
8454 338 1 
8455 305 1 
8456 290 1 
8457 336 1 
8458 113 1 
8458 113 1 
8458 113 1 
8458 113 1 
8458 113 1 
8458 113 1 
8458 113 1 
8458 340 1 
8458 350 1 
8459 8 1 
8459 8 1 
8459 28 1 
8459 113 1 
8459 228 1 
8459 228 1 
8460 83 1 
8461 219 1 
8461 281 1 
8461 287 1 
8462 285 1 
8463 11 1 
8463 11 1 
8464 299 1 
8464 329 1 
8464 329 3 
8464 329 2 
8464 329 1 
8464 350 1 
8464 350 1 
8465 98 1 
8465 163 1 
8465 219 1 
8466 32 1 
8466 83 1 
8466 83 1 
8466 124 1 
8466 173 1 
8466 173 1 
8466 181 1 
8466 228 1 
8466 228 1 
8466 228 1 
8466 228 1 
8466 228 1 
8466 228 1 
8466 282 1 
8466 311 1 
8466 311 1 
8466 311 1 
8466 311 1 
8467 38 1 
8468 7 1 
8468 8 1 
8468 8 2 
8468 83 1 
8468 128 1 
8468 128 1 
8468 128 1 
8468 128 1 
8468 166 1 
8468 173 1 
8468 228 1 
8468 234 1 
8468 238 1 
8468 283 1 
8468 283 1 
8468 291 1 
8468 298 1 
8468 306 1 
8468 306 1 
8468 306 1 
8468 321 1 
8468 334 1 
8468 337 1 
8468 338 1 
8468 338 1 
8468 338 1 
8468 355 1 
8469 54 1 
8469 54 1 
8470 284 1 
8470 290 1 
8470 290 1 
8470 299 1 
8470 350 1 
8470 350 1 
8470 350 1 
8471 334 1 
8471 337 1 
8471 338 1 
8472 251 3 
8473 28 1 
8473 30 1 
8473 38 2 
8473 113 1 
8473 124 1 
8473 124 1 
8473 204 1 
8473 350 1 
8473 350 1 
8473 350 1 
8473 350 1 
8473 350 1 
8473 350 1 
8474 54 1 
8475 103 1 
8475 103 2 
8476 13 1 
8476 113 1 
8476 173 1 
8476 217 1 
8476 299 1 
8476 350 1 
8476 350 1 
8476 350 1 
8476 350 1 
8477 44 1 
8478 124 1 
8478 299 1 
8479 163 1 
8480 70 1 
8481 70 1 
8482 67 1 
8483 299 1 
8484 70 1 
8485 70 1 
8486 70 1 
8487 54 1 
8487 173 1 
8488 5 1 
8488 5 1 
8488 5 1 
8489 113 1 
8489 113 1 
8490 350 1 
8491 305 1 
8492 128 1 
8492 128 1 
8493 124 1 
8493 350 1 
8494 16 1 
8494 16 1 
8495 113 1 
8495 113 1 
8495 340 1 
8495 340 1 
8495 340 1 
8496 350 1 
8497 354 1 
8498 339 1 
8499 7 1 
8499 34 1 
8499 139 1 
8499 229 1 
8499 230 1 
8499 299 1 
8499 299 1 
8499 299 1 
8499 336 1 
8499 336 1 
8499 336 1 
8500 8 1 
8500 108 1 
8500 309 1 
8501 108 1 
8502 340 1 
8503 128 1 
8503 128 1 
8503 128 1 
8503 128 2 
8503 128 1 
8504 8 1 
8504 28 1 
8504 28 1 
8504 83 1 
8504 103 2 
8504 107 1 
8504 108 1 
8504 108 1 
8504 108 1 
8504 111 1 
8504 111 1 
8504 111 2 
8504 111 1 
8504 111 1 
8504 113 1 
8504 114 3 
8504 124 1 
8504 128 1 
8504 128 1 
8504 128 1 
8504 128 1 
8504 128 1 
8504 128 1 
8504 128 1 
8504 128 1 
8504 128 1 
8504 128 1 
8504 157 3 
8504 163 3 
8504 163 1 
8504 188 1 
8504 212 2 
8504 219 1 
8504 244 1 
8504 255 1 
8504 259 1 
8504 259 1 
8504 259 1 
8504 259 1 
8504 261 1 
8504 263 1 
8504 265 1 
8504 265 1 
8504 265 1 
8504 270 1 
8504 270 1 
8504 276 1 
8504 282 1 
8504 283 1 
8504 283 1 
8504 284 1 
8504 284 1 
8504 288 1 
8504 292 1 
8504 299 1 
8504 299 1 
8504 299 1 
8504 299 1 
8504 307 1 
8504 312 1 
8504 328 1 
8504 328 1 
8504 331 1 
8504 331 1 
8504 334 1 
8504 334 1 
8504 334 1 
8504 334 1 
8504 334 1 
8504 335 1 
8504 335 1 
8504 335 1 
8504 335 1 
8504 335 1 
8504 337 1 
8504 338 1 
8504 338 1 
8504 338 1 
8504 338 1 
8504 338 1 
8504 339 1 
8504 350 1 
8504 350 1 
8505 113 1 
8505 113 1 
8505 113 1 
8505 113 1 
8505 228 1 
8506 108 1 
8507 321 1 
8507 354 1 
8507 354 1 
8508 166 1 
8509 152 1 
8510 299 1 
8510 299 1 
8511 128 1 
8511 128 1 
8511 128 1 
8511 128 1 
8511 128 1 
8511 128 1 
8511 128 1 
8511 128 1 
8511 128 1 
8511 128 1 
8511 128 1 
8511 128 1 
8511 128 1 
8511 128 1 
8511 128 1 
8511 128 1 
8511 128 1 
8511 128 1 
8511 128 1 
8511 128 1 
8511 128 1 
8511 128 1 
8511 128 1 
8511 128 1 
8511 128 1 
8511 128 1 
8512 3 1 
8512 3 1 
8512 3 1 
8512 3 1 
8512 305 1 
8512 340 1 
8513 28 1 
8514 162 1 
8515 285 1 
8516 350 1 
8517 350 1 
8517 351 1 
8518 38 1 
8519 219 1 
8519 219 1 
8520 124 1 
8520 124 1 
8520 124 1 
8520 124 1 
8520 124 1 
8521 350 1 
8522 307 1 
8522 340 1 
8523 28 1 
8523 113 1 
8523 113 1 
8523 113 1 
8523 113 1 
8523 139 1 
8523 139 1 
8523 139 1 
8523 139 1 
8523 139 1 
8523 139 1 
8523 139 1 
8523 155 2 
8523 160 2 
8523 160 1 
8523 160 1 
8523 160 1 
8523 160 1 
8523 160 1 
8523 164 1 
8523 164 1 
8523 164 1 
8523 164 1 
8523 164 1 
8523 164 1 
8523 173 1 
8523 173 1 
8523 173 1 
8523 173 1 
8523 173 1 
8523 173 1 
8523 173 1 
8523 173 1 
8523 173 1 
8523 173 1 
8523 173 1 
8523 173 1 
8523 173 1 
8523 173 1 
8523 173 1 
8523 173 1 
8523 173 1 
8523 173 1 
8523 173 1 
8523 173 1 
8523 173 1 
8523 173 1 
8523 173 1 
8523 173 1 
8523 173 1 
8523 173 1 
8523 173 1 
8523 173 1 
8523 173 1 
8523 173 1 
8523 173 1 
8523 173 1 
8523 173 1 
8523 173 1 
8523 173 1 
8523 173 1 
8523 173 1 
8523 173 1 
8523 173 1 
8523 173 1 
8523 173 1 
8523 173 1 
8523 173 1 
8523 173 1 
8523 173 1 
8523 173 1 
8523 173 1 
8523 176 1 
8523 176 1 
8523 176 1 
8523 181 1 
8523 181 1 
8523 181 1 
8523 181 1 
8523 181 1 
8523 181 1 
8523 181 1 
8523 181 1 
8523 181 1 
8523 181 1 
8523 188 1 
8523 302 1 
8523 302 1 
8523 336 1 
8523 336 1 
8524 44 1 
8524 160 1 
8524 321 1 
8524 321 1 
8524 336 1 
8525 7 1 
8526 299 1 
8527 4 1 
8527 25 1 
8527 28 1 
8527 28 1 
8527 48 1 
8527 113 1 
8527 128 1 
8527 217 1 
8527 285 1 
8527 289 1 
8527 293 1 
8527 293 1 
8527 293 1 
8527 293 1 
8527 293 3 
8527 299 1 
8527 299 1 
8527 307 1 
8527 307 1 
8527 330 1 
8527 333 1 
8527 340 1 
8527 341 1 
8527 343 1 
8527 345 1 
8527 352 1 
8527 353 1 
8527 354 1 
8527 355 1 
8527 356 1 
8528 350 1 
8529 281 1 
8529 299 1 
8530 228 1 
8531 15 1 
8531 103 1 
8531 183 1 
8531 322 1 
8531 327 1 
8531 331 1 
8532 75 1 
8532 83 1 
8533 28 1 
8533 93 2 
8533 113 1 
8533 124 1 
8533 299 1 
8534 350 1 
8535 299 1 
8535 340 1 
8536 28 1 
8536 108 1 
8536 289 1 
8536 307 1 
8537 111 1 
8537 111 1 
8537 254 1 
8537 254 1 
8537 254 1 
8538 335 1 
8538 336 1 
8538 338 1 
8538 338 1 
8538 338 1 
8538 338 1 
8538 338 1 
8538 338 1 
8539 13 1 
8540 54 1 
8540 54 1 
8540 54 1 
8540 54 1 
8540 336 1 
8540 336 1 
8541 25 1 
8541 330 1 
8541 333 1 
8541 341 1 
8541 343 1 
8541 345 1 
8541 353 1 
8541 354 1 
8541 355 1 
8541 356 1 
8542 217 1 
8543 128 1 
8543 128 1 
8544 234 1 
8544 238 1 
8544 243 1 
8544 243 1 
8544 243 1 
8544 243 1 
8544 243 1 
8544 265 1 
8544 303 1 
8544 332 1 
8544 332 1 
8544 332 1 
8544 336 1 
8544 336 1 
8544 350 1 
8544 352 1 
8545 111 1 
8545 124 1 
8545 124 1 
8545 124 1 
8546 350 1 
8547 7 1 
8547 7 1 
8547 7 1 
8547 7 1 
8547 124 1 
8547 299 1 
8547 303 1 
8547 332 1 
8548 199 1 
8549 251 1 
8549 251 1 
8549 251 1 
8549 254 1 
8549 254 1 
8549 327 1 
8550 199 1 
8551 299 1 
8551 340 1 
8552 28 1 
8552 299 1 
8552 351 1 
8552 351 1 
8552 351 1 
8552 351 1 
8552 351 1 
8552 351 1 
8552 355 1 
8553 128 1 
8553 128 1 
8553 128 1 
8553 128 1 
8553 128 1 
8553 128 1 
8553 128 1 
8553 128 1 
8554 12 1 
8554 21 1 
8554 95 1 
8554 96 1 
8554 98 1 
8554 100 1 
8554 102 1 
8554 115 1 
8554 117 1 
8554 118 1 
8554 163 1 
8554 191 1 
8554 194 1 
8554 197 1 
8554 202 1 
8554 205 1 
8554 206 1 
8554 209 1 
8554 210 1 
8554 218 1 
8554 219 1 
8554 220 1 
8554 221 1 
8554 222 1 
8554 223 1 
8554 224 1 
8554 225 1 
8554 226 1 
8554 232 1 
8554 233 1 
8554 245 1 
8554 246 1 
8554 247 1 
8554 248 1 
8554 249 1 
8554 250 1 
8554 294 1 
8555 160 1 
8555 350 1 
8555 354 1 
8555 354 1 
8556 28 1 
8556 75 1 
8556 83 1 
8556 243 1 
8557 334 1 
8557 337 1 
8558 113 1 
8559 58 1 
8559 173 1 
8559 233 3 
8559 233 2 
8559 233 3 
8560 1 2 
8560 20 2 
8560 61 2 
8560 208 2 
8561 340 1 
8562 299 1 
8563 321 1 
8563 321 1 
8564 113 1 
8564 113 2 
8564 270 1 
8564 305 1 
8564 340 1 
8564 340 1 
8564 340 1 
8565 121 1 
8565 340 1 
8566 128 2 
8566 128 1 
8567 17 1 
8567 44 1 
8567 75 1 
8567 75 1 
8567 271 1 
8567 299 1 
8567 336 1 
8568 306 1 
8569 231 1 
8570 299 1 
8571 67 1 
8571 354 1 
8572 32 1 
8573 160 1 
8574 48 1 
8575 211 1 
8576 299 1 
8576 299 1 
8577 124 1 
8577 124 1 
8578 113 1 
8578 113 1 
8578 113 1 
8578 270 1 
8579 34 1 
8579 340 1 
8580 28 1 
8580 299 1 
8581 30 1 
8581 30 1 
8581 70 1 
8581 93 1 
8581 93 1 
8581 93 1 
8581 93 1 
8581 111 1 
8581 111 1 
8581 113 1 
8581 334 1 
8581 337 1 
8582 336 1 
8583 3 1 
8583 30 1 
8583 70 1 
8583 124 1 
8583 209 1 
8583 217 1 
8583 217 1 
8583 221 1 
8583 279 1 
8583 279 1 
8583 279 1 
8583 279 1 
8583 279 1 
8583 280 1 
8583 283 1 
8583 283 1 
8583 283 1 
8583 283 1 
8583 283 1 
8583 283 1 
8583 283 1 
8583 283 1 
8583 283 1 
8583 283 3 
8583 283 3 
8583 287 1 
8583 287 1 
8583 312 1 
8583 355 1 
8584 22 1 
8584 97 1 
8584 97 1 
8584 97 1 
8584 97 1 
8584 97 1 
8584 97 1 
8584 97 1 
8585 354 1 
8586 299 1 
8587 124 1 
8587 124 3 
8588 124 1 
8588 124 1 
8588 124 1 
8588 124 1 
8588 124 1 
8588 124 1 
8588 124 1 
8588 124 1 
8588 124 1 
8588 124 1 
8588 124 1 
8588 124 1 
8588 124 1 
8588 124 1 
8588 124 1 
8588 124 1 
8588 124 1 
8588 124 1 
8588 124 1 
8588 124 1 
8588 335 1 
8588 335 1 
8589 8 1 
8590 229 1 
8590 230 1 
8590 234 1 
8590 238 1 
8591 4 1 
8591 8 1 
8591 228 1 
8591 292 1 
8591 292 1 
8591 293 1 
8592 299 1 
8592 299 1 
8592 299 1 
8593 3 1 
8593 7 1 
8593 28 1 
8593 113 1 
8593 336 1 
8593 336 1 
8593 336 1 
8593 336 1 
8593 336 1 
8593 350 1 
8594 12 1 
8595 124 1 
8595 124 1 
8595 350 1 
8596 28 1 
8596 128 1 
8596 128 1 
8596 128 1 
8596 166 1 
8596 310 1 
8596 310 1 
8596 310 1 
8596 313 1 
8596 313 1 
8596 313 1 
8596 313 1 
8596 313 1 
8596 313 1 
8596 313 1 
8596 313 1 
8596 332 1 
8596 332 1 
8596 332 1 
8596 332 1 
8596 332 1 
8596 332 1 
8596 332 1 
8596 332 1 
8596 332 1 
8596 332 1 
8596 337 1 
8596 338 1 
8596 338 1 
8596 338 1 
8596 338 1 
8596 338 1 
8597 242 3 
8597 242 1 
8597 242 3 
8597 268 3 
8597 268 3 
8597 268 1 
8597 338 1 
8597 338 1 
8597 338 1 
8598 111 2 
8599 7 1 
8600 34 1 
8600 34 3 
8600 294 1 
8601 3 1 
8601 7 1 
8601 28 1 
8601 32 1 
8601 83 1 
8601 83 1 
8602 243 1 
8602 294 1 
8602 307 1 
8602 351 1 
8603 199 1 
8604 124 1 
8605 160 2 
8605 160 1 
8605 160 1 
8605 160 1 
8605 160 1 
8605 160 1 
8606 228 1 
8607 228 1 
8607 287 1 
8607 305 1 
8607 331 1 
8608 97 1 
8609 70 1 
8610 3 1 
8610 7 1 
8610 28 1 
8610 32 1 
8610 83 1 
8610 83 1 
8611 336 1 
8612 163 1 
8613 163 1 
8613 163 1 
8614 124 1 
8615 54 1 
8615 70 1 
8616 70 1 
8617 133 1 
8617 136 1 
8618 25 1 
8618 282 1 
8618 299 1 
8618 299 1 
8618 299 1 
8618 299 1 
8618 299 1 
8618 330 1 
8618 333 1 
8618 341 1 
8618 343 1 
8618 345 1 
8618 353 1 
8618 354 1 
8618 355 1 
8618 356 1 
8619 124 1 
8619 124 1 
8620 113 1 
8620 113 1 
8620 113 1 
8620 113 1 
8620 113 1 
8621 299 1 
8621 350 1 
8621 350 1 
8622 128 1 
8622 196 3 
8622 196 1 
8622 196 1 
8623 305 1 
8623 306 1 
8623 306 1 
8624 17 1 
8625 38 1 
8626 305 1 
8627 128 1 
8628 113 1 
8629 2 3 
8629 10 1 
8629 20 1 
8629 21 3 
8629 24 1 
8629 24 1 
8629 24 1 
8629 24 1 
8629 24 3 
8629 44 3 
8629 57 1 
8629 66 3 
8629 85 1 
8629 86 2 
8629 91 1 
8629 91 2 
8629 91 2 
8629 93 1 
8629 95 3 
8629 100 3 
8629 102 3 
8629 115 3 
8629 117 3 
8629 118 3 
8629 124 3 
8629 160 1 
8629 208 1 
8629 220 3 
8629 237 3 
8629 240 3 
8629 241 3 
8629 242 3 
8629 256 1 
8629 256 1 
8629 256 1 
8629 256 3 
8629 256 1 
8629 258 1 
8629 258 1 
8629 258 1 
8629 258 3 
8629 258 1 
8629 264 3 
8629 264 1 
8629 264 1 
8629 264 1 
8629 264 1 
8629 268 3 
8629 272 1 
8629 272 1 
8629 272 1 
8629 272 1 
8629 273 1 
8629 273 1 
8629 273 1 
8629 273 1 
8629 275 1 
8629 275 1 
8629 275 1 
8629 275 1 
8629 279 1 
8629 279 1 
8629 279 1 
8629 279 1 
8629 282 1 
8629 282 1 
8629 282 1 
8629 282 1 
8629 283 1 
8629 283 1 
8629 283 1 
8629 283 1 
8629 285 1 
8629 285 1 
8629 285 1 
8629 285 1 
8629 289 1 
8629 289 1 
8629 289 1 
8629 289 1 
8629 291 1 
8629 291 1 
8629 291 1 
8629 291 1 
8629 293 1 
8629 293 1 
8629 293 1 
8629 293 1 
8629 299 1 
8629 299 1 
8629 299 1 
8629 299 1 
8629 304 1 
8629 304 1 
8629 304 1 
8629 304 1 
8629 305 1 
8629 305 1 
8629 305 1 
8629 305 1 
8629 306 1 
8629 306 1 
8629 306 1 
8629 306 1 
8629 307 1 
8629 307 1 
8629 307 1 
8629 307 1 
8629 308 1 
8629 308 1 
8629 308 1 
8629 308 1 
8629 309 1 
8629 309 1 
8629 309 1 
8629 309 1 
8629 310 1 
8629 310 1 
8629 310 1 
8629 310 1 
8629 311 1 
8629 311 1 
8629 311 1 
8629 311 1 
8629 312 1 
8629 312 1 
8629 312 1 
8629 312 1 
8629 313 1 
8629 313 1 
8629 313 1 
8629 313 1 
8629 314 1 
8629 314 1 
8629 314 1 
8629 314 1 
8629 315 1 
8629 315 1 
8629 315 1 
8629 315 1 
8629 316 1 
8629 316 1 
8629 316 1 
8629 316 1 
8629 317 1 
8629 317 1 
8629 317 1 
8629 317 1 
8629 318 1 
8629 318 1 
8629 318 1 
8629 318 1 
8629 319 1 
8629 319 1 
8629 319 1 
8629 319 1 
8629 320 1 
8629 320 1 
8629 320 1 
8629 320 1 
8629 321 1 
8629 321 1 
8629 321 1 
8629 321 1 
8629 322 1 
8629 322 1 
8629 322 1 
8629 322 1 
8629 323 1 
8629 323 1 
8629 323 1 
8629 323 1 
8629 324 1 
8629 324 1 
8629 324 1 
8629 324 1 
8629 325 1 
8629 325 1 
8629 325 1 
8629 325 1 
8629 327 1 
8629 327 1 
8629 327 1 
8629 327 1 
8629 328 1 
8629 328 1 
8629 328 1 
8629 328 1 
8629 331 1 
8629 331 1 
8629 331 1 
8629 331 1 
8629 332 1 
8629 332 1 
8629 332 1 
8629 332 1 
8629 334 1 
8629 334 1 
8629 334 1 
8629 334 1 
8629 335 1 
8629 335 1 
8629 335 1 
8629 335 1 
8629 336 1 
8629 336 1 
8629 336 1 
8629 336 1 
8629 337 1 
8629 337 1 
8629 337 1 
8629 337 1 
8629 338 1 
8629 338 1 
8629 338 1 
8629 338 1 
8629 339 1 
8629 339 1 
8629 339 1 
8629 339 1 
8629 340 1 
8629 340 1 
8629 340 1 
8629 340 1 
8629 342 1 
8629 342 1 
8629 342 1 
8629 342 1 
8629 350 1 
8629 350 1 
8629 350 1 
8629 350 1 
8629 351 1 
8629 351 1 
8629 351 1 
8629 351 1 
8629 352 1 
8629 352 1 
8629 352 1 
8629 352 1 
8630 30 1 
8630 336 1 
8631 113 1 
8632 7 1 
8632 28 1 
8632 279 1 
8632 340 1 
8633 350 1 
8633 350 1 
8633 350 1 
8633 350 1 
8634 11 1 
8634 13 1 
8634 112 1 
8634 113 1 
8634 113 1 
8634 113 1 
8634 173 1 
8634 173 1 
8634 217 1 
8634 217 1 
8634 217 1 
8634 282 1 
8634 306 1 
8634 311 1 
8634 351 1 
8635 67 1 
8636 2 1 
8636 66 1 
8636 228 1 
8636 229 1 
8636 230 1 
8636 231 1 
8636 234 1 
8636 238 1 
8636 243 1 
8636 244 1 
8636 251 1 
8636 253 1 
8636 254 1 
8637 4 1 
8637 288 1 
8637 299 1 
8637 334 1 
8637 340 1 
8637 340 1 
8637 340 1 
8638 1 2 
8638 10 2 
8638 61 2 
8638 85 2 
8638 232 3 
8638 232 2 
8638 293 1 
8638 350 1 
8638 350 1 
8639 11 1 
8640 113 1 
8641 113 1 
8642 113 1 
8643 113 1 
8643 113 1 
8643 113 1 
8643 128 1 
8643 282 1 
8643 340 1 
8643 352 1 
8643 352 1 
8644 306 1 
8645 354 1 
8645 354 1 
8646 307 1 
8646 307 1 
8647 340 1 
8648 3 1 
8648 109 1 
8648 128 1 
8648 128 1 
8648 128 1 
8648 243 1 
8648 303 1 
8648 308 1 
8648 312 1 
8648 312 1 
8649 13 1 
8649 305 1 
8650 83 1 
8650 113 1 
8650 113 1 
8650 113 2 
8650 340 1 
8651 282 1 
8652 155 1 
8653 28 1 
8654 5 1 
8654 124 1 
8654 128 1 
8654 166 2 
8654 311 1 
8654 331 1 
8654 350 1 
8654 350 1 
8654 350 1 
8654 350 1 
8655 7 1 
8656 67 1 
8657 15 1 
8657 15 1 
8657 299 1 
8657 332 1 
8658 354 1 
8659 305 1 
8660 155 1 
8661 3 1 
8661 8 1 
8661 8 1 
8661 8 1 
8661 8 1 
8661 8 1 
8661 110 2 
8661 110 2 
8661 113 1 
8661 113 1 
8661 124 1 
8661 128 2 
8661 128 1 
8661 128 1 
8661 128 1 
8661 128 1 
8661 128 1 
8661 166 1 
8661 251 1 
8661 254 1 
8661 287 1 
8661 290 1 
8661 298 1 
8661 298 1 
8661 306 1 
8661 309 1 
8661 310 1 
8661 311 1 
8661 312 1 
8661 313 1 
8661 331 1 
8661 334 1 
8661 335 1 
8661 336 1 
8661 337 1 
8661 337 1 
8661 337 1 
8661 338 1 
8661 338 1 
8661 338 1 
8661 338 1 
8661 338 1 
8661 338 1 
8661 338 1 
8661 338 1 
8661 338 1 
8661 338 1 
8661 338 1 
8661 338 1 
8661 338 1 
8661 338 1 
8661 338 1 
8661 338 1 
8661 340 1 
8661 340 1 
8661 352 1 
8661 352 1 
8662 190 1 
8663 111 1 
8663 111 1 
8663 303 1 
8663 303 1 
8663 303 2 
8663 303 3 
8664 160 1 
8665 113 1 
8666 254 1 
8666 299 1 
8666 338 1 
8666 339 1 
8666 342 1 
8667 13 1 
8668 285 1 
8669 350 1 
8670 113 1 
8671 354 1 
8671 354 1 
8671 354 1 
8671 354 1 
8672 67 1 
8673 128 1 
8673 128 1 
8673 128 1 
8673 307 1 
8673 310 1 
8673 313 3 
8673 328 1 
8674 105 1 
8674 105 1 
8674 105 1 
8674 105 1 
8674 105 1 
8675 97 2 
8675 186 1 
8675 344 2 
8676 2 1 
8676 8 1 
8676 8 1 
8676 66 1 
8676 228 1 
8676 228 1 
8676 229 1 
8676 229 1 
8676 230 1 
8676 230 1 
8676 231 1 
8676 231 1 
8676 234 1 
8676 234 1 
8676 238 1 
8676 238 1 
8676 243 1 
8676 243 1 
8676 244 1 
8676 244 1 
8676 251 1 
8676 251 1 
8676 253 1 
8676 253 1 
8676 254 1 
8676 254 1 
8677 7 1 
8678 218 1 
8678 281 1 
8678 281 1 
8678 287 1 
8678 331 1 
8679 8 1 
8679 108 1 
8679 111 1 
8680 350 1 
8681 110 1 
8682 11 1 
8682 110 1 
8683 28 1 
8683 113 1 
8684 128 1 
8684 281 1 
8684 308 1 
8684 339 1 
8684 350 1 
8684 350 1 
8685 1 1 
8685 1 1 
8685 1 1 
8685 1 2 
8685 4 1 
8685 9 1 
8685 9 1 
8685 9 1 
8685 10 1 
8685 10 1 
8685 10 1 
8685 10 1 
8685 30 1 
8685 30 1 
8685 36 3 
8685 61 1 
8685 61 2 
8685 61 1 
8685 61 1 
8685 65 3 
8685 66 1 
8685 70 1 
8685 80 1 
8685 80 1 
8685 80 1 
8685 82 1 
8685 85 1 
8685 85 1 
8685 85 1 
8685 85 1 
8685 86 1 
8685 86 1 
8685 86 1 
8685 86 1 
8685 91 1 
8685 93 1 
8685 93 1 
8685 124 1 
8685 124 1 
8685 124 1 
8685 124 1 
8685 124 1 
8685 209 1 
8685 280 1 
8685 281 1 
8685 336 1 
8685 336 1 
8685 336 1 
8685 336 1 
8685 336 1 
8685 336 1 
8685 336 1 
8685 336 1 
8686 199 1 
8687 110 1 
8688 110 1 
8689 11 1 
8689 110 1 
8690 11 1 
8690 11 1 
8690 11 1 
8691 11 1 
8692 254 1 
8692 254 1 
8693 11 1 
8693 254 1 
8694 11 1 
8694 11 1 
8695 199 1 
8696 10 1 
8696 85 1 
8697 10 1 
8697 10 1 
8697 10 1 
8697 10 1 
8697 10 1 
8697 16 1 
8697 20 1 
8697 20 1 
8697 20 1 
8697 85 1 
8697 85 1 
8697 85 1 
8697 85 1 
8697 85 1 
8697 91 1 
8697 91 1 
8697 91 1 
8697 91 1 
8697 91 1 
8697 91 1 
8697 91 1 
8697 91 1 
8697 124 1 
8697 124 1 
8697 124 1 
8697 124 1 
8697 187 1 
8697 187 1 
8697 187 1 
8697 187 1 
8697 187 1 
8697 187 1 
8697 193 1 
8697 193 1 
8697 193 1 
8697 193 1 
8697 193 1 
8697 193 1 
8697 208 1 
8697 208 1 
8697 208 1 
8697 239 1 
8697 239 1 
8697 307 1 
8698 19 1 
8698 20 1 
8698 20 1 
8698 20 1 
8698 20 1 
8698 20 1 
8698 124 1 
8698 124 1 
8698 187 1 
8698 193 1 
8698 208 1 
8698 208 1 
8698 208 1 
8698 208 1 
8698 208 1 
8698 213 1 
8698 213 1 
8698 213 1 
8698 213 1 
8698 278 1 
8698 302 1 
8699 10 1 
8699 10 1 
8699 12 1 
8699 20 1 
8699 20 1 
8699 20 1 
8699 20 1 
8699 85 1 
8699 85 1 
8699 124 1 
8699 187 1 
8699 187 1 
8699 187 1 
8699 193 1 
8699 193 1 
8699 193 1 
8699 208 1 
8699 208 1 
8699 208 1 
8699 208 1 
8699 213 1 
8699 239 1 
8699 267 1 
8699 328 1 
8700 17 1 
8700 20 1 
8700 91 1 
8700 91 1 
8700 91 1 
8700 91 1 
8700 91 1 
8700 91 1 
8700 91 1 
8700 91 1 
8700 91 1 
8700 91 1 
8700 91 1 
8700 91 1 
8700 91 1 
8700 124 1 
8700 124 1 
8700 124 1 
8700 124 1 
8700 124 1 
8700 148 1 
8700 187 1 
8700 187 1 
8700 187 1 
8700 187 1 
8700 187 1 
8700 187 1 
8700 193 1 
8700 193 1 
8700 193 1 
8700 193 1 
8700 193 1 
8700 193 1 
8700 208 1 
8700 213 1 
8700 327 1 
8701 20 1 
8701 91 1 
8701 91 1 
8701 91 1 
8701 91 1 
8701 91 1 
8701 91 1 
8701 91 1 
8701 91 1 
8701 91 1 
8701 124 1 
8701 124 1 
8701 124 1 
8701 124 1 
8701 124 1 
8701 124 1 
8701 124 1 
8701 124 1 
8701 175 1 
8701 187 1 
8701 187 1 
8701 187 1 
8701 187 1 
8701 187 1 
8701 187 1 
8701 187 1 
8701 193 1 
8701 193 1 
8701 193 1 
8701 193 1 
8701 193 1 
8701 193 1 
8701 193 1 
8701 208 1 
8701 213 1 
8701 239 1 
8701 239 1 
8702 124 1 
8703 20 1 
8703 124 1 
8703 175 1 
8703 187 1 
8703 193 1 
8703 208 1 
8704 10 1 
8704 20 1 
8704 20 1 
8704 20 1 
8704 85 1 
8704 124 1 
8704 124 1 
8704 175 1 
8704 187 1 
8704 187 1 
8704 192 1 
8704 193 1 
8704 193 1 
8704 208 1 
8704 208 1 
8704 208 1 
8704 213 1 
8704 213 1 
8704 302 1 
8705 187 1 
8705 187 1 
8705 187 1 
8705 187 1 
8705 187 1 
8705 187 1 
8705 187 1 
8705 187 1 
8705 193 1 
8705 193 1 
8705 193 1 
8705 193 1 
8705 193 1 
8705 193 1 
8705 193 1 
8705 193 1 
8705 239 1 
8705 239 1 
8705 312 1 
8705 313 1 
8705 352 1 
8706 11 1 
8706 94 1 
8706 175 1 
8706 175 1 
8706 175 1 
8706 187 1 
8706 187 1 
8706 187 1 
8706 187 1 
8706 193 1 
8706 193 1 
8706 193 1 
8706 193 1 
8706 218 1 
8706 239 1 
8706 239 1 
8706 239 1 
8706 277 1 
8706 301 1 
8707 210 1 
8707 311 1 
8708 14 1 
8708 175 1 
8708 187 1 
8708 193 1 
8708 213 1 
8708 219 1 
8708 239 1 
8708 301 1 
8709 92 1 
8709 103 1 
8710 20 1 
8710 124 1 
8710 187 1 
8710 193 1 
8710 208 1 
8710 209 1 
8710 239 1 
8710 239 1 
8710 308 1 
8710 310 1 
8711 20 1 
8711 20 1 
8711 207 1 
8711 208 1 
8711 208 1 
8711 309 1 
8712 20 1 
8712 20 1 
8712 20 1 
8712 187 1 
8712 187 1 
8712 193 1 
8712 193 1 
8712 208 1 
8712 208 1 
8712 208 1 
8712 213 1 
8712 239 1 
8712 277 1 
8712 302 1 
8713 10 1 
8713 20 1 
8713 20 1 
8713 20 1 
8713 85 1 
8713 159 1 
8713 187 1 
8713 187 1 
8713 193 1 
8713 193 1 
8713 196 1 
8713 208 1 
8713 208 1 
8713 208 1 
8713 213 1 
8713 213 1 
8713 213 1 
8713 213 1 
8713 239 1 
8713 277 1 
8713 332 1 
8714 28 1 
8714 113 1 
8715 239 1 
8715 301 1 
8715 301 1 
8715 301 1 
8716 10 1 
8716 85 1 
8716 187 1 
8716 193 1 
8716 277 1 
8717 187 1 
8717 193 1 
8717 277 1 
8717 331 1 
8717 336 1 
8718 187 1 
8718 193 1 
8718 239 1 
8718 277 1 
