8719 16 1 
8719 113 1 
8719 113 1 
8719 113 1 
8720 128 1 
8721 128 1 
8721 128 1 
8721 128 1 
8721 128 1 
8722 77 1 
8722 77 1 
8722 77 1 
8723 8 2 
8723 28 1 
8723 350 1 
8723 350 1 
8723 350 1 
8724 111 2 
8724 111 2 
8724 124 1 
8724 124 1 
8724 222 1 
8724 244 1 
8724 279 1 
8724 279 1 
8724 281 1 
8724 284 1 
8724 287 1 
8724 290 1 
8724 294 1 
8724 298 1 
8724 298 1 
8724 298 1 
8724 337 1 
8724 338 1 
8725 350 1 
8726 173 1 
8726 290 1 
8727 350 1 
8728 124 1 
8729 48 1 
8730 12 1 
8730 15 1 
8730 21 1 
8730 44 1 
8730 95 1 
8730 96 1 
8730 97 2 
8730 98 1 
8730 100 1 
8730 102 1 
8730 115 1 
8730 117 1 
8730 118 1 
8730 163 1 
8730 191 1 
8730 194 1 
8730 197 1 
8730 202 1 
8730 205 1 
8730 206 1 
8730 209 1 
8730 210 1 
8730 218 1 
8730 219 1 
8730 220 1 
8730 221 1 
8730 222 1 
8730 223 1 
8730 224 1 
8730 225 1 
8730 226 1 
8730 232 1 
8730 233 1 
8730 245 1 
8730 246 1 
8730 247 1 
8730 248 1 
8730 249 1 
8730 250 1 
8730 293 1 
8730 294 1 
8730 344 3 
8730 344 2 
8731 8 2 
8731 8 2 
8731 14 1 
8731 113 1 
8731 113 1 
8731 128 1 
8731 128 1 
8731 128 1 
8731 128 1 
8731 128 1 
8731 128 1 
8731 128 2 
8731 275 1 
8731 309 1 
8731 310 1 
8731 310 1 
8731 311 1 
8731 334 1 
8731 334 1 
8731 334 1 
8731 334 3 
8731 334 1 
8731 334 1 
8731 334 1 
8731 334 1 
8731 335 1 
8731 335 3 
8731 335 1 
8731 335 1 
8731 335 1 
8731 335 1 
8731 335 1 
8731 335 1 
8731 337 1 
8731 337 1 
8731 337 1 
8731 337 1 
8731 337 1 
8731 337 1 
8731 337 3 
8731 337 1 
8731 338 3 
8731 338 1 
8731 338 1 
8731 338 1 
8731 338 1 
8731 338 1 
8731 338 1 
8731 338 1 
8731 338 1 
8731 352 1 
8732 113 1 
8733 1 1 
8733 1 1 
8733 4 1 
8733 4 1 
8733 4 1 
8733 4 1 
8733 4 1 
8733 9 1 
8733 9 1 
8733 10 1 
8733 10 1 
8733 10 1 
8733 10 1 
8733 16 2 
8733 17 2 
8733 19 2 
8733 30 1 
8733 61 1 
8733 61 1 
8733 70 1 
8733 80 1 
8733 80 1 
8733 85 1 
8733 85 1 
8733 85 1 
8733 85 1 
8733 86 1 
8733 86 1 
8733 86 1 
8733 86 1 
8733 86 1 
8733 91 1 
8733 91 1 
8733 91 1 
8733 91 1 
8733 91 1 
8733 93 1 
8733 93 1 
8733 93 1 
8733 93 1 
8733 93 1 
8733 93 1 
8733 111 2 
8733 111 2 
8733 113 1 
8733 113 1 
8733 113 1 
8733 132 2 
8733 135 2 
8733 138 2 
8733 142 2 
8733 143 1 
8733 143 2 
8733 144 2 
8733 146 2 
8733 146 1 
8733 151 1 
8733 151 2 
8733 156 1 
8733 156 2 
8733 164 1 
8733 164 3 
8733 164 1 
8733 166 1 
8733 167 3 
8733 167 2 
8733 167 1 
8733 167 1 
8733 184 3 
8733 192 2 
8733 196 2 
8733 207 2 
8733 212 2 
8733 213 3 
8733 213 1 
8733 216 3 
8733 217 1 
8733 217 1 
8733 232 2 
8733 232 3 
8733 232 3 
8733 232 3 
8733 232 2 
8733 255 1 
8733 262 3 
8733 262 1 
8733 278 1 
8733 278 3 
8733 282 1 
8733 299 1 
8733 299 1 
8734 113 1 
8734 113 1 
8734 113 1 
8734 113 1 
8734 128 1 
8735 3 1 
8735 3 1 
8735 7 1 
8735 7 1 
8735 7 1 
8735 25 1 
8735 28 1 
8735 28 1 
8735 113 1 
8735 113 1 
8735 113 1 
8735 113 1 
8735 113 1 
8735 113 1 
8735 113 1 
8735 113 1 
8735 113 1 
8735 113 1 
8735 113 1 
8735 113 2 
8735 113 1 
8735 113 1 
8735 113 1 
8735 113 1 
8735 113 1 
8735 113 1 
8735 113 1 
8735 289 1 
8735 289 1 
8735 306 1 
8735 330 1 
8735 333 1 
8735 341 1 
8735 343 1 
8735 345 1 
8735 350 1 
8735 353 1 
8735 354 1 
8735 355 1 
8735 356 1 
8736 4 1 
8736 28 1 
8736 83 1 
8736 106 3 
8736 204 1 
8737 5 1 
8737 5 1 
8737 28 1 
8737 83 1 
8737 113 1 
8737 350 1 
8737 350 1 
8737 350 1 
8738 270 1 
8739 350 1 
8740 337 1 
8741 340 1 
8742 124 1 
8742 124 1 
8742 124 1 
8742 124 1 
8742 331 1 
8742 350 1 
8742 350 1 
8743 48 1 
8744 340 1 
8745 124 1 
8746 299 1 
8746 299 1 
8746 299 1 
8746 350 1 
8747 305 1 
8747 305 1 
8747 306 1 
8748 306 1 
8749 113 1 
8750 113 1 
8750 113 1 
8750 113 1 
8750 113 1 
8750 113 1 
8750 113 1 
8750 113 1 
8750 113 1 
8750 173 1 
8750 299 1 
8750 305 1 
8750 331 1 
8750 331 1 
8751 103 1 
8751 217 1 
8751 299 1 
8751 307 1 
8751 340 1 
8751 340 1 
8751 350 1 
8752 113 1 
8753 128 1 
8754 12 1 
8754 21 1 
8754 22 1 
8754 95 1 
8754 96 1 
8754 98 1 
8754 100 1 
8754 102 1 
8754 115 1 
8754 117 1 
8754 118 1 
8754 163 1 
8754 191 1 
8754 194 1 
8754 197 1 
8754 202 1 
8754 205 1 
8754 206 1 
8754 209 1 
8754 210 1 
8754 218 1 
8754 219 1 
8754 220 1 
8754 221 1 
8754 222 1 
8754 223 1 
8754 224 1 
8754 225 1 
8754 226 1 
8754 232 1 
8754 233 1 
8754 245 1 
8754 246 1 
8754 247 1 
8754 248 1 
8754 249 1 
8754 250 1 
8754 294 1 
8755 271 1 
8756 111 2 
8757 3 1 
8757 4 1 
8757 299 1 
8758 299 1 
8759 228 1 
8759 228 1 
8759 228 3 
8759 228 1 
8760 16 1 
8760 16 1 
8760 16 1 
8760 16 1 
8760 16 1 
8760 17 1 
8760 17 1 
8760 17 1 
8760 17 1 
8760 17 1 
8760 19 1 
8760 19 1 
8760 19 1 
8760 19 1 
8760 19 1 
8760 132 1 
8760 132 1 
8760 132 1 
8760 132 1 
8760 132 1 
8760 135 1 
8760 135 1 
8760 135 1 
8760 135 1 
8760 135 1 
8760 138 1 
8760 138 1 
8760 138 1 
8760 138 1 
8760 138 1 
8760 142 1 
8760 142 1 
8760 142 1 
8760 142 1 
8760 142 1 
8760 143 1 
8760 143 1 
8760 143 1 
8760 143 1 
8760 143 1 
8760 144 1 
8760 144 1 
8760 144 1 
8760 144 1 
8760 144 1 
8760 146 1 
8760 146 1 
8760 146 1 
8760 146 1 
8760 146 1 
8760 151 1 
8760 151 1 
8760 151 1 
8760 151 1 
8760 151 1 
8760 156 1 
8760 156 1 
8760 156 1 
8760 156 1 
8760 156 1 
8760 167 1 
8760 167 1 
8760 167 1 
8760 167 1 
8760 167 1 
8760 192 1 
8760 192 1 
8760 192 1 
8760 192 1 
8760 192 1 
8760 196 1 
8760 196 1 
8760 196 1 
8760 196 1 
8760 196 1 
8760 207 1 
8760 207 1 
8760 207 1 
8760 207 1 
8760 207 1 
8760 212 1 
8760 212 1 
8760 212 1 
8760 212 1 
8760 212 1 
8761 14 1 
8761 111 2 
8762 113 1 
8762 113 1 
8762 113 1 
8762 113 1 
8762 113 1 
8762 113 1 
8762 113 1 
8762 113 1 
8762 113 1 
8762 113 1 
8762 113 1 
8762 113 1 
8762 113 1 
8762 113 1 
8762 113 1 
8762 113 1 
8762 113 1 
8762 113 1 
8762 113 1 
8762 113 1 
8762 113 1 
8762 113 1 
8762 113 1 
8762 113 1 
8762 113 1 
8762 113 1 
8762 113 1 
8762 113 1 
8762 113 1 
8762 113 1 
8762 113 1 
8762 113 1 
8762 113 1 
8762 121 1 
8762 204 1 
8762 299 1 
8763 227 1 
8764 207 1 
8764 207 1 
8765 113 1 
8765 113 1 
8765 113 1 
8765 113 1 
8765 113 1 
8765 113 1 
8765 113 1 
8766 3 1 
8766 22 1 
8766 28 1 
8766 83 1 
8767 113 1 
8768 24 1 
8768 256 1 
8769 1 2 
8769 9 2 
8769 10 2 
8769 13 1 
8769 13 3 
8769 13 1 
8769 24 1 
8769 28 1 
8769 61 2 
8769 80 2 
8769 85 2 
8769 86 2 
8769 107 1 
8769 107 2 
8769 108 1 
8769 113 1 
8769 128 1 
8769 128 1 
8769 128 1 
8769 128 1 
8769 128 1 
8769 128 1 
8769 128 1 
8769 128 1 
8769 128 1 
8769 210 1 
8769 218 1 
8769 237 3 
8769 237 3 
8769 237 1 
8769 241 3 
8769 241 1 
8769 241 3 
8769 255 1 
8769 256 1 
8769 270 1 
8769 279 1 
8769 279 1 
8769 283 1 
8769 284 1 
8769 288 1 
8769 299 1 
8769 299 1 
8769 334 1 
8769 334 1 
8769 334 1 
8769 334 1 
8769 334 1 
8769 334 1 
8769 335 1 
8769 335 1 
8769 335 1 
8769 335 1 
8769 337 1 
8769 337 1 
8769 338 1 
8769 350 1 
8770 83 1 
8771 281 1 
8771 305 1 
8771 305 1 
8771 340 1 
8771 340 1 
8771 354 1 
8772 113 1 
8773 44 1 
8774 16 1 
8774 21 1 
8774 48 1 
8774 94 1 
8774 95 1 
8774 111 1 
8774 192 1 
8774 257 1 
8774 261 1 
8774 263 1 
8774 276 1 
8774 313 1 
8774 328 1 
8775 350 1 
8776 299 1 
8777 11 1 
8777 14 2 
8777 25 1 
8777 25 1 
8777 25 1 
8777 25 1 
8777 25 1 
8777 25 1 
8777 25 1 
8777 25 1 
8777 25 1 
8777 25 1 
8777 25 1 
8777 25 1 
8777 66 1 
8777 66 3 
8777 66 3 
8777 104 2 
8777 106 2 
8777 107 2 
8777 108 2 
8777 109 2 
8777 111 1 
8777 111 2 
8777 112 2 
8777 113 2 
8777 114 2 
8777 116 2 
8777 119 2 
8777 120 2 
8777 121 2 
8777 122 2 
8777 123 2 
8777 125 2 
8777 126 2 
8777 127 2 
8777 128 2 
8777 129 2 
8777 130 2 
8777 131 2 
8777 134 2 
8777 140 2 
8777 145 2 
8777 147 2 
8777 148 2 
8777 149 2 
8777 150 2 
8777 158 2 
8777 159 2 
8777 162 2 
8777 165 2 
8777 168 2 
8777 174 2 
8777 175 2 
8777 177 2 
8777 187 2 
8777 193 2 
8777 195 2 
8777 211 2 
8777 239 2 
8777 254 1 
8777 254 1 
8777 254 1 
8777 254 1 
8777 254 1 
8777 254 1 
8777 254 1 
8777 254 1 
8777 277 2 
8777 288 1 
8777 301 2 
8777 322 1 
8777 322 1 
8777 322 1 
8777 322 1 
8777 341 1 
8777 341 1 
8777 341 1 
8777 341 1 
8777 341 1 
8777 341 1 
8777 341 1 
8777 341 1 
8777 341 1 
8777 341 1 
8777 341 1 
8777 341 1 
8777 349 2 
8777 354 1 
8777 354 1 
8777 354 1 
8777 354 1 
8777 354 1 
8777 354 1 
8777 355 1 
8777 355 1 
8777 355 1 
8777 355 1 
8777 355 1 
8777 355 1 
8778 322 1 
8779 340 1 
8779 351 1 
8780 340 1 
8780 340 1 
8781 14 1 
8781 14 1 
8781 44 1 
8781 44 1 
8781 83 1 
8781 83 1 
8781 83 1 
8781 92 1 
8781 113 2 
8781 121 1 
8781 121 1 
8782 176 1 
8782 176 1 
8783 13 1 
8783 103 1 
8783 113 1 
8783 113 1 
8783 113 1 
8783 113 1 
8783 124 1 
8783 124 1 
8784 350 1 
8785 113 1 
8785 113 1 
8785 113 1 
8785 113 1 
8785 113 1 
8785 113 1 
8785 113 1 
8785 113 1 
8785 113 1 
8785 113 1 
8785 113 1 
8785 113 1 
8785 292 1 
8786 219 1 
8787 109 1 
8787 331 1 
8787 340 1 
8788 67 1 
8789 111 2 
8790 44 1 
8791 189 1 
8792 105 1 
8793 189 3 
8793 189 1 
8794 54 1 
8794 350 1 
8794 350 1 
8794 350 1 
8794 350 1 
8795 113 1 
8796 48 1 
8796 54 1 
8796 54 1 
8796 54 1 
8796 70 1 
8797 279 1 
8798 97 1 
8798 97 1 
8798 344 1 
8798 344 1 
8799 112 1 
8799 113 1 
8799 113 1 
8799 254 1 
8799 279 1 
8799 305 1 
8799 354 1 
8800 335 1 
8800 335 1 
8800 335 1 
8800 335 1 
8800 335 1 
8800 335 1 
8800 335 1 
8800 335 3 
8801 113 1 
8801 113 1 
8801 340 1 
8802 38 1 
8803 9 1 
8803 80 1 
8804 19 1 
8805 28 1 
8806 28 1 
8806 113 1 
8806 340 1 
8807 113 1 
8807 113 1 
8808 38 1 
8809 38 1 
8809 38 1 
8809 38 1 
8809 38 1 
8809 38 1 
8809 38 1 
8809 38 1 
8809 38 1 
8809 38 1 
8809 38 1 
8810 27 2 
8811 54 1 
8811 54 1 
8812 336 1 
8813 1 1 
8813 3 1 
8813 61 1 
8813 103 1 
8813 283 1 
8813 283 1 
8813 285 1 
8813 289 1 
8813 289 1 
8813 305 1 
8813 306 1 
8813 321 1 
8813 340 1 
8813 340 1 
8813 340 1 
8813 340 1 
8814 299 1 
8815 124 1 
8815 128 1 
8815 244 1 
8816 7 1 
8816 54 1 
8817 28 1 
8818 8 1 
8818 8 1 
8818 128 1 
8818 128 1 
8818 128 1 
8818 350 1 
8819 113 1 
8820 154 1 
8821 199 1 
8822 44 1 
8822 113 1 
8822 113 1 
8822 113 1 
8822 113 1 
8822 281 1 
8822 305 1 
8822 306 1 
8823 338 1 
8823 338 1 
8823 338 1 
8824 105 1 
8824 105 1 
8824 105 1 
8824 105 3 
8824 105 1 
8824 105 1 
8824 105 1 
8825 7 1 
8825 103 1 
8825 113 1 
8825 113 1 
8825 113 1 
8825 113 1 
8825 113 1 
8825 113 1 
8825 113 1 
8825 113 1 
8825 113 1 
8825 113 1 
8825 124 1 
8825 124 1 
8825 124 1 
8825 251 1 
8825 254 1 
8825 299 1 
8825 299 1 
8825 350 1 
8825 350 1 
8825 350 1 
8825 350 1 
8825 350 1 
8826 5 1 
8826 5 1 
8826 28 1 
8826 173 1 
8826 173 1 
8826 181 1 
8827 350 1 
8828 38 1 
8829 113 1 
8830 136 1 
8831 133 1 
8832 128 1 
8832 228 1 
8832 307 1 
8832 307 1 
8832 340 1 
8833 285 1 
8834 111 1 
8834 124 1 
8834 124 1 
8834 124 1 
8835 110 1 
8835 110 1 
8835 110 1 
8835 209 1 
8835 209 1 
8835 271 1 
8835 280 1 
8835 293 1 
8836 1 2 
8836 4 1 
8836 4 1 
8836 5 1 
8836 7 1 
8836 8 1 
8836 8 1 
8836 8 1 
8836 8 1 
8836 8 1 
8836 8 1 
8836 8 1 
8836 8 1 
8836 8 1 
8836 8 1 
8836 8 1 
8836 8 1 
8836 8 2 
8836 8 1 
8836 8 1 
8836 8 1 
8836 8 2 
8836 8 2 
8836 8 2 
8836 8 1 
8836 8 1 
8836 8 2 
8836 8 1 
8836 8 1 
8836 8 1 
8836 8 1 
8836 8 1 
8836 8 1 
8836 8 1 
8836 8 1 
8836 8 1 
8836 8 2 
8836 8 3 
8836 8 2 
8836 8 2 
8836 8 1 
8836 8 2 
8836 8 1 
8836 8 2 
8836 8 1 
8836 8 1 
8836 8 1 
8836 8 1 
8836 8 1 
8836 8 1 
8836 8 1 
8836 8 1 
8836 8 1 
8836 8 1 
8836 8 1 
8836 8 1 
8836 8 1 
8836 8 1 
8836 8 1 
8836 8 1 
8836 8 1 
8836 8 1 
8836 8 1 
8836 8 1 
8836 8 1 
8836 8 1 
8836 8 1 
8836 8 1 
8836 8 1 
8836 8 2 
8836 8 1 
8836 8 2 
8836 8 1 
8836 8 1 
8836 8 2 
8836 8 1 
8836 8 1 
8836 8 1 
8836 8 2 
8836 8 1 
8836 8 1 
8836 8 1 
8836 8 1 
8836 8 1 
8836 8 1 
8836 8 1 
8836 8 3 
8836 8 2 
8836 8 1 
8836 8 1 
8836 8 1 
8836 8 1 
8836 8 1 
8836 10 1 
8836 10 2 
8836 16 1 
8836 16 2 
8836 17 2 
8836 19 2 
8836 22 1 
8836 22 1 
8836 22 1 
8836 22 1 
8836 22 1 
8836 22 1 
8836 22 1 
8836 22 1 
8836 22 1 
8836 22 3 
8836 22 3 
8836 22 1 
8836 22 1 
8836 25 1 
8836 28 1 
8836 28 1 
8836 28 1 
8836 28 1 
8836 28 1 
8836 30 1 
8836 30 1 
8836 39 3 
8836 54 1 
8836 54 1 
8836 61 2 
8836 66 1 
8836 70 1 
8836 75 1 
8836 75 1 
8836 75 1 
8836 75 1 
8836 77 2 
8836 77 1 
8836 77 3 
8836 77 1 
8836 78 3 
8836 82 1 
8836 83 1 
8836 83 1 
8836 83 1 
8836 85 2 
8836 85 1 
8836 86 1 
8836 86 2 
8836 86 1 
8836 91 1 
8836 91 1 
8836 91 2 
8836 93 2 
8836 93 2 
8836 93 1 
8836 93 1 
8836 93 1 
8836 93 2 
8836 93 1 
8836 99 3 
8836 99 1 
8836 99 1 
8836 103 1 
8836 103 1 
8836 106 1 
8836 108 1 
8836 108 1 
8836 108 1 
8836 108 1 
8836 108 1 
8836 108 1 
8836 108 1 
8836 108 1 
8836 110 2 
8836 110 2 
8836 110 2 
8836 110 2 
8836 110 2 
8836 110 2 
8836 110 2 
8836 110 2 
8836 110 2 
8836 111 2 
8836 111 1 
8836 111 1 
8836 111 2 
8836 111 1 
8836 111 1 
8836 111 2 
8836 111 2 
8836 111 2 
8836 111 1 
8836 111 1 
8836 111 1 
8836 111 1 
8836 111 1 
8836 113 1 
8836 113 1 
8836 124 1 
8836 125 1 
8836 125 3 
8836 132 2 
8836 135 2 
8836 138 2 
8836 141 3 
8836 141 1 
8836 142 2 
8836 143 2 
8836 144 2 
8836 146 2 
8836 151 2 
8836 156 3 
8836 156 1 
8836 156 2 
8836 166 1 
8836 167 2 
8836 171 1 
8836 171 3 
8836 173 1 
8836 173 1 
8836 173 1 
8836 178 3 
8836 178 1 
8836 184 1 
8836 189 1 
8836 192 2 
8836 192 1 
8836 196 2 
8836 207 2 
8836 212 2 
8836 227 1 
8836 228 1 
8836 228 1 
8836 228 3 
8836 228 1 
8836 228 1 
8836 229 1 
8836 229 3 
8836 229 1 
8836 229 1 
8836 229 1 
8836 230 1 
8836 230 1 
8836 230 1 
8836 230 1 
8836 230 3 
8836 231 1 
8836 231 1 
8836 231 1 
8836 231 3 
8836 231 1 
8836 231 1 
8836 231 1 
8836 231 1 
8836 231 1 
8836 231 1 
8836 231 3 
8836 231 1 
8836 234 1 
8836 234 1 
8836 234 1 
8836 234 3 
8836 234 1 
8836 234 1 
8836 234 1 
8836 234 1 
8836 234 1 
8836 234 1 
8836 238 3 
8836 238 1 
8836 238 3 
8836 238 1 
8836 238 1 
8836 238 1 
8836 238 1 
8836 238 1 
8836 238 1 
8836 238 1 
8836 238 1 
8836 243 1 
8836 243 1 
8836 243 1 
8836 243 1 
8836 243 3 
8836 243 1 
8836 243 1 
8836 243 1 
8836 243 1 
8836 243 1 
8836 243 1 
8836 243 1 
8836 243 1 
8836 244 1 
8836 244 1 
8836 244 1 
8836 244 1 
8836 244 1 
8836 244 1 
8836 244 3 
8836 244 1 
8836 244 1 
8836 251 1 
8836 251 1 
8836 251 1 
8836 251 3 
8836 251 1 
8836 251 1 
8836 251 1 
8836 251 1 
8836 251 1 
8836 251 3 
8836 251 1 
8836 251 1 
8836 253 1 
8836 253 1 
8836 253 1 
8836 253 1 
8836 253 1 
8836 253 1 
8836 253 1 
8836 253 3 
8836 253 1 
8836 254 1 
8836 254 1 
8836 254 1 
8836 254 1 
8836 254 1 
8836 254 3 
8836 254 1 
8836 254 1 
8836 254 1 
8836 254 1 
8836 254 1 
8836 254 1 
8836 271 1 
8836 277 3 
8836 280 1 
8836 296 3 
8836 296 1 
8836 307 1 
8836 311 1 
8836 330 1 
8836 331 1 
8836 331 1 
8836 331 1 
8836 333 1 
8836 336 1 
8836 336 1 
8836 336 1 
8836 336 1 
8836 336 1 
8836 336 1 
8836 336 1 
8836 336 1 
8836 336 1 
8836 341 1 
8836 343 1 
8836 345 1 
8836 347 3 
8836 347 1 
8836 350 1 
8836 350 1 
8836 350 1 
8836 350 1 
8836 353 1 
8836 354 1 
8836 355 1 
8836 355 1 
8836 356 1 
8837 113 1 
8838 266 1 
8839 299 1 
8840 4 1 
8840 128 1 
8840 217 1 
8840 217 1 
8840 284 1 
8840 284 1 
8840 284 1 
8840 284 1 
8840 284 1 
8840 291 1 
8840 305 1 
8840 305 1 
8840 335 1 
8840 355 1 
8841 113 1 
8841 113 1 
8841 299 1 
8841 299 1 
8842 113 1 
8842 113 1 
8842 113 1 
8842 113 1 
8842 113 2 
8842 113 1 
8842 113 1 
8842 113 1 
8842 340 1 
8843 185 1 
8844 306 1 
8845 103 1 
8845 281 1 
8845 354 1 
8846 224 3 
8846 224 3 
8846 224 2 
8847 299 1 
8847 299 1 
8848 260 1 
8848 269 1 
8848 340 1 
8848 340 1 
8849 199 1 
8850 299 1 
8851 1 2 
8851 4 1 
8851 25 1 
8851 25 1 
8851 28 1 
8851 28 1 
8851 61 2 
8851 103 1 
8851 128 1 
8851 128 1 
8851 166 1 
8851 173 1 
8851 217 1 
8851 255 1 
8851 304 1 
8851 304 3 
8851 304 3 
8851 306 1 
8851 306 1 
8851 306 1 
8851 306 1 
8851 307 1 
8851 307 1 
8851 322 1 
8851 322 1 
8851 322 1 
8851 330 1 
8851 330 1 
8851 331 1 
8851 331 1 
8851 333 1 
8851 333 1 
8851 341 1 
8851 341 1 
8851 343 1 
8851 343 1 
8851 345 1 
8851 345 1 
8851 350 1 
8851 350 1 
8851 350 1 
8851 350 1 
8851 350 1 
8851 350 1 
8851 350 1 
8851 350 1 
8851 350 3 
8851 350 1 
8851 350 3 
8851 351 1 
8851 351 1 
8851 351 1 
8851 351 1 
8851 351 1 
8851 351 1 
8851 351 1 
8851 351 1 
8851 351 3 
8851 351 1 
8851 351 1 
8851 351 1 
8851 351 1 
8851 353 1 
8851 353 1 
8851 354 1 
8851 354 1 
8851 355 1 
8851 355 1 
8851 355 1 
8851 355 1 
8851 356 1 
8851 356 1 
8852 340 1 
8852 340 1 
8853 3 1 
8853 28 1 
8853 83 1 
8854 299 1 
8855 24 1 
8855 24 1 
8855 256 1 
8855 256 1 
8855 310 1 
8855 313 1 
8855 313 1 
8855 327 1 
8855 331 1 
8855 332 1 
8855 332 1 
8855 332 1 
8855 332 1 
8855 332 1 
8855 336 1 
8855 336 1 
8855 336 1 
8855 336 1 
8855 336 1 
8856 199 1 
8857 113 1 
8858 305 1 
8859 350 1 
8860 97 1 
8860 97 1 
8860 97 1 
8861 299 1 
8862 339 1 
8863 299 1 
8864 242 3 
8864 242 3 
8864 242 1 
8865 350 1 
8865 350 1 
8866 350 1 
8867 308 1 
8867 308 1 
8868 8 1 
8868 8 1 
8868 8 2 
8868 8 1 
8868 128 1 
8868 128 1 
8868 128 1 
8868 275 1 
8868 275 1 
8868 275 3 
8868 275 1 
8868 275 3 
8868 275 1 
8868 275 1 
8868 275 1 
8868 275 1 
8868 275 1 
8868 275 1 
8868 309 1 
8868 309 1 
8868 311 3 
8868 311 1 
8868 311 1 
8868 311 3 
8868 311 1 
8868 311 1 
8868 311 1 
8868 322 1 
8868 322 1 
8868 322 1 
8868 322 1 
8868 322 1 
8868 322 1 
8868 322 1 
8868 322 1 
8868 322 1 
8868 322 1 
8868 322 3 
8868 322 3 
8868 334 1 
8868 334 1 
8868 334 1 
8868 335 1 
8868 338 1 
8868 350 1 
8869 110 2 
8870 128 1 
8870 128 1 
8870 128 1 
8870 339 1 
8870 339 1 
8871 105 1 
8871 185 1 
8872 312 1 
8873 3 1 
8873 3 1 
8873 5 1 
8873 5 1 
8873 7 1 
8873 7 1 
8873 8 1 
8873 8 1 
8873 9 1 
8873 22 1 
8873 28 1 
8873 54 1 
8873 80 1 
8873 82 1 
8873 86 1 
8873 109 1 
8873 113 1 
8873 113 1 
8873 124 1 
8873 139 1 
8873 139 1 
8873 166 1 
8873 173 1 
8873 231 1 
8873 270 1 
8873 287 1 
8873 288 1 
8873 290 1 
8873 292 1 
8873 309 1 
8873 331 1 
8873 350 1 
8873 350 1 
8873 354 1 
8873 355 1 
8874 306 1 
8875 128 1 
8875 334 1 
8876 34 1 
8876 113 1 
8876 113 1 
8877 54 1 
8877 54 1 
8877 54 1 
8877 54 1 
8877 54 1 
8877 54 1 
8877 299 1 
8878 3 1 
8878 28 1 
8878 113 1 
8878 308 1 
8878 308 1 
8878 352 1 
8879 4 1 
8879 111 1 
8879 128 1 
8879 261 1 
8879 298 1 
8879 298 1 
8879 298 1 
8879 298 1 
8880 305 1 
8881 322 1 
8882 128 1 
8882 128 1 
8882 217 1 
8882 311 1 
8882 331 1 
8882 331 1 
8883 350 1 
8884 5 1 
8884 5 1 
8884 5 1 
8884 5 1 
8884 5 1 
8884 48 1 
8884 48 1 
8884 350 1 
8884 350 1 
8885 299 1 
8886 113 1 
8887 4 1 
8887 7 1 
8887 113 1 
8887 113 1 
8887 113 1 
8887 113 1 
8887 124 1 
8887 299 1 
8887 340 1 
8888 260 1 
8888 269 1 
8888 281 1 
8889 124 1 
8890 103 1 
8890 128 1 
8890 334 1 
8890 335 1 
8891 3 1 
8891 3 1 
8891 4 1 
8891 22 1 
8891 23 1 
8891 27 2 
8891 38 1 
8891 38 2 
8891 48 1 
8891 48 1 
8891 75 1 
8891 159 3 
8891 220 1 
8891 220 3 
8891 260 1 
8891 269 1 
8892 103 3 
8892 103 1 
8892 103 1 
8892 103 1 
8892 103 1 
8892 103 1 
8892 103 2 
8892 103 1 
8892 103 2 
8892 103 2 
8892 228 1 
8893 1 1 
8893 8 1 
8893 48 1 
8893 61 1 
8893 113 1 
8893 113 1 
8893 113 1 
8893 121 1 
8893 128 1 
8893 139 1 
8893 173 1 
8893 257 1 
8893 279 1 
8893 279 1 
8893 279 1 
8893 283 1 
8893 283 1 
8893 283 1 
8893 299 1 
8893 303 1 
8893 312 1 
8893 312 1 
8893 321 1 
8893 321 1 
8893 332 1 
8893 332 1 
8893 332 1 
8893 332 1 
8893 332 1 
8893 332 1 
8893 336 3 
8893 336 1 
8893 336 1 
8893 336 1 
8893 336 1 
8893 336 1 
8893 336 1 
8893 336 1 
8893 355 1 
8894 17 1 
8894 17 1 
8894 17 1 
8894 112 1 
8894 124 1 
8894 190 3 
8894 190 1 
8894 306 1 
8895 113 1 
8895 113 1 
8895 350 1 
8895 350 1 
8896 185 1 
8897 1 2 
8897 1 1 
8897 3 1 
8897 3 1 
8897 5 1 
8897 7 1 
8897 8 1 
8897 28 1 
8897 28 1 
8897 28 1 
8897 28 1 
8897 61 2 
8897 61 1 
8897 67 3 
8897 103 1 
8897 113 1 
8897 113 1 
8897 113 1 
8897 113 1 
8897 113 1 
8897 113 1 
8897 113 1 
8897 113 1 
8897 113 1 
8897 113 1 
8897 113 1 
8897 113 1 
8897 113 1 
8897 113 1 
8897 113 1 
8897 113 1 
8897 113 1 
8897 113 1 
8897 113 1 
8897 113 1 
8897 113 1 
8897 113 1 
8897 113 1 
8897 128 1 
8897 285 1 
8897 299 1 
8897 299 1 
8897 299 1 
8897 308 1 
8897 308 1 
8897 308 1 
8897 308 1 
8897 340 1 
8897 340 1 
8897 340 1 
8897 340 1 
8897 340 1 
8897 340 1 
8897 340 1 
8897 340 1 
8897 340 1 
8897 340 1 
8897 351 1 
8897 351 1 
8897 351 1 
8897 351 1 
8897 351 1 
8897 351 1 
8897 351 1 
8897 352 1 
8897 355 1 
8898 8 1 
8898 111 2 
8898 111 2 
8898 121 1 
8898 180 1 
8898 212 2 
8898 336 1 
8898 336 1 
8898 336 1 
8898 336 1 
8898 336 1 
8898 336 1 
8899 199 1 
8900 124 1 
8900 311 1 
8900 335 1 
8901 124 1 
8901 289 1 
8901 321 1 
8902 340 1 
8903 8 2 
8903 113 1 
8903 113 1 
8903 113 1 
8903 121 1 
8903 128 1 
8903 166 1 
8903 282 1 
8903 340 1 
8903 340 1 
8903 340 1 
8904 342 1 
8904 342 1 
8904 342 1 
8905 350 1 
8906 6 1 
8906 14 1 
8906 14 1 
8906 14 1 
8906 14 1 
8906 14 1 
8906 14 1 
8906 14 1 
8906 14 1 
8906 14 1 
8906 14 1 
8906 14 1 
8906 18 3 
8906 18 3 
8906 18 3 
8906 24 1 
8906 24 1 
8906 24 1 
8906 26 1 
8906 29 1 
8906 31 1 
8906 33 1 
8906 35 3 
8906 35 3 
8906 35 1 
8906 35 1 
8906 35 1 
8906 36 1 
8906 37 1 
8906 38 1 
8906 38 1 
8906 38 1 
8906 38 1 
8906 38 1 
8906 38 1 
8906 38 1 
8906 38 1 
8906 39 1 
8906 40 1 
8906 41 1 
8906 41 1 
8906 41 1 
8906 41 1 
8906 46 1 
8906 47 1 
8906 49 1 
8906 50 1 
8906 51 1 
8906 53 1 
8906 55 1 
8906 56 1 
8906 60 1 
8906 62 1 
8906 63 1 
8906 64 1 
8906 65 1 
8906 68 1 
8906 69 1 
8906 71 1 
8906 76 1 
8906 78 1 
8906 97 1 
8906 97 1 
8906 104 1 
8906 104 1 
8906 104 1 
8906 104 1 
8906 104 1 
8906 104 1 
8906 104 1 
8906 104 1 
8906 104 1 
8906 104 1 
8906 104 1 
8906 105 1 
8906 105 1 
8906 105 1 
8906 105 1 
8906 105 1 
8906 105 1 
8906 105 1 
8906 105 1 
8906 105 1 
8906 105 1 
8906 105 1 
8906 105 1 
8906 105 1 
8906 105 1 
8906 105 1 
8906 105 1 
8906 105 1 
8906 105 1 
8906 105 1 
8906 105 1 
8906 105 1 
8906 105 1 
8906 105 1 
8906 105 1 
8906 106 1 
8906 106 1 
8906 106 1 
8906 106 1 
8906 106 1 
8906 106 1 
8906 106 1 
8906 106 1 
8906 106 1 
8906 106 1 
8906 106 1 
8906 107 1 
8906 107 1 
8906 107 1 
8906 107 1 
8906 107 1 
8906 107 1 
8906 107 1 
8906 107 1 
8906 107 1 
8906 107 1 
8906 107 1 
8906 108 1 
8906 108 1 
8906 108 1 
8906 108 1 
8906 108 1 
8906 108 1 
8906 108 1 
8906 108 1 
8906 108 1 
8906 108 1 
8906 108 1 
8906 109 1 
8906 109 1 
8906 109 1 
8906 109 1 
8906 109 1 
8906 109 1 
8906 109 1 
8906 109 1 
8906 109 1 
8906 109 1 
8906 109 1 
8906 110 2 
8906 111 1 
8906 111 1 
8906 111 1 
8906 111 1 
8906 111 1 
8906 111 1 
8906 111 1 
8906 111 1 
8906 111 1 
8906 111 1 
8906 111 1 
8906 112 1 
8906 112 1 
8906 112 1 
8906 112 1 
8906 112 1 
8906 112 1 
8906 112 1 
8906 112 1 
8906 112 1 
8906 112 1 
8906 112 1 
8906 113 1 
8906 113 1 
8906 113 1 
8906 113 1 
8906 113 1 
8906 113 1 
8906 113 1 
8906 113 1 
8906 113 1 
8906 113 1 
8906 113 1 
8906 114 1 
8906 114 1 
8906 114 1 
8906 114 1 
8906 114 1 
8906 114 1 
8906 114 1 
8906 114 1 
8906 114 1 
8906 114 1 
8906 114 1 
8906 116 1 
8906 116 1 
8906 116 1 
8906 116 1 
8906 116 1 
8906 116 1 
8906 116 1 
8906 116 1 
8906 116 1 
8906 116 1 
8906 116 1 
8906 119 1 
8906 119 1 
8906 119 1 
8906 119 1 
8906 119 1 
8906 119 1 
8906 119 1 
8906 119 1 
8906 119 1 
8906 119 1 
8906 119 1 
8906 120 1 
8906 120 1 
8906 120 1 
8906 120 1 
8906 120 1 
8906 120 1 
8906 120 1 
8906 120 1 
8906 120 1 
8906 120 1 
8906 120 1 
8906 121 1 
8906 121 1 
8906 121 1 
8906 121 1 
8906 121 1 
8906 121 1 
8906 121 1 
8906 121 1 
8906 121 1 
8906 121 1 
8906 121 1 
8906 122 1 
8906 122 1 
8906 122 1 
8906 122 1 
8906 122 1 
8906 122 1 
8906 122 1 
8906 122 1 
8906 122 1 
8906 122 1 
8906 122 1 
8906 123 1 
8906 123 1 
8906 123 1 
8906 123 1 
8906 123 1 
8906 123 1 
8906 123 1 
8906 123 1 
8906 123 1 
8906 123 1 
8906 123 1 
8906 124 1 
8906 124 3 
8906 124 1 
8906 124 3 
8906 124 1 
8906 124 1 
8906 124 1 
8906 124 1 
8906 124 1 
8906 124 1 
8906 124 1 
8906 124 1 
8906 124 1 
8906 124 1 
8906 124 1 
8906 124 1 
8906 124 1 
8906 124 1 
8906 124 3 
8906 124 1 
8906 124 1 
8906 124 1 
8906 124 1 
8906 124 1 
8906 124 1 
8906 124 1 
8906 124 1 
8906 125 1 
8906 125 1 
8906 125 1 
8906 125 1 
8906 125 1 
8906 125 1 
8906 125 1 
8906 125 1 
8906 125 1 
8906 125 1 
8906 125 1 
8906 125 1 
8906 125 1 
8906 125 1 
8906 126 1 
8906 126 1 
8906 126 1 
8906 126 1 
8906 126 1 
8906 126 1 
8906 126 1 
8906 126 1 
8906 126 1 
8906 126 1 
8906 126 1 
8906 127 1 
8906 127 1 
8906 127 1 
8906 127 1 
8906 127 1 
8906 127 1 
8906 127 1 
8906 127 1 
8906 127 1 
8906 127 1 
8906 127 1 
8906 128 1 
8906 128 1 
8906 128 1 
8906 128 1 
8906 128 1 
8906 128 1 
8906 128 1 
8906 128 1 
8906 128 1 
8906 128 1 
8906 128 1 
8906 129 1 
8906 129 1 
8906 129 1 
8906 129 1 
8906 129 1 
8906 129 1 
8906 129 1 
8906 129 1 
8906 129 1 
8906 129 1 
8906 129 1 
8906 130 1 
8906 130 1 
8906 130 1 
8906 130 1 
8906 130 1 
8906 130 1 
8906 130 1 
8906 130 1 
8906 130 1 
8906 130 1 
8906 130 1 
8906 131 1 
8906 131 1 
8906 131 1 
8906 131 1 
8906 131 1 
8906 131 1 
8906 131 1 
8906 131 1 
8906 131 1 
8906 131 1 
8906 131 1 
8906 134 1 
8906 134 1 
8906 134 1 
8906 134 1 
8906 134 1 
8906 134 1 
8906 134 1 
8906 134 1 
8906 134 1 
8906 134 1 
8906 134 1 
8906 139 3 
8906 139 3 
8906 139 3 
8906 140 1 
8906 140 1 
8906 140 1 
8906 140 1 
8906 140 1 
8906 140 1 
8906 140 1 
8906 140 1 
8906 140 1 
8906 140 1 
8906 140 1 
8906 141 1 
8906 141 1 
8906 145 1 
8906 145 1 
8906 145 1 
8906 145 1 
8906 145 1 
8906 145 1 
8906 145 1 
8906 145 1 
8906 145 1 
8906 145 1 
8906 145 1 
8906 147 1 
8906 147 1 
8906 147 1 
8906 147 1 
8906 147 1 
8906 147 1 
8906 147 1 
8906 147 1 
8906 147 1 
8906 147 1 
8906 147 1 
8906 148 1 
8906 148 1 
8906 148 1 
8906 148 1 
8906 148 1 
8906 148 1 
8906 148 1 
8906 148 1 
8906 148 1 
8906 148 1 
8906 148 1 
8906 149 1 
8906 149 1 
8906 149 1 
8906 149 1 
8906 149 1 
8906 149 1 
8906 149 1 
8906 149 1 
8906 149 1 
8906 149 1 
8906 149 1 
8906 150 1 
8906 150 1 
8906 150 1 
8906 150 1 
8906 150 1 
8906 150 1 
8906 150 1 
8906 150 1 
8906 150 1 
8906 150 1 
8906 150 1 
8906 152 3 
8906 152 3 
8906 152 3 
8906 153 3 
8906 153 3 
8906 153 3 
8906 153 1 
8906 153 1 
8906 153 1 
8906 154 3 
8906 154 3 
8906 154 3 
8906 155 3 
8906 155 3 
8906 155 3 
8906 157 3 
8906 157 3 
8906 157 3 
8906 158 1 
8906 158 1 
8906 158 1 
8906 158 1 
8906 158 1 
8906 158 1 
8906 158 1 
8906 158 1 
8906 158 1 
8906 158 1 
8906 158 1 
8906 159 1 
8906 159 1 
8906 159 1 
8906 159 1 
8906 159 1 
8906 159 1 
8906 159 1 
8906 159 1 
8906 159 1 
8906 159 1 
8906 159 1 
8906 160 3 
8906 160 3 
8906 160 3 
8906 161 3 
8906 161 3 
8906 161 3 
8906 162 1 
8906 162 1 
8906 162 1 
8906 162 1 
8906 162 1 
8906 162 1 
8906 162 1 
8906 162 1 
8906 162 1 
8906 162 1 
8906 162 1 
8906 164 3 
8906 164 3 
8906 164 3 
8906 165 1 
8906 165 1 
8906 165 1 
8906 165 1 
8906 165 1 
8906 165 1 
8906 165 1 
8906 165 1 
8906 165 1 
8906 165 1 
8906 165 1 
8906 166 3 
8906 166 3 
8906 166 3 
8906 168 1 
8906 168 1 
8906 168 1 
8906 168 1 
8906 168 1 
8906 168 1 
8906 168 1 
8906 168 1 
8906 168 1 
8906 168 1 
8906 168 1 
8906 169 3 
8906 169 3 
8906 169 3 
8906 170 3 
8906 170 3 
8906 170 3 
8906 171 3 
8906 171 3 
8906 171 3 
8906 172 3 
8906 172 3 
8906 172 3 
8906 173 3 
8906 173 3 
8906 173 3 
8906 174 1 
8906 174 1 
8906 174 1 
8906 174 1 
8906 174 1 
8906 174 1 
8906 174 1 
8906 174 1 
8906 174 1 
8906 174 1 
8906 174 1 
8906 175 1 
8906 175 1 
8906 175 1 
8906 175 1 
8906 175 1 
8906 175 1 
8906 175 1 
8906 175 1 
8906 175 1 
8906 175 1 
8906 175 1 
8906 176 3 
8906 176 3 
8906 176 3 
8906 177 1 
8906 177 1 
8906 177 1 
8906 177 1 
8906 177 1 
8906 177 1 
8906 177 1 
8906 177 1 
8906 177 1 
8906 177 1 
8906 177 1 
8906 178 3 
8906 178 3 
8906 178 3 
8906 179 3 
8906 179 3 
8906 179 3 
8906 180 3 
8906 180 3 
8906 180 3 
8906 181 3 
8906 181 3 
8906 181 3 
8906 182 3 
8906 182 3 
8906 182 3 
8906 183 3 
8906 183 3 
8906 183 3 
8906 184 3 
8906 184 3 
8906 184 3 
8906 187 1 
8906 187 1 
8906 187 1 
8906 187 1 
8906 187 1 
8906 187 1 
8906 187 1 
8906 187 1 
8906 187 1 
8906 187 1 
8906 187 1 
8906 188 3 
8906 188 3 
8906 188 3 
8906 189 3 
8906 189 3 
8906 189 3 
8906 190 3 
8906 190 3 
8906 190 3 
8906 191 3 
8906 191 3 
8906 191 3 
8906 193 1 
8906 193 1 
8906 193 1 
8906 193 1 
8906 193 1 
8906 193 1 
8906 193 1 
8906 193 1 
8906 193 1 
8906 193 1 
8906 193 1 
8906 194 3 
8906 194 3 
8906 194 3 
8906 195 1 
8906 195 1 
8906 195 1 
8906 195 1 
8906 195 1 
8906 195 1 
8906 195 1 
8906 195 1 
8906 195 1 
8906 195 1 
8906 195 1 
8906 197 3 
8906 197 3 
8906 197 3 
8906 198 3 
8906 198 3 
8906 198 3 
8906 199 3 
8906 199 3 
8906 199 3 
8906 200 3 
8906 200 3 
8906 200 3 
8906 201 3 
8906 201 3 
8906 201 3 
8906 202 3 
8906 202 3 
8906 202 3 
8906 203 3 
8906 203 3 
8906 203 3 
8906 204 3 
8906 204 3 
8906 204 3 
8906 205 3 
8906 205 3 
8906 205 3 
8906 206 3 
8906 206 3 
8906 206 3 
8906 211 1 
8906 211 1 
8906 211 1 
8906 211 1 
8906 211 1 
8906 211 1 
8906 211 1 
8906 211 1 
8906 211 1 
8906 211 1 
8906 211 1 
8906 213 3 
8906 213 3 
8906 213 3 
8906 216 3 
8906 216 3 
8906 216 3 
8906 217 3 
8906 217 3 
8906 217 3 
8906 223 3 
8906 223 3 
8906 223 3 
8906 224 3 
8906 224 3 
8906 224 3 
8906 225 3 
8906 225 3 
8906 225 3 
8906 226 3 
8906 226 3 
8906 226 3 
8906 227 3 
8906 227 3 
8906 227 3 
8906 232 3 
8906 232 3 
8906 232 3 
8906 233 3 
8906 233 3 
8906 233 3 
8906 235 3 
8906 235 3 
8906 235 3 
8906 236 3 
8906 236 3 
8906 236 3 
8906 239 1 
8906 239 1 
8906 239 1 
8906 239 1 
8906 239 1 
8906 239 1 
8906 239 1 
8906 239 1 
8906 239 1 
8906 239 1 
8906 239 1 
8906 243 3 
8906 245 3 
8906 245 3 
8906 245 3 
8906 246 3 
8906 246 3 
8906 246 3 
8906 247 3 
8906 247 3 
8906 247 3 
8906 248 3 
8906 248 3 
8906 248 3 
8906 249 3 
8906 249 3 
8906 249 3 
8906 250 3 
8906 250 3 
8906 250 3 
8906 252 3 
8906 252 3 
8906 252 3 
8906 256 1 
8906 256 1 
8906 256 1 
8906 262 3 
8906 262 3 
8906 262 3 
8906 267 3 
8906 267 3 
8906 267 3 
8906 272 3 
8906 272 3 
8906 272 3 
8906 273 3 
8906 273 3 
8906 273 3 
8906 274 3 
8906 274 3 
8906 274 3 
8906 275 3 
8906 275 3 
8906 275 3 
8906 277 1 
8906 277 1 
8906 277 1 
8906 277 1 
8906 277 1 
8906 277 1 
8906 277 1 
8906 277 1 
8906 277 1 
8906 277 1 
8906 277 1 
8906 278 3 
8906 278 3 
8906 278 3 
8906 279 3 
8906 279 3 
8906 279 3 
8906 282 3 
8906 282 3 
8906 282 3 
8906 283 3 
8906 283 3 
8906 283 3 
8906 285 3 
8906 285 3 
8906 285 3 
8906 286 3 
8906 286 3 
8906 286 3 
8906 289 3 
8906 289 3 
8906 289 3 
8906 291 3 
8906 291 3 
8906 291 3 
8906 293 3 
8906 293 3 
8906 293 3 
8906 295 3 
8906 295 3 
8906 295 3 
8906 297 3 
8906 297 3 
8906 297 3 
8906 299 3 
8906 299 3 
8906 299 3 
8906 300 3 
8906 300 3 
8906 300 3 
8906 301 1 
8906 301 1 
8906 301 1 
8906 301 1 
8906 301 1 
8906 301 1 
8906 301 1 
8906 301 1 
8906 301 1 
8906 301 1 
8906 301 1 
8906 302 1 
8906 302 1 
8906 302 1 
8906 302 1 
8906 302 1 
8906 302 1 
8906 304 3 
8906 304 3 
8906 304 3 
8906 305 3 
8906 305 3 
8906 305 3 
8906 306 3 
8906 306 3 
8906 306 3 
8906 309 3 
8906 309 3 
8906 309 3 
8906 310 3 
8906 310 3 
8906 310 3 
8906 311 3 
8906 311 3 
8906 311 3 
8906 312 3 
8906 312 3 
8906 312 3 
8906 313 3 
8906 313 3 
8906 313 3 
8906 314 3 
8906 314 3 
8906 314 3 
8906 315 3 
8906 315 3 
8906 315 3 
8906 316 3 
8906 316 3 
8906 316 3 
8906 318 3 
8906 318 3 
8906 318 3 
8906 319 3 
8906 319 3 
8906 319 3 
8906 321 3 
8906 321 3 
8906 321 3 
8906 322 3 
8906 322 3 
8906 322 3 
8906 323 3 
8906 323 3 
8906 323 3 
8906 325 3 
8906 325 3 
8906 325 3 
8906 326 3 
8906 326 3 
8906 326 3 
8906 327 3 
8906 327 3 
8906 327 3 
8906 328 3 
8906 328 3 
8906 328 3 
8906 331 3 
8906 331 3 
8906 331 3 
8906 332 3 
8906 332 3 
8906 332 3 
8906 334 3 
8906 334 3 
8906 334 3 
8906 335 3 
8906 335 3 
8906 335 3 
8906 336 3 
8906 336 3 
8906 336 3 
8906 337 3 
8906 337 3 
8906 337 3 
8906 338 3 
8906 338 3 
8906 338 3 
8906 339 3 
8906 339 3 
8906 339 3 
8906 340 3 
8906 340 3 
8906 340 3 
8906 342 3 
8906 342 3 
8906 342 3 
8906 344 1 
8906 344 1 
8906 346 3 
8906 346 3 
8906 346 3 
8906 348 3 
8906 348 3 
8906 348 3 
8906 349 1 
8906 349 1 
8906 349 1 
8906 349 1 
8906 349 1 
8906 349 1 
8906 349 1 
8906 349 1 
8906 349 1 
8906 349 1 
8906 349 1 
8906 350 3 
8906 350 3 
8906 350 3 
8906 351 3 
8906 351 3 
8906 351 3 
8906 352 3 
8906 352 3 
8906 352 3 
8906 354 1 
8906 354 1 
8906 354 1 
8906 354 1 
8906 354 1 
8906 354 1 
8906 354 1 
8907 312 1 
8907 342 1 
8907 342 1 
8907 356 3 
8907 356 3 
8908 113 1 
8909 160 1 
8910 308 1 
8911 12 1 
8911 16 1 
8911 19 1 
8911 183 1 
8911 192 1 
8911 196 1 
8911 207 1 
8911 209 1 
8911 218 1 
8911 244 1 
8911 331 1 
8912 1 1 
8912 3 1 
8912 4 1 
8912 4 1 
8912 4 1 
8912 4 1 
8912 4 1 
8912 4 1 
8912 7 1 
8912 8 2 
8912 8 2 
8912 8 1 
8912 8 1 
8912 9 1 
8912 10 1 
8912 11 1 
8912 14 1 
8912 14 3 
8912 14 2 
8912 14 1 
8912 14 1 
8912 14 1 
8912 14 1 
8912 14 1 
8912 18 1 
8912 22 1 
8912 25 1 
8912 25 1 
8912 28 1 
8912 28 1 
8912 30 1 
8912 30 1 
8912 30 1 
8912 40 3 
8912 48 1 
8912 54 1 
8912 54 1 
8912 54 1 
8912 60 3 
8912 61 1 
8912 65 3 
8912 69 3 
8912 70 1 
8912 70 1 
8912 77 1 
8912 77 1 
8912 77 1 
8912 80 1 
8912 85 1 
8912 86 1 
8912 97 2 
8912 104 2 
8912 104 3 
8912 106 3 
8912 106 2 
8912 107 3 
8912 107 2 
8912 107 1 
8912 107 1 
8912 108 2 
8912 108 3 
8912 108 1 
8912 108 1 
8912 109 3 
8912 109 1 
8912 109 1 
8912 109 1 
8912 109 2 
8912 109 1 
8912 109 1 
8912 109 1 
8912 109 1 
8912 109 1 
8912 109 1 
8912 109 1 
8912 109 1 
8912 109 1 
8912 109 1 
8912 109 1 
8912 109 1 
8912 111 1 
8912 111 1 
8912 111 1 
8912 111 1 
8912 111 1 
8912 111 1 
8912 111 1 
8912 111 2 
8912 111 1 
8912 111 1 
8912 111 1 
8912 111 1 
8912 111 1 
8912 111 1 
8912 111 1 
8912 111 1 
8912 111 1 
8912 111 1 
8912 111 1 
8912 111 1 
8912 111 1 
8912 111 3 
8912 111 2 
8912 111 1 
8912 111 2 
8912 111 2 
8912 111 2 
8912 111 2 
8912 111 1 
8912 111 1 
8912 111 1 
8912 111 1 
8912 111 2 
8912 112 2 
8912 112 3 
8912 113 1 
8912 113 2 
8912 113 3 
8912 113 2 
8912 113 1 
8912 113 1 
8912 113 1 
8912 113 1 
8912 114 3 
8912 114 2 
8912 116 3 
8912 116 2 
8912 119 3 
8912 119 2 
8912 120 2 
8912 120 3 
8912 121 1 
8912 121 1 
8912 121 1 
8912 121 1 
8912 121 1 
8912 121 1 
8912 121 1 
8912 121 1 
8912 121 1 
8912 121 1 
8912 121 3 
8912 121 1 
8912 121 1 
8912 121 1 
8912 121 2 
8912 121 1 
8912 121 1 
8912 121 1 
8912 121 1 
8912 121 1 
8912 121 1 
8912 121 1 
8912 121 1 
8912 121 1 
8912 121 1 
8912 122 3 
8912 122 2 
8912 123 3 
8912 123 2 
8912 124 1 
8912 124 1 
8912 124 1 
8912 124 1 
8912 125 3 
8912 125 2 
8912 126 3 
8912 126 2 
8912 127 3 
8912 127 2 
8912 128 1 
8912 128 1 
8912 128 1 
8912 128 1 
8912 128 3 
8912 128 2 
8912 128 1 
8912 128 1 
8912 128 1 
8912 128 1 
8912 128 1 
8912 128 1 
8912 128 1 
8912 128 1 
8912 128 1 
8912 128 1 
8912 128 1 
8912 128 1 
8912 128 1 
8912 128 1 
8912 128 1 
8912 128 1 
8912 128 1 
8912 128 1 
8912 128 1 
8912 128 1 
8912 128 1 
8912 128 1 
8912 128 1 
8912 128 1 
8912 128 1 
8912 129 3 
8912 129 2 
8912 130 3 
8912 130 2 
8912 131 3 
8912 131 2 
8912 133 1 
8912 134 3 
8912 134 2 
8912 136 1 
8912 139 1 
8912 139 1 
8912 140 3 
8912 140 2 
8912 141 1 
8912 145 2 
8912 145 3 
8912 147 3 
8912 147 2 
8912 148 2 
8912 148 3 
8912 149 3 
8912 149 2 
8912 150 2 
8912 150 3 
8912 158 2 
8912 158 3 
8912 159 3 
8912 159 2 
8912 162 3 
8912 162 2 
8912 165 2 
8912 165 3 
8912 166 1 
8912 166 1 
8912 168 3 
8912 168 2 
8912 173 1 
8912 173 1 
8912 173 1 
8912 173 1 
8912 173 1 
8912 173 1 
8912 173 1 
8912 173 1 
8912 173 1 
8912 174 3 
8912 174 2 
8912 175 2 
8912 175 3 
8912 177 3 
8912 177 2 
8912 186 3 
8912 187 2 
8912 187 3 
8912 187 3 
8912 193 2 
8912 193 3 
8912 195 3 
8912 195 2 
8912 198 3 
8912 211 2 
8912 211 3 
8912 221 1 
8912 228 1 
8912 228 1 
8912 228 1 
8912 229 1 
8912 229 1 
8912 230 1 
8912 230 1 
8912 231 1 
8912 231 1 
8912 231 1 
8912 231 1 
8912 239 2 
8912 239 3 
8912 254 1 
8912 259 1 
8912 260 1 
8912 263 1 
8912 269 1 
8912 277 3 
8912 277 2 
8912 280 1 
8912 281 1 
8912 282 1 
8912 283 1 
8912 284 1 
8912 290 1 
8912 290 1 
8912 290 1 
8912 290 1 
8912 290 1 
8912 290 1 
8912 292 1 
8912 292 1 
8912 292 1 
8912 294 1 
8912 294 1 
8912 294 1 
8912 299 1 
8912 299 1 
8912 299 1 
8912 301 3 
8912 301 2 
8912 302 1 
8912 311 1 
8912 324 3 
8912 330 1 
8912 330 1 
8912 333 1 
8912 333 1 
8912 334 1 
8912 334 1 
8912 336 1 
8912 336 1 
8912 336 1 
8912 336 1 
8912 336 1 
8912 336 1 
8912 336 1 
8912 336 1 
8912 336 1 
8912 336 1 
8912 336 1 
8912 336 1 
8912 336 1 
8912 336 1 
8912 336 1 
8912 337 1 
8912 338 1 
8912 340 1 
8912 341 1 
8912 341 1 
8912 342 3 
8912 342 1 
8912 342 1 
8912 342 1 
8912 342 1 
8912 342 1 
8912 342 1 
8912 343 1 
8912 343 1 
8912 345 1 
8912 345 1 
8912 349 2 
8912 349 3 
8912 350 1 
8912 350 1 
8912 350 1 
8912 350 1 
8912 350 1 
8912 350 1 
8912 351 1 
8912 351 1 
8912 353 1 
8912 353 1 
8912 354 1 
8912 354 1 
8912 355 1 
8912 355 1 
8912 356 1 
8912 356 1 
8913 260 1 
8913 269 1 
8914 173 1 
8915 254 1 
8915 254 1 
8915 299 1 
8916 4 1 
8916 4 1 
8916 173 1 
8916 248 3 
8916 248 2 
8916 299 1 
8916 352 1 
8917 34 1 
8918 2 1 
8918 10 1 
8918 10 1 
8918 66 1 
8918 85 1 
8918 85 1 
8918 86 1 
8918 86 1 
8918 91 1 
8918 91 1 
8918 93 1 
8918 93 1 
8918 124 1 
8918 124 1 
8919 113 1 
8919 113 1 
8920 94 1 
8920 111 1 
8920 255 1 
8920 263 1 
8920 281 1 
8920 284 1 
8920 306 1 
8921 105 1 
8921 199 1 
8922 128 1 
8923 111 1 
8924 113 1 
8924 113 1 
8924 113 1 
8924 336 1 
8925 28 1 
8925 28 1 
8925 112 1 
8925 113 1 
8925 113 1 
8925 113 1 
8925 113 1 
8925 113 1 
8925 113 1 
8925 113 1 
8925 113 1 
8925 113 1 
8925 113 1 
8925 113 1 
8925 113 1 
8925 113 1 
8925 166 1 
8925 166 1 
8925 212 1 
8925 289 1 
8925 289 1 
8925 350 1 
8925 350 1 
8925 355 1 
8926 110 2 
8926 244 1 
8926 244 1 
8926 312 1 
8926 312 1 
8926 331 1 
8927 315 3 
8927 321 1 
8927 327 1 
8928 350 1 
8929 160 1 
8929 173 1 
8929 173 1 
8930 113 1 
8930 113 1 
8931 16 1 
8931 192 1 
8932 103 1 
8933 339 1 
8933 342 1 
8934 228 1 
8935 4 1 
8935 48 1 
8936 113 1 
8937 113 2 
8937 113 1 
8937 113 1 
8937 113 1 
8937 113 1 
8937 113 1 
8937 113 1 
8937 299 1 
8937 306 1 
8938 34 1 
8939 103 1 
8939 103 1 
8939 103 1 
8939 103 1 
8939 128 1 
8939 128 1 
8939 217 1 
8939 260 1 
8939 269 1 
8939 290 1 
8939 298 1 
8939 306 1 
8939 306 1 
8939 332 1 
8939 337 1 
8939 338 1 
8939 338 1 
8939 338 1 
8939 350 1 
8939 350 1 
8939 350 1 
8940 231 1 
8940 231 1 
8940 231 1 
8941 124 1 
8942 128 1 
8942 128 1 
8942 128 1 
8942 128 1 
8942 293 1 
8942 338 1 
8942 338 1 
8943 18 1 
8943 128 1 
8943 137 1 
8943 139 1 
8943 152 1 
8943 153 1 
8943 154 1 
8943 155 1 
8943 157 1 
8943 160 1 
8943 161 1 
8943 164 1 
8943 166 1 
8943 169 1 
8943 170 1 
8943 171 1 
8943 172 1 
8943 173 1 
8943 176 1 
8943 178 1 
8943 179 1 
8943 180 1 
8943 181 1 
8943 182 1 
8943 183 1 
8943 184 1 
8943 188 1 
8943 189 1 
8943 190 1 
8943 198 1 
8943 199 1 
8943 200 1 
8943 201 1 
8943 203 1 
8943 204 1 
8943 213 1 
8943 216 1 
8943 217 1 
8943 227 1 
8943 228 1 
8943 235 1 
8943 236 1 
8943 252 1 
8943 262 1 
8943 267 1 
8943 274 1 
8943 278 1 
8943 286 1 
8943 295 1 
8943 297 1 
8943 300 1 
8943 302 1 
8943 306 1 
8943 306 1 
8943 306 3 
8943 306 3 
8943 306 1 
8943 326 1 
8943 346 1 
8943 348 1 
8944 336 1 
8945 7 1 
8946 312 1 
8946 354 1 
8947 93 2 
8948 128 1 
8949 336 1 
8950 86 2 
8950 91 2 
8950 91 2 
8950 113 1 
8950 113 1 
8950 289 1 
8950 306 1 
8951 103 1 
8951 290 1 
8951 340 1 
8951 352 1 
8952 299 1 
8953 111 2 
8954 30 1 
8954 70 1 
8955 212 1 
8956 209 1 
8956 233 1 
8957 160 1 
8957 255 1 
8957 331 1 
8958 28 1 
8958 28 1 
8958 67 1 
8958 113 1 
8959 218 1 
8960 282 1 
8960 282 1 
8960 283 1 
8960 289 1 
8960 291 1 
8960 298 1 
8960 306 1 
8960 307 1 
8960 307 1 
8960 340 1 
8960 340 1 
8960 340 1 
8961 309 1 
8962 173 1 
8962 299 1 
8962 350 1 
8963 103 3 
8963 103 1 
8963 103 1 
8963 103 1 
8963 103 1 
8963 103 1 
8963 103 1 
8963 103 1 
8963 103 1 
8963 103 1 
8963 103 1 
8963 103 1 
8963 103 1 
8964 97 1 
8965 28 1 
8966 17 1 
8967 103 1 
8967 103 1 
8968 12 1 
8968 12 1 
8968 21 1 
8968 21 1 
8968 95 1 
8968 95 1 
8968 96 1 
8968 96 1 
8968 98 1 
8968 98 1 
8968 100 1 
8968 100 1 
8968 102 1 
8968 102 1 
8968 115 1 
8968 115 1 
8968 117 1 
8968 117 1 
8968 118 1 
8968 118 1 
8968 163 1 
8968 163 1 
8968 191 1 
8968 191 1 
8968 194 1 
8968 194 1 
8968 197 1 
8968 197 1 
8968 202 1 
8968 202 1 
8968 205 1 
8968 205 1 
8968 206 1 
8968 206 1 
8968 209 1 
8968 209 1 
8968 210 1 
8968 210 1 
8968 218 1 
8968 218 1 
8968 219 1 
8968 219 1 
8968 220 1 
8968 220 1 
8968 221 1 
8968 221 1 
8968 222 1 
8968 222 1 
8968 223 1 
8968 223 1 
8968 224 1 
8968 224 1 
8968 225 1 
8968 225 1 
8968 226 1 
8968 226 1 
8968 232 1 
8968 232 1 
8968 233 1 
8968 233 1 
8968 245 1 
8968 245 1 
8968 246 1 
8968 246 1 
8968 247 1 
8968 247 1 
8968 248 1 
8968 248 1 
8968 249 1 
8968 249 1 
8968 250 1 
8968 250 1 
8968 294 1 
8968 294 1 
8969 340 1 
8969 351 1 
8969 354 1 
8969 354 1 
8970 4 1 
8971 113 1 
8971 128 1 
8971 260 1 
8971 269 1 
8971 290 1 
8971 307 1 
8972 164 1 
8973 28 1 
8974 163 1 
8974 163 1 
8974 163 1 
8975 299 1 
8975 299 1 
8976 163 1 
8976 167 1 
8977 209 1 
8977 210 1 
8977 257 1 
8977 263 1 
8977 280 1 
8978 261 1 
8979 329 2 
8980 128 1 
8980 164 1 
8980 166 1 
8980 166 1 
8980 354 1 
8981 163 1 
8981 163 1 
8981 260 1 
8981 269 1 
8982 163 1 
8982 163 1 
8982 163 1 
8983 8 1 
8983 8 1 
8983 10 1 
8983 14 1 
8983 22 1 
8983 85 1 
8983 91 1 
8983 93 1 
8983 105 1 
8983 355 1 
8984 227 1 
8985 289 1 
8986 113 1 
8986 113 1 
8986 305 1 
8986 306 3 
8986 306 1 
8986 306 1 
8986 306 1 
8986 306 1 
8986 320 3 
8986 324 3 
8986 325 3 
8986 351 1 
8986 351 1 
8986 351 1 
8986 351 1 
8987 128 1 
8988 113 1 
8988 113 1 
8988 121 1 
8988 139 1 
8988 139 1 
8988 228 1 
8988 231 1 
8988 288 1 
8988 305 1 
8988 307 1 
8988 307 1 
8988 308 1 
8988 312 1 
8988 340 1 
8988 340 1 
8988 340 1 
8988 340 1 
8988 350 1 
8989 8 1 
8990 354 1 
8991 350 1 
8992 113 1 
8993 306 1 
8994 350 1 
8995 305 1 
8996 54 1 
8996 54 1 
8996 54 1 
8996 54 1 
8996 54 1 
8996 54 1 
8996 54 1 
8996 54 1 
8996 54 1 
8996 54 1 
8996 54 1 
8996 54 1 
8996 54 1 
8996 54 1 
8996 54 1 
8996 299 1 
8997 299 1 
8998 48 1 
8999 17 1 
9000 1 1 
9000 1 1 
9000 1 1 
9000 9 1 
9000 9 1 
9000 10 1 
9000 10 1 
9000 22 1 
9000 30 1 
9000 30 1 
9000 61 1 
9000 61 1 
9000 61 1 
9000 70 1 
9000 80 1 
9000 80 1 
9000 85 1 
9000 85 1 
9000 86 1 
9000 86 1 
9000 86 1 
9000 86 1 
9000 86 1 
9000 86 1 
9000 91 1 
9000 91 1 
9000 91 1 
9000 91 1 
9000 91 1 
9000 91 1 
9000 91 1 
9000 91 1 
9000 255 1 
9000 307 1 
9000 336 1 
9001 25 1 
9001 341 1 
9001 354 1 
9001 355 1 
9002 113 1 
9002 121 1 
9003 13 1 
9003 110 2 
9003 128 1 
9004 284 1 
9004 294 1 
9004 298 1 
9004 298 1 
9005 3 1 
9005 7 1 
9005 83 1 
9005 166 1 
9005 290 1 
9006 8 1 
9006 111 1 
9006 139 1 
9007 13 1 
9007 34 1 
9007 103 1 
9007 124 1 
9007 285 1 
9008 338 1 
9008 340 1 
9009 38 1 
9009 38 1 
9010 299 1 
9010 314 3 
9010 316 3 
9010 317 3 
9010 318 3 
9010 319 3 
9011 1 1 
9011 38 1 
9011 61 1 
9012 109 1 
9013 340 1 
9013 340 1 
9014 352 1 
9015 306 1 
9016 299 1 
9017 66 1 
9017 82 1 
9018 16 1 
9018 28 1 
9018 28 1 
9018 28 1 
9018 28 1 
9018 67 1 
9018 113 1 
9018 113 1 
9018 113 1 
9018 113 1 
9018 113 1 
9018 113 1 
9018 113 1 
9018 173 1 
9018 180 1 
9018 189 1 
9018 299 1 
9018 299 1 
9018 299 3 
9018 299 1 
9018 299 1 
9018 299 1 
9018 299 1 
9018 299 1 
9018 299 1 
9018 299 1 
9018 299 1 
9018 299 1 
9018 299 1 
9018 299 1 
9018 299 1 
9018 299 3 
9018 299 1 
9018 299 1 
9018 299 1 
9018 299 1 
9018 299 1 
9018 299 1 
9018 299 1 
9018 299 1 
9018 299 1 
9018 350 1 
9018 354 1 
9019 7 1 
9020 139 1 
9021 113 1 
9022 7 1 
9022 7 1 
9022 25 1 
9022 107 1 
9022 109 1 
9022 113 1 
9022 113 2 
9022 113 1 
9022 113 1 
9022 124 1 
9022 124 1 
9022 128 1 
9022 128 1 
9022 128 1 
9022 128 1 
9022 128 1 
9022 128 1 
9022 128 1 
9022 128 1 
9022 128 1 
9022 160 1 
9022 189 1 
9022 260 1 
9022 269 1 
9022 281 1 
9022 305 1 
9022 307 1 
9022 330 1 
9022 333 1 
9022 338 1 
9022 340 1 
9022 340 1 
9022 340 1 
9022 340 1 
9022 340 1 
9022 340 1 
9022 340 1 
9022 341 1 
9022 343 1 
9022 345 1 
9022 350 1 
9022 353 1 
9022 354 1 
9022 354 1 
9022 354 1 
9022 355 1 
9022 355 1 
9022 356 1 
9023 113 1 
9023 332 1 
9023 332 1 
9024 306 1 
9025 58 1 
9025 83 1 
9025 321 1 
9026 350 1 
9026 350 1 
9027 7 1 
9027 340 1 
9028 113 1 
9029 113 1 
9029 306 1 
9030 7 1 
9031 8 2 
9031 8 1 
9031 28 1 
9031 113 1 
9031 113 1 
9031 113 1 
9031 113 1 
9031 113 1 
9031 128 1 
9031 128 1 
9031 128 1 
9031 128 1 
9031 128 2 
9031 228 1 
9031 231 1 
9031 285 1 
9031 287 1 
9031 288 1 
9031 288 1 
9031 291 1 
9031 292 1 
9031 298 1 
9031 299 1 
9031 299 1 
9031 307 1 
9031 308 1 
9031 331 1 
9031 339 1 
9031 340 1 
9031 340 1 
9031 350 1 
9031 352 1 
9031 354 1 
9032 1 2 
9032 61 2 
9033 340 1 
9034 109 1 
9034 121 1 
9035 350 1 
9035 350 1 
9035 350 1 
9035 350 1 
9035 350 1 
9035 350 1 
9035 350 1 
9035 350 1 
9035 350 1 
9035 350 1 
9036 305 1 
9037 111 1 
9037 111 1 
9037 128 1 
9037 128 1 
9037 128 1 
9037 128 1 
9037 128 1 
9037 128 1 
9037 128 1 
9037 128 1 
9037 128 1 
9037 128 1 
9037 128 2 
9037 128 1 
9037 128 1 
9037 188 1 
9037 217 1 
9037 228 1 
9037 251 1 
9037 251 3 
9037 251 1 
9037 251 1 
9037 251 1 
9037 251 1 
9037 251 1 
9037 298 1 
9037 299 1 
9037 308 1 
9037 308 1 
9037 308 1 
9037 308 1 
9037 329 1 
9037 331 1 
9037 335 1 
9037 338 1 
9037 340 1 
9037 340 1 
9037 340 1 
9037 340 1 
9037 340 1 
9037 340 1 
9037 340 1 
9037 340 1 
9037 350 1 
9038 155 1 
9039 8 1 
9039 354 1 
9040 4 1 
9040 28 1 
9041 335 1 
9041 337 1 
9041 338 1 
9041 338 1 
9041 338 1 
9041 338 1 
9041 338 1 
9041 338 1 
9042 249 2 
9042 249 3 
9042 299 1 
9042 299 1 
9042 354 1 
9043 113 1 
9043 305 1 
9043 305 1 
9044 124 1 
9045 128 1 
9045 128 1 
9045 283 1 
9045 305 1 
9046 83 1 
9047 331 1 
9048 18 1 
9048 139 1 
9048 152 1 
9048 153 1 
9048 154 1 
9048 155 1 
9048 157 1 
9048 160 1 
9048 161 1 
9048 164 1 
9048 166 1 
9048 169 1 
9048 170 1 
9048 171 1 
9048 172 1 
9048 173 1 
9048 176 1 
9048 178 1 
9048 179 1 
9048 180 1 
9048 181 1 
9048 182 1 
9048 183 1 
9048 184 1 
9048 188 1 
9048 189 1 
9048 190 1 
9048 198 1 
9048 199 1 
9048 200 1 
9048 201 1 
9048 203 1 
9048 204 1 
9048 213 1 
9048 216 1 
9048 217 1 
9048 227 1 
9048 235 1 
9048 236 1 
9048 252 1 
9048 262 1 
9048 267 1 
9048 274 1 
9048 278 1 
9048 286 1 
9048 295 1 
9048 297 1 
9048 300 1 
9048 302 1 
9048 306 1 
9048 306 3 
9048 326 1 
9048 346 1 
9048 348 1 
9049 4 1 
9049 4 1 
9050 113 1 
9050 139 1 
9050 160 1 
9050 192 1 
9051 185 1 
9051 211 1 
9052 113 1 
9052 113 1 
9053 299 1 
9053 350 1 
9053 350 1 
9054 97 1 
9054 97 1 
9054 344 1 
9054 344 1 
9055 4 1 
9055 28 1 
9055 28 1 
9055 113 1 
9055 113 1 
9055 113 1 
9055 113 1 
9055 113 1 
9055 113 1 
9055 113 1 
9055 113 2 
9055 113 1 
9055 128 1 
9055 164 1 
9055 173 1 
9055 243 1 
9055 251 1 
9055 289 1 
9055 307 1 
9055 307 1 
9055 307 1 
9055 308 1 
9055 311 1 
9055 340 1 
9055 340 1 
9055 340 1 
9055 340 1 
9055 340 1 
9055 352 1 
9055 352 1 
9056 185 1 
9057 340 1 
9058 8 2 
9058 8 1 
9058 8 1 
9058 8 1 
9058 8 1 
9058 8 1 
9058 8 2 
9058 8 1 
9058 8 1 
9058 8 1 
9058 8 2 
9058 8 1 
9058 8 1 
9058 8 1 
9058 8 1 
9058 8 1 
9058 8 2 
9058 8 1 
9058 8 1 
9058 8 1 
9058 8 1 
9058 8 1 
9058 8 1 
9058 8 1 
9058 8 1 
9058 8 1 
9058 8 2 
9058 8 1 
9058 8 1 
9058 8 1 
9058 13 1 
9058 22 1 
9058 22 1 
9058 28 1 
9058 28 1 
9058 28 1 
9058 28 1 
9058 28 1 
9058 28 1 
9058 28 1 
9058 28 1 
9058 28 1 
9058 75 1 
9058 77 1 
9058 83 1 
9058 83 1 
9058 83 1 
9058 108 1 
9058 108 1 
9058 108 1 
9058 108 1 
9058 109 1 
9058 109 1 
9058 109 1 
9058 109 1 
9058 109 1 
9058 109 1 
9058 112 1 
9058 113 1 
9058 113 1 
9058 113 1 
9058 121 1 
9058 121 1 
9058 139 1 
9058 139 1 
9058 166 1 
9058 166 1 
9058 166 1 
9058 166 1 
9058 173 1 
9058 173 1 
9058 173 1 
9058 173 1 
9058 173 1 
9058 173 1 
9058 180 1 
9058 181 1 
9058 188 1 
9058 188 1 
9058 189 1 
9058 189 1 
9058 204 1 
9058 212 1 
9058 212 1 
9058 228 1 
9058 228 1 
9058 228 1 
9058 228 1 
9058 228 1 
9058 231 1 
9058 231 1 
9058 231 1 
9058 243 1 
9058 243 3 
9058 243 1 
9058 243 1 
9058 243 1 
9058 243 1 
9058 243 1 
9058 243 1 
9058 243 1 
9058 243 1 
9058 243 1 
9058 243 1 
9058 243 1 
9058 243 1 
9058 243 1 
9058 243 1 
9058 243 1 
9058 270 1 
9058 279 1 
9058 299 1 
9058 299 1 
9058 299 1 
9058 299 1 
9058 299 1 
9058 336 1 
9058 336 1 
9058 336 1 
9059 189 1 
9060 124 1 
9061 331 1 
9062 199 1 
9063 48 1 
9064 77 1 
9065 244 1 
9066 338 1 
9066 338 1 
9067 113 1 
9068 48 1 
9069 13 1 
9069 13 1 
9069 13 1 
9069 13 1 
9070 261 1 
9070 290 1 
9070 351 1 
9071 4 1 
9072 44 1 
9072 44 1 
9072 299 1 
9073 336 1 
9074 185 1 
9075 15 1 
9076 299 1 
9077 7 1 
9077 28 1 
9077 28 1 
9078 350 1 
9079 110 2 
9079 110 2 
9079 110 2 
9079 111 1 
9079 244 1 
9079 279 1 
9079 282 1 
9079 282 1 
9080 83 1 
9080 113 1 
9081 113 1 
9081 289 1 
9081 321 1 
9081 340 1 
9081 340 1 
9082 199 1 
9082 199 1 
9083 28 1 
9083 204 1 
9084 58 1 
9084 228 1 
9084 228 1 
9084 228 1 
9084 228 1 
9084 228 3 
9084 228 1 
9084 228 1 
9084 228 1 
9084 228 1 
9084 228 1 
9084 228 1 
9084 228 1 
9084 228 1 
9084 228 1 
9085 28 1 
9085 279 1 
9086 291 1 
9086 350 1 
9087 350 1 
9088 350 1 
9089 166 1 
9090 3 1 
9090 3 1 
9090 3 1 
9090 7 1 
9090 22 1 
9090 28 1 
9090 28 1 
9090 28 1 
9090 32 1 
9090 83 1 
9090 83 1 
9090 83 1 
9090 83 1 
9090 83 1 
9090 83 1 
9090 229 1 
9090 230 1 
9090 231 1 
9090 259 1 
9090 259 1 
9091 354 1 
9092 128 1 
9093 338 1 
9094 44 1 
9094 44 1 
9094 113 1 
9094 338 1 
9095 34 1 
9096 110 1 
9097 110 2 
9098 113 1 
9099 307 1 
9100 113 1 
9101 103 1 
9101 231 1 
9101 282 1 
9101 287 1 
9101 292 1 
9101 293 1 
9101 298 1 
9101 309 1 
9101 309 1 
9102 299 3 
9102 299 1 
9102 299 1 
9103 48 1 
9104 113 1 
9104 124 1 
9104 124 1 
9105 113 1 
9105 113 1 
9105 113 1 
9105 113 1 
9106 192 1 
9107 350 1 
9108 337 1 
9109 5 1 
9110 311 1 
9111 3 1 
9111 4 1 
9111 28 1 
9111 103 1 
9111 306 1 
9112 7 1 
9112 113 1 
9112 285 1 
9112 350 1 
9112 350 1 
9112 350 1 
9113 210 1 
9114 113 1 
9114 128 1 
9114 128 1 
9114 281 1 
9114 281 1 
9114 309 1 
9114 334 1 
9114 336 1 
9114 350 1 
9114 354 1 
9115 336 1 
9115 336 1 
9116 111 2 
9117 28 1 
9117 139 1 
9117 139 1 
9117 139 1 
9117 139 1 
9117 166 1 
9117 166 1 
9117 173 1 
9118 113 1 
9118 128 1 
9118 128 1 
9118 128 1 
9118 128 1 
9118 128 1 
9118 128 1 
9118 128 1 
9118 281 1 
9118 287 1 
9118 299 1 
9118 306 1 
9119 5 1 
9119 8 2 
9119 28 1 
9119 28 1 
9119 113 1 
9119 113 1 
9119 113 1 
9119 113 1 
9119 113 1 
9119 113 1 
9119 124 1 
9119 128 1 
9119 221 1 
9119 228 1 
9119 228 1 
9119 231 1 
9119 243 1 
9119 249 2 
9119 249 3 
9119 270 1 
9119 282 1 
9119 282 1 
9119 283 1 
9119 283 1 
9119 284 1 
9119 284 1 
9119 287 1 
9119 288 1 
9119 288 1 
9119 288 1 
9119 288 1 
9119 288 1 
9119 290 1 
9119 290 1 
9119 292 1 
9119 292 1 
9119 292 1 
9119 299 1 
9119 303 1 
9119 306 1 
9119 307 1 
9119 307 1 
9119 307 1 
9119 307 1 
9119 308 1 
9119 308 1 
9119 308 1 
9119 311 1 
9119 321 1 
9119 331 1 
9119 332 1 
9119 332 1 
9119 335 1 
9119 337 1 
9119 339 1 
9119 340 1 
9119 340 1 
9119 340 1 
9119 340 1 
9119 340 1 
9119 342 1 
9119 350 1 
9119 350 1 
9119 352 1 
9119 352 1 
9120 3 1 
9120 3 1 
9120 4 1 
9120 5 1 
9120 8 1 
9120 28 1 
9120 54 1 
9120 113 1 
9120 113 1 
9120 113 1 
9120 113 1 
9120 113 1 
9120 113 1 
9120 113 1 
9120 113 1 
9120 113 1 
9120 113 1 
9120 113 1 
9120 128 1 
9120 260 1 
9120 269 1 
9120 270 1 
9120 282 1 
9120 283 1 
9120 289 1 
9120 294 1 
9120 305 1 
9120 305 1 
9120 305 1 
9120 331 1 
9120 331 1 
9120 340 1 
9120 340 1 
9120 340 1 
9120 340 1 
9120 340 1 
9120 340 1 
9120 340 1 
9121 113 1 
9121 308 1 
9121 308 1 
9122 350 1 
9123 350 1 
9124 246 2 
9124 246 3 
9124 285 1 
9124 289 3 
9124 289 1 
9124 289 1 
9124 291 3 
9124 291 1 
9124 291 1 
9124 291 1 
9124 308 1 
9124 322 1 
9124 322 1 
9124 322 1 
9124 340 1 
9124 340 1 
9125 113 1 
9125 113 1 
9126 243 1 
9127 128 1 
9127 128 1 
9128 1 2 
9128 61 2 
9129 173 1 
9129 282 1 
9129 311 1 
9130 54 1 
9130 218 1 
9130 244 1 
9130 263 1 
9131 228 1 
9131 228 1 
9132 299 1 
9133 252 1 
9134 252 1 
9135 41 1 
9135 41 1 
9136 301 1 
9136 301 1 
9136 301 1 
9137 41 1 
9137 301 1 
9137 301 1 
9138 41 1 
9138 41 1 
9138 41 1 
9138 41 1 
9139 154 1 
9139 154 1 
9140 290 1 
9141 180 1 
9141 181 1 
9142 28 1 
9142 113 1 
9142 113 1 
9142 265 1 
9142 282 1 
9142 283 1 
9142 292 1 
9142 298 1 
9142 299 1 
9142 299 1 
9142 308 1 
9142 332 1 
9142 334 1 
9142 336 1 
9142 340 1 
9143 340 1 
9144 331 1 
9145 5 1 
9146 113 1 
