9147 289 1 
9148 4 1 
9148 28 1 
9148 28 1 
9148 113 1 
9148 124 1 
9148 124 1 
9148 128 1 
9148 128 1 
9148 173 1 
9148 231 1 
9148 243 1 
9148 282 1 
9148 283 1 
9148 283 1 
9148 287 1 
9148 290 1 
9148 299 1 
9148 309 1 
9148 311 1 
9148 331 1 
9148 340 1 
9148 340 1 
9148 340 1 
9148 340 1 
9148 340 1 
9148 340 1 
9149 128 1 
9150 279 1 
9150 279 1 
9150 279 1 
9151 351 1 
9152 265 1 
9152 272 3 
9153 228 1 
9153 289 1 
9153 289 1 
9154 12 1 
9154 13 1 
9154 339 1 
9155 19 1 
9155 207 1 
9156 1 1 
9156 1 1 
9156 1 1 
9156 1 1 
9156 2 1 
9156 2 1 
9156 8 1 
9156 8 1 
9156 8 1 
9156 8 1 
9156 8 1 
9156 8 2 
9156 8 1 
9156 8 1 
9156 8 1 
9156 8 1 
9156 12 1 
9156 12 1 
9156 18 1 
9156 18 1 
9156 18 1 
9156 18 1 
9156 21 1 
9156 21 1 
9156 21 1 
9156 21 1 
9156 21 1 
9156 22 1 
9156 22 1 
9156 25 1 
9156 25 1 
9156 25 1 
9156 25 1 
9156 25 1 
9156 38 1 
9156 38 1 
9156 38 1 
9156 38 1 
9156 38 1 
9156 38 1 
9156 38 1 
9156 38 1 
9156 38 1 
9156 38 1 
9156 38 1 
9156 38 1 
9156 38 1 
9156 38 1 
9156 38 1 
9156 38 1 
9156 38 1 
9156 38 1 
9156 38 1 
9156 61 1 
9156 61 1 
9156 61 1 
9156 61 1 
9156 66 1 
9156 66 1 
9156 86 1 
9156 86 1 
9156 95 1 
9156 95 1 
9156 95 1 
9156 95 1 
9156 95 1 
9156 96 1 
9156 96 1 
9156 97 1 
9156 97 1 
9156 97 1 
9156 97 1 
9156 97 1 
9156 97 1 
9156 97 1 
9156 97 1 
9156 97 1 
9156 98 1 
9156 98 1 
9156 100 1 
9156 100 1 
9156 102 1 
9156 102 1 
9156 111 2 
9156 111 1 
9156 111 2 
9156 111 2 
9156 111 2 
9156 115 1 
9156 115 1 
9156 117 1 
9156 117 1 
9156 118 1 
9156 118 1 
9156 119 1 
9156 120 1 
9156 123 1 
9156 124 1 
9156 124 1 
9156 124 1 
9156 124 1 
9156 124 1 
9156 126 1 
9156 127 1 
9156 129 1 
9156 130 1 
9156 131 1 
9156 134 1 
9156 139 1 
9156 139 1 
9156 139 1 
9156 139 1 
9156 140 1 
9156 145 1 
9156 147 1 
9156 148 1 
9156 149 1 
9156 150 1 
9156 152 1 
9156 152 1 
9156 152 1 
9156 152 1 
9156 153 1 
9156 153 1 
9156 153 1 
9156 153 1 
9156 154 1 
9156 154 1 
9156 154 1 
9156 154 1 
9156 155 1 
9156 155 1 
9156 155 1 
9156 155 1 
9156 157 1 
9156 157 1 
9156 157 1 
9156 157 1 
9156 158 1 
9156 159 1 
9156 160 1 
9156 160 1 
9156 160 1 
9156 160 1 
9156 161 1 
9156 161 1 
9156 161 1 
9156 161 1 
9156 161 1 
9156 162 1 
9156 163 1 
9156 163 1 
9156 164 1 
9156 164 1 
9156 164 1 
9156 164 1 
9156 166 1 
9156 166 1 
9156 166 1 
9156 166 1 
9156 168 1 
9156 169 1 
9156 169 1 
9156 169 1 
9156 169 1 
9156 169 1 
9156 170 1 
9156 170 1 
9156 170 1 
9156 170 1 
9156 171 1 
9156 171 1 
9156 171 1 
9156 171 1 
9156 171 1 
9156 172 1 
9156 172 1 
9156 172 1 
9156 172 1 
9156 173 1 
9156 173 1 
9156 173 1 
9156 173 1 
9156 174 1 
9156 175 1 
9156 176 1 
9156 176 1 
9156 176 1 
9156 176 1 
9156 177 1 
9156 178 1 
9156 178 1 
9156 178 1 
9156 178 1 
9156 178 1 
9156 179 1 
9156 179 1 
9156 179 1 
9156 179 1 
9156 180 1 
9156 180 1 
9156 180 1 
9156 180 1 
9156 180 1 
9156 181 1 
9156 181 1 
9156 181 1 
9156 181 1 
9156 181 1 
9156 182 1 
9156 182 1 
9156 182 1 
9156 182 1 
9156 182 1 
9156 183 1 
9156 183 1 
9156 183 1 
9156 183 1 
9156 184 1 
9156 184 1 
9156 184 1 
9156 184 1 
9156 184 1 
9156 188 1 
9156 188 1 
9156 188 1 
9156 188 1 
9156 188 1 
9156 189 1 
9156 189 1 
9156 189 1 
9156 189 1 
9156 190 1 
9156 190 1 
9156 190 1 
9156 190 1 
9156 191 1 
9156 191 1 
9156 194 1 
9156 194 1 
9156 195 1 
9156 197 1 
9156 197 1 
9156 198 1 
9156 198 1 
9156 198 1 
9156 198 1 
9156 198 1 
9156 199 1 
9156 199 1 
9156 199 1 
9156 199 1 
9156 200 1 
9156 200 1 
9156 200 1 
9156 200 1 
9156 200 1 
9156 201 1 
9156 201 1 
9156 201 1 
9156 201 1 
9156 201 1 
9156 202 1 
9156 202 1 
9156 203 1 
9156 203 1 
9156 203 1 
9156 203 1 
9156 204 1 
9156 204 1 
9156 204 1 
9156 204 1 
9156 205 1 
9156 205 1 
9156 206 1 
9156 206 1 
9156 209 1 
9156 209 1 
9156 210 1 
9156 210 1 
9156 211 1 
9156 213 1 
9156 213 1 
9156 213 1 
9156 213 1 
9156 213 1 
9156 215 1 
9156 216 1 
9156 216 1 
9156 216 1 
9156 216 1 
9156 217 1 
9156 217 1 
9156 217 1 
9156 217 1 
9156 218 1 
9156 218 1 
9156 219 1 
9156 219 1 
9156 220 1 
9156 220 1 
9156 221 1 
9156 221 1 
9156 222 1 
9156 222 1 
9156 223 1 
9156 223 1 
9156 224 1 
9156 224 1 
9156 225 1 
9156 225 1 
9156 226 1 
9156 226 1 
9156 227 1 
9156 227 1 
9156 227 1 
9156 227 1 
9156 228 1 
9156 228 1 
9156 229 1 
9156 229 1 
9156 230 1 
9156 230 1 
9156 231 1 
9156 231 1 
9156 232 1 
9156 232 1 
9156 233 1 
9156 233 1 
9156 234 1 
9156 234 1 
9156 234 1 
9156 235 1 
9156 235 1 
9156 235 1 
9156 235 1 
9156 235 1 
9156 236 1 
9156 236 1 
9156 236 1 
9156 236 1 
9156 236 1 
9156 238 1 
9156 238 1 
9156 238 1 
9156 239 1 
9156 243 1 
9156 243 1 
9156 244 1 
9156 244 1 
9156 245 1 
9156 245 1 
9156 246 1 
9156 246 1 
9156 247 1 
9156 247 1 
9156 248 1 
9156 248 1 
9156 249 1 
9156 249 1 
9156 250 1 
9156 250 1 
9156 251 1 
9156 251 1 
9156 252 1 
9156 252 1 
9156 252 1 
9156 252 1 
9156 252 1 
9156 253 1 
9156 253 1 
9156 254 1 
9156 254 1 
9156 254 1 
9156 254 1 
9156 254 1 
9156 262 1 
9156 262 1 
9156 262 1 
9156 262 1 
9156 262 1 
9156 267 1 
9156 267 1 
9156 267 1 
9156 267 1 
9156 267 1 
9156 274 1 
9156 274 1 
9156 274 1 
9156 274 1 
9156 274 1 
9156 277 1 
9156 278 1 
9156 278 1 
9156 278 1 
9156 278 1 
9156 278 1 
9156 286 1 
9156 286 1 
9156 286 1 
9156 286 1 
9156 286 1 
9156 294 1 
9156 294 1 
9156 295 1 
9156 295 1 
9156 295 1 
9156 295 1 
9156 295 1 
9156 297 1 
9156 297 1 
9156 297 1 
9156 297 1 
9156 297 1 
9156 300 1 
9156 300 1 
9156 300 1 
9156 300 1 
9156 300 1 
9156 301 1 
9156 302 1 
9156 302 1 
9156 302 1 
9156 302 1 
9156 304 1 
9156 305 1 
9156 326 1 
9156 326 1 
9156 326 1 
9156 326 1 
9156 326 1 
9156 330 1 
9156 330 1 
9156 330 1 
9156 330 1 
9156 330 1 
9156 333 1 
9156 333 1 
9156 333 1 
9156 333 1 
9156 333 1 
9156 341 1 
9156 341 1 
9156 341 1 
9156 341 1 
9156 341 1 
9156 343 1 
9156 343 1 
9156 343 1 
9156 343 1 
9156 343 1 
9156 345 1 
9156 345 1 
9156 345 1 
9156 345 1 
9156 345 1 
9156 346 1 
9156 346 1 
9156 346 1 
9156 346 1 
9156 346 1 
9156 348 1 
9156 348 1 
9156 348 1 
9156 348 1 
9156 348 1 
9156 349 1 
9156 353 1 
9156 353 1 
9156 353 1 
9156 353 1 
9156 353 1 
9156 354 1 
9156 354 1 
9156 354 1 
9156 354 1 
9156 354 1 
9156 355 1 
9156 355 1 
9156 355 1 
9156 355 1 
9156 355 1 
9156 356 1 
9156 356 1 
9156 356 1 
9156 356 1 
9156 356 1 
9157 28 1 
9157 127 3 
9157 243 1 
9158 139 1 
9159 28 1 
9160 124 1 
9160 124 1 
9161 222 1 
9162 155 1 
9163 155 1 
9164 350 1 
9165 113 1 
9165 113 1 
9165 113 1 
9165 298 1 
9165 340 1 
9166 128 1 
9166 128 1 
9166 128 1 
9166 128 1 
9166 228 1 
9166 290 1 
9166 335 1 
9166 335 1 
9166 335 1 
9166 335 1 
9166 335 1 
9166 335 1 
9166 335 1 
9166 335 1 
9166 335 1 
9166 335 3 
9166 335 3 
9166 335 1 
9166 336 1 
9166 338 1 
9167 15 1 
9168 28 1 
9169 11 1 
9169 11 1 
9170 289 1 
9170 322 1 
9171 103 2 
9172 83 3 
9173 251 1 
9174 124 1 
9174 124 1 
9174 354 1 
9175 34 1 
9175 113 1 
9175 113 1 
9176 199 1 
9177 28 1 
9177 113 1 
9177 299 1 
9177 350 1 
9177 350 1 
9178 350 1 
9179 70 1 
9180 19 1 
9180 20 2 
9180 199 1 
9180 208 2 
9180 254 1 
9180 270 1 
9180 298 1 
9180 321 1 
9180 321 1 
9180 321 1 
9180 321 1 
9181 288 1 
9181 288 1 
9181 293 1 
9182 351 1 
9183 266 2 
9183 266 3 
9184 350 1 
9185 113 1 
9185 113 1 
9185 113 1 
9186 185 1 
9187 113 1 
9188 113 1 
9189 121 1 
9189 121 1 
9190 113 1 
9191 113 1 
9192 124 1 
9192 331 1 
9192 331 1 
9192 340 1 
9193 98 1 
9194 350 1 
9195 284 1 
9195 284 1 
9195 284 1 
9196 185 1 
9197 128 1 
9198 8 1 
9198 354 1 
9199 105 1 
9200 222 1 
9200 321 1 
9200 321 1 
9200 321 1 
9200 321 1 
9200 321 1 
9201 227 1 
9202 8 1 
9202 8 1 
9202 25 1 
9202 25 1 
9202 25 1 
9202 112 1 
9202 112 1 
9202 330 1 
9202 330 1 
9202 330 1 
9202 333 1 
9202 333 1 
9202 333 1 
9202 341 1 
9202 341 1 
9202 341 1 
9202 343 1 
9202 343 1 
9202 343 1 
9202 345 1 
9202 345 1 
9202 345 1 
9202 353 1 
9202 353 1 
9202 353 1 
9202 354 1 
9202 354 1 
9202 354 1 
9202 355 1 
9202 355 1 
9202 355 1 
9202 356 1 
9202 356 1 
9202 356 1 
9203 299 1 
9204 5 1 
9204 5 1 
9204 5 1 
9204 5 1 
9204 7 1 
9204 8 1 
9204 8 1 
9204 18 1 
9204 18 1 
9204 18 1 
9204 18 1 
9204 18 1 
9204 28 1 
9204 30 1 
9204 31 3 
9204 70 1 
9204 81 3 
9204 107 1 
9204 109 1 
9204 113 1 
9204 113 1 
9204 113 1 
9204 113 1 
9204 121 1 
9204 124 1 
9204 124 1 
9204 128 1 
9204 128 1 
9204 166 1 
9204 225 3 
9204 225 3 
9204 225 2 
9204 231 1 
9204 231 1 
9204 231 1 
9204 251 1 
9204 280 1 
9204 308 1 
9204 308 1 
9204 322 1 
9204 336 1 
9204 351 1 
9204 355 1 
9204 355 1 
9204 355 1 
9204 355 1 
9205 332 1 
9205 332 1 
9205 332 1 
9205 332 1 
9205 332 1 
9206 247 3 
9206 247 3 
9206 247 2 
9206 298 1 
9207 105 1 
9208 128 1 
9208 350 1 
9209 124 1 
9209 124 1 
9209 124 1 
9210 124 1 
9211 199 1 
9211 199 1 
9212 3 1 
9212 260 1 
9212 269 1 
9212 270 1 
9212 340 1 
9212 340 1 
9212 340 1 
9213 350 1 
9214 97 1 
9215 281 1 
9215 305 1 
9215 305 1 
9215 305 1 
9216 350 1 
9217 113 1 
9218 307 1 
9218 308 1 
9218 308 1 
9218 340 1 
9218 340 1 
9218 352 1 
9219 113 1 
9220 25 1 
9220 341 1 
9221 350 1 
9222 97 1 
9222 97 1 
9222 97 1 
9222 97 1 
9222 344 1 
9222 344 1 
9222 344 1 
9222 344 1 
9223 111 2 
9223 111 2 
9223 336 1 
9223 350 1 
9224 350 1 
9225 260 1 
9225 269 1 
9226 1 1 
9226 61 1 
9227 336 1 
9227 336 1 
9227 336 1 
9227 336 1 
9228 44 1 
9228 299 1 
9229 354 1 
9230 289 1 
9231 24 1 
9231 115 3 
9231 115 1 
9231 115 3 
9231 218 1 
9231 218 1 
9231 256 1 
9231 308 1 
9231 308 1 
9231 308 1 
9231 308 1 
9231 308 1 
9231 310 1 
9231 310 1 
9231 310 3 
9231 310 1 
9231 310 1 
9231 310 1 
9231 310 1 
9231 313 1 
9231 313 1 
9231 313 1 
9231 313 1 
9231 313 1 
9231 313 3 
9231 313 1 
9232 336 1 
9233 302 1 
9233 302 1 
9234 350 1 
9235 291 1 
9236 3 1 
9236 44 1 
9236 44 1 
9236 288 1 
9236 340 1 
9236 350 1 
9236 350 1 
9236 350 1 
9236 350 1 
9236 350 1 
9237 124 1 
9238 17 1 
9238 28 1 
9238 28 1 
9238 28 1 
9238 28 1 
9238 75 1 
9238 75 1 
9238 75 1 
9238 75 1 
9238 75 1 
9238 110 2 
9238 110 2 
9238 110 2 
9238 121 1 
9238 173 1 
9238 204 1 
9238 218 1 
9238 231 1 
9238 231 1 
9238 231 3 
9238 231 1 
9238 231 1 
9238 231 1 
9238 251 1 
9238 254 1 
9238 279 1 
9238 282 1 
9238 283 1 
9238 291 1 
9238 293 1 
9238 308 1 
9238 321 1 
9238 321 1 
9238 321 1 
9238 321 1 
9238 321 1 
9238 321 1 
9238 321 1 
9238 321 1 
9238 322 1 
9238 325 3 
9238 331 1 
9238 331 1 
9238 331 1 
9239 3 1 
9239 3 1 
9239 3 1 
9239 4 1 
9239 7 1 
9239 7 1 
9239 7 1 
9239 7 1 
9239 7 1 
9239 7 1 
9239 7 1 
9239 25 1 
9239 28 1 
9239 32 1 
9239 83 1 
9239 103 1 
9239 113 1 
9239 113 1 
9239 113 2 
9239 113 1 
9239 113 1 
9239 113 1 
9239 113 1 
9239 113 1 
9239 113 3 
9239 113 1 
9239 113 1 
9239 113 2 
9239 137 1 
9239 281 1 
9239 281 1 
9239 281 1 
9239 285 1 
9239 291 1 
9239 305 1 
9239 305 1 
9239 305 1 
9239 306 1 
9239 322 1 
9239 330 1 
9239 333 1 
9239 336 1 
9239 336 1 
9239 340 1 
9239 340 1 
9239 340 1 
9239 340 1 
9239 340 1 
9239 340 1 
9239 341 1 
9239 343 1 
9239 345 1 
9239 350 1 
9239 350 1 
9239 350 1 
9239 353 1 
9239 354 1 
9239 354 1 
9239 354 1 
9239 354 1 
9239 354 1 
9239 354 1 
9239 355 1 
9239 355 1 
9239 356 1 
9239 356 1 
9240 260 1 
9240 269 1 
9241 128 1 
9241 128 2 
9241 288 1 
9241 338 1 
9241 338 1 
9242 299 1 
9243 305 1 
9244 113 1 
9244 113 1 
9244 113 1 
9245 285 1 
9246 113 1 
9246 113 1 
9246 113 2 
9247 299 1 
9248 113 1 
9249 354 1 
9250 113 1 
9250 340 1 
9250 340 1 
9250 354 1 
9251 305 1 
9252 103 1 
9253 231 1 
9253 340 1 
9254 113 1 
9255 17 1 
9255 17 1 
9255 17 1 
9255 17 3 
9255 17 1 
9255 113 1 
9255 113 1 
9255 113 1 
9256 113 1 
9256 113 1 
9257 124 1 
9257 218 1 
9257 328 1 
9258 155 1 
9259 38 1 
9260 299 1 
9260 299 1 
9260 299 1 
9260 299 1 
9261 113 1 
9261 128 1 
9262 105 1 
9263 354 1 
9264 113 1 
9265 38 1 
9266 139 1 
9266 282 1 
9266 351 1 
9267 7 1 
9267 8 1 
9267 8 1 
9267 8 1 
9267 8 1 
9267 8 1 
9267 108 1 
9267 111 1 
9267 113 1 
9267 124 1 
9267 124 1 
9267 124 1 
9267 124 1 
9267 124 1 
9267 124 1 
9267 126 3 
9267 128 1 
9267 128 1 
9267 128 1 
9267 128 1 
9267 128 1 
9267 128 1 
9267 128 1 
9267 158 3 
9267 228 1 
9267 234 1 
9267 234 1 
9267 234 1 
9267 238 1 
9267 238 1 
9267 238 1 
9267 254 1 
9267 293 1 
9267 293 1 
9267 334 1 
9267 334 1 
9267 335 1 
9267 335 1 
9267 337 1 
9267 337 1 
9267 337 1 
9267 338 1 
9267 338 1 
9267 338 1 
9267 338 1 
9267 338 1 
9267 338 1 
9267 338 1 
9267 338 1 
9267 338 1 
9267 338 1 
9267 338 1 
9267 338 1 
9267 338 1 
9267 338 1 
9267 338 1 
9267 338 1 
9267 338 1 
9267 338 1 
9267 338 1 
9267 338 1 
9267 338 1 
9267 338 1 
9267 338 1 
9267 338 1 
9267 338 1 
9267 338 1 
9267 338 1 
9267 338 1 
9267 338 1 
9267 338 1 
9267 338 1 
9267 338 1 
9267 342 3 
9267 342 1 
9267 342 1 
9267 350 1 
9267 350 1 
9268 164 1 
9269 113 1 
9270 11 1 
9271 299 1 
9272 13 1 
9273 281 1 
9273 287 1 
9273 287 1 
9273 287 1 
9273 308 1 
9273 312 1 
9273 313 1 
9274 350 1 
9275 282 1 
9276 305 1 
9277 306 1 
9278 350 1 
9279 124 1 
9279 124 1 
9280 350 1 
9280 350 1 
9281 113 1 
9281 113 1 
9281 113 1 
9281 113 1 
9282 231 1 
9282 282 1 
9282 283 1 
9282 283 1 
9282 298 1 
9282 298 1 
9282 309 1 
9282 310 1 
9282 310 1 
9282 334 1 
9282 350 1 
9283 28 1 
9283 67 1 
9283 113 1 
9283 113 1 
9283 113 1 
9283 180 1 
9283 350 1 
9283 350 1 
9283 350 1 
9283 350 1 
9283 350 1 
9283 350 1 
9283 350 1 
9283 350 1 
9283 350 1 
9284 28 1 
9285 113 1 
9286 113 1 
9286 113 1 
9286 113 1 
9286 113 1 
9286 113 1 
9286 340 1 
9286 340 1 
9287 199 1 
9288 113 1 
9289 38 1 
9290 38 1 
9291 103 1 
9291 113 1 
9291 113 1 
9291 113 1 
9291 113 1 
9291 113 1 
9291 180 1 
9291 350 1 
9292 113 1 
9292 305 1 
9293 234 1 
9293 234 1 
9293 238 1 
9293 238 1 
9294 2 3 
9294 9 3 
9294 254 1 
9294 299 1 
9294 299 1 
9295 350 1 
9296 306 1 
9297 128 1 
9298 113 1 
9299 299 1 
9300 124 1 
9300 124 1 
9300 124 1 
9300 124 1 
9301 185 1 
9301 185 1 
9301 185 1 
9302 70 1 
9303 70 1 
9304 299 1 
9305 350 1 
9305 350 1 
9306 28 1 
9306 30 1 
9306 58 1 
9306 64 3 
9306 66 1 
9306 70 1 
9306 82 1 
9306 83 1 
9306 128 1 
9306 128 1 
9306 217 1 
9306 217 1 
9306 217 1 
9306 217 1 
9306 263 1 
9306 280 1 
9306 299 1 
9306 299 1 
9306 299 1 
9306 299 1 
9306 319 3 
9306 336 1 
9306 336 1 
9306 336 1 
9306 336 1 
9306 336 1 
9306 336 1 
9306 336 1 
9306 336 1 
9306 336 1 
9306 336 1 
9307 307 1 
9308 350 1 
9309 113 1 
9310 124 1 
9311 212 1 
9311 212 1 
9311 212 1 
9312 336 1 
9313 1 1 
9313 61 1 
9313 350 1 
9314 7 1 
9315 124 1 
9316 340 1 
9317 355 1 
9318 38 1 
9319 25 1 
9319 330 1 
9319 333 1 
9319 341 1 
9319 343 1 
9319 345 1 
9319 353 1 
9319 354 1 
9319 355 1 
9319 356 1 
9320 336 1 
9321 28 1 
9322 34 1 
9323 25 1 
9323 330 1 
9323 333 1 
9323 341 1 
9323 343 1 
9323 345 1 
9323 353 1 
9323 354 1 
9323 355 1 
9323 356 1 
9324 25 1 
9324 330 1 
9324 333 1 
9324 341 1 
9324 343 1 
9324 345 1 
9324 353 1 
9324 354 1 
9324 355 1 
9324 356 1 
9325 25 1 
9325 330 1 
9325 333 1 
9325 341 1 
9325 343 1 
9325 345 1 
9325 353 1 
9325 354 1 
9325 355 1 
9325 356 1 
9326 128 1 
9327 299 1 
9328 128 1 
9328 128 1 
9328 128 1 
9328 128 1 
9328 128 1 
9328 128 1 
9328 128 1 
9328 128 1 
9328 128 1 
9328 128 1 
9328 279 1 
9329 339 1 
9329 350 1 
9330 113 1 
9330 113 1 
9330 113 1 
9330 124 1 
9330 124 1 
9330 299 1 
9331 113 1 
9331 299 1 
9332 335 1 
9332 335 1 
9332 335 1 
9333 332 1 
9333 332 1 
9334 5 1 
9334 170 1 
9334 210 1 
9334 212 1 
9335 128 1 
9335 173 1 
9336 103 1 
9336 311 1 
9336 354 1 
9337 243 1 
9338 336 1 
9339 24 1 
9339 256 1 
9340 100 1 
9340 115 1 
9340 115 1 
9340 118 1 
9340 118 1 
9340 118 1 
9340 118 1 
9340 220 1 
9340 222 3 
9341 220 1 
9341 221 3 
9342 1 2 
9342 5 1 
9342 61 2 
9342 113 1 
9342 290 1 
9342 291 1 
9342 291 1 
9342 340 1 
9343 124 1 
9343 124 1 
9343 350 1 
9344 355 1 
9345 243 1 
9346 24 1 
9346 256 1 
9347 162 1 
9347 162 1 
9347 162 1 
9347 162 1 
9347 162 1 
9347 162 1 
9347 162 1 
9347 211 1 
9347 211 1 
9347 211 1 
9347 211 1 
9347 211 1 
9347 211 1 
9347 211 1 
9347 211 1 
9347 211 1 
9347 211 1 
9348 299 1 
9348 299 1 
9349 48 1 
9350 264 1 
9351 253 1 
9351 271 1 
9351 271 1 
9352 332 1 
9353 254 1 
9353 254 1 
9353 254 1 
9354 254 1 
9355 28 1 
9355 340 1 
9355 340 1 
9355 340 1 
9355 340 1 
9356 160 1 
9357 199 1 
9358 28 1 
9358 226 2 
9358 226 3 
9358 299 1 
9359 113 1 
9360 8 2 
9360 8 2 
9360 8 1 
9360 113 1 
9361 113 1 
9361 124 1 
9361 124 1 
9361 124 1 
9361 124 1 
9361 124 1 
9361 124 1 
9361 124 1 
9361 124 1 
9361 299 1 
9361 299 1 
9362 260 1 
9362 269 1 
9362 332 1 
9363 299 1 
9364 1 2 
9364 4 1 
9364 7 1 
9364 28 1 
9364 28 1 
9364 61 2 
9364 83 1 
9364 93 2 
9364 112 1 
9364 128 1 
9364 173 1 
9364 173 1 
9364 173 1 
9364 212 1 
9364 307 1 
9364 331 1 
9364 331 1 
9364 331 1 
9364 336 1 
9364 336 1 
9364 336 1 
9364 350 1 
9364 355 1 
9365 306 1 
9366 14 1 
9366 14 1 
9366 103 1 
9366 103 1 
9366 103 1 
9366 103 1 
9366 103 1 
9366 218 1 
9366 219 1 
9366 219 1 
9366 223 1 
9366 224 1 
9366 225 1 
9366 226 1 
9366 232 1 
9366 233 1 
9366 237 1 
9366 240 1 
9366 241 1 
9366 242 1 
9366 245 1 
9366 246 1 
9366 247 1 
9366 248 1 
9366 249 1 
9366 250 1 
9366 268 1 
9366 303 1 
9366 321 1 
9366 329 1 
9366 329 1 
9366 331 1 
9366 332 1 
9366 336 1 
9366 336 1 
9366 351 1 
9366 351 1 
9366 352 1 
9367 18 1 
9367 121 1 
9367 128 1 
9367 225 3 
9367 225 3 
9367 225 2 
9368 13 1 
9368 103 1 
9369 113 1 
9370 350 1 
9371 1 2 
9371 3 1 
9371 5 1 
9371 7 1 
9371 7 1 
9371 8 1 
9371 8 1 
9371 25 1 
9371 28 1 
9371 28 1 
9371 48 1 
9371 61 2 
9371 113 1 
9371 113 1 
9371 113 1 
9371 113 1 
9371 128 1 
9371 128 1 
9371 154 1 
9371 166 1 
9371 166 1 
9371 173 1 
9371 189 1 
9371 192 1 
9371 210 1 
9371 228 1 
9371 228 1 
9371 243 1 
9371 260 1 
9371 269 1 
9371 270 1 
9371 284 1 
9371 284 1 
9371 287 1 
9371 288 1 
9371 288 1 
9371 288 1 
9371 292 1 
9371 292 1 
9371 292 1 
9371 292 3 
9371 298 1 
9371 298 1 
9371 299 1 
9371 299 1 
9371 307 1 
9371 308 1 
9371 308 1 
9371 313 1 
9371 319 3 
9371 330 1 
9371 333 1 
9371 334 1 
9371 336 1 
9371 336 1 
9371 340 1 
9371 341 1 
9371 343 1 
9371 345 1 
9371 350 1 
9371 350 1 
9371 350 1 
9371 350 1 
9371 350 1 
9371 350 1 
9371 353 1 
9371 354 1 
9371 354 1 
9371 355 1 
9371 355 1 
9371 355 1 
9371 355 1 
9371 356 1 
9372 299 1 
9373 354 1 
9374 209 1 
9375 243 1 
9376 209 1 
9377 154 1 
9377 154 1 
9377 176 1 
9377 186 1 
9378 307 1 
9379 290 1 
9379 290 1 
9380 106 1 
9380 111 2 
9380 111 2 
9380 113 1 
9380 336 1 
9380 336 1 
9380 336 1 
9381 305 1 
9382 185 1 
9383 113 1 
9384 355 1 
9384 355 1 
9385 299 1 
9386 113 2 
9386 113 2 
9387 336 1 
9388 340 1 
9389 350 1 
9390 350 1 
9391 212 1 
9391 212 1 
9391 340 1 
9391 340 1 
9391 340 1 
9391 340 1 
9392 25 1 
9392 330 1 
9392 333 1 
9392 341 1 
9392 343 1 
9392 345 1 
9392 353 1 
9392 354 1 
9392 355 1 
9392 356 1 
9393 299 1 
9393 336 1 
9393 336 1 
9394 113 1 
9394 113 1 
9394 113 1 
9394 113 1 
9394 113 1 
9394 113 1 
9394 113 1 
9394 113 1 
9394 351 1 
9395 14 1 
9396 124 1 
9397 8 1 
9397 8 1 
9397 8 1 
9398 227 1 
9398 340 1 
9398 350 1 
9398 355 1 
9399 350 1 
9400 24 1 
9400 128 1 
9400 228 1 
9400 256 1 
9400 258 3 
9400 258 1 
9400 283 1 
9400 354 1 
9401 293 1 
9402 310 1 
9403 7 1 
9403 7 1 
9403 7 1 
9403 9 3 
9403 18 1 
9403 28 1 
9403 28 1 
9403 28 1 
9403 28 1 
9403 28 1 
9403 28 1 
9403 28 1 
9403 28 1 
9403 28 1 
9403 28 1 
9403 112 1 
9403 112 1 
9403 113 1 
9403 128 1 
9403 128 1 
9403 139 1 
9403 139 1 
9403 139 1 
9403 139 1 
9403 139 1 
9403 139 1 
9403 139 1 
9403 139 1 
9403 166 1 
9403 166 1 
9403 166 1 
9403 166 1 
9403 166 1 
9403 173 1 
9403 189 1 
9403 189 1 
9403 189 1 
9403 217 1 
9403 217 1 
9403 217 1 
9403 228 1 
9403 260 1 
9403 269 1 
9403 282 1 
9403 290 1 
9403 290 1 
9403 299 1 
9403 306 1 
9403 308 1 
9403 331 1 
9403 335 1 
9403 335 1 
9403 335 1 
9403 337 1 
9403 337 1 
9403 338 1 
9403 350 1 
9403 350 1 
9403 350 1 
9403 355 1 
9404 103 1 
9404 103 1 
9404 128 1 
9404 219 1 
9404 254 1 
9404 254 1 
9404 254 1 
9404 332 1 
9404 332 1 
9404 339 1 
9405 10 1 
9405 10 1 
9405 10 1 
9405 14 2 
9405 16 2 
9405 17 2 
9405 19 2 
9405 20 1 
9405 20 1 
9405 20 1 
9405 21 3 
9405 24 3 
9405 41 1 
9405 44 1 
9405 44 1 
9405 75 1 
9405 75 1 
9405 85 1 
9405 85 3 
9405 85 1 
9405 85 1 
9405 86 1 
9405 86 1 
9405 86 1 
9405 86 1 
9405 86 1 
9405 86 1 
9405 86 1 
9405 86 1 
9405 91 3 
9405 91 1 
9405 91 1 
9405 93 1 
9405 93 3 
9405 93 1 
9405 93 1 
9405 95 3 
9405 95 3 
9405 104 2 
9405 106 2 
9405 107 2 
9405 108 2 
9405 109 2 
9405 111 2 
9405 112 2 
9405 113 2 
9405 114 2 
9405 116 2 
9405 119 1 
9405 119 1 
9405 119 2 
9405 119 1 
9405 120 1 
9405 120 2 
9405 120 1 
9405 120 1 
9405 121 2 
9405 122 2 
9405 123 1 
9405 123 1 
9405 123 2 
9405 123 1 
9405 124 1 
9405 124 1 
9405 124 1 
9405 124 1 
9405 124 1 
9405 124 1 
9405 125 2 
9405 126 1 
9405 126 1 
9405 126 2 
9405 126 1 
9405 127 2 
9405 127 1 
9405 127 1 
9405 127 1 
9405 128 2 
9405 129 1 
9405 129 2 
9405 129 1 
9405 129 1 
9405 130 1 
9405 130 1 
9405 130 1 
9405 130 2 
9405 131 1 
9405 131 1 
9405 131 1 
9405 131 2 
9405 132 1 
9405 132 1 
9405 132 1 
9405 132 2 
9405 132 1 
9405 134 1 
9405 134 1 
9405 134 2 
9405 134 1 
9405 135 2 
9405 135 1 
9405 135 1 
9405 135 1 
9405 135 1 
9405 138 1 
9405 138 2 
9405 138 1 
9405 138 1 
9405 138 1 
9405 140 1 
9405 140 1 
9405 140 1 
9405 140 2 
9405 142 2 
9405 142 1 
9405 142 1 
9405 142 1 
9405 142 1 
9405 143 2 
9405 143 1 
9405 143 1 
9405 143 1 
9405 143 1 
9405 144 1 
9405 144 1 
9405 144 1 
9405 144 1 
9405 144 2 
9405 145 1 
9405 145 1 
9405 145 2 
9405 145 1 
9405 146 1 
9405 146 2 
9405 146 1 
9405 146 1 
9405 146 1 
9405 147 1 
9405 147 1 
9405 147 2 
9405 147 1 
9405 148 2 
9405 148 1 
9405 148 1 
9405 148 1 
9405 149 2 
9405 149 1 
9405 149 1 
9405 149 1 
9405 150 1 
9405 150 1 
9405 150 1 
9405 150 2 
9405 151 1 
9405 151 2 
9405 151 1 
9405 151 1 
9405 151 1 
9405 156 1 
9405 156 1 
9405 156 1 
9405 156 1 
9405 156 2 
9405 158 1 
9405 158 1 
9405 158 2 
9405 158 1 
9405 159 2 
9405 159 1 
9405 159 1 
9405 159 1 
9405 161 1 
9405 161 1 
9405 161 1 
9405 162 1 
9405 162 1 
9405 162 2 
9405 162 1 
9405 165 2 
9405 167 1 
9405 167 1 
9405 167 2 
9405 168 1 
9405 168 1 
9405 168 1 
9405 168 2 
9405 169 1 
9405 169 1 
9405 169 1 
9405 171 1 
9405 171 1 
9405 171 1 
9405 174 2 
9405 174 1 
9405 174 1 
9405 174 1 
9405 175 1 
9405 175 1 
9405 175 1 
9405 175 2 
9405 177 1 
9405 177 1 
9405 177 1 
9405 177 2 
9405 178 1 
9405 178 1 
9405 178 1 
9405 180 1 
9405 180 1 
9405 180 1 
9405 181 1 
9405 181 1 
9405 181 1 
9405 182 1 
9405 182 1 
9405 182 1 
9405 184 1 
9405 184 1 
9405 184 1 
9405 187 2 
9405 188 1 
9405 188 1 
9405 188 1 
9405 192 2 
9405 193 3 
9405 193 2 
9405 195 2 
9405 195 1 
9405 195 1 
9405 195 1 
9405 196 2 
9405 198 1 
9405 198 1 
9405 198 1 
9405 200 1 
9405 200 1 
9405 200 1 
9405 201 1 
9405 201 1 
9405 201 1 
9405 207 2 
9405 208 1 
9405 208 1 
9405 208 3 
9405 208 1 
9405 211 2 
9405 211 1 
9405 211 1 
9405 211 1 
9405 212 2 
9405 213 1 
9405 213 1 
9405 213 1 
9405 235 1 
9405 235 1 
9405 235 1 
9405 236 1 
9405 236 1 
9405 236 1 
9405 239 2 
9405 239 1 
9405 239 1 
9405 239 1 
9405 252 1 
9405 252 1 
9405 252 1 
9405 256 3 
9405 256 3 
9405 262 1 
9405 262 1 
9405 262 1 
9405 267 1 
9405 267 1 
9405 267 1 
9405 274 1 
9405 274 1 
9405 274 1 
9405 277 2 
9405 277 1 
9405 277 1 
9405 277 1 
9405 278 1 
9405 278 1 
9405 278 1 
9405 286 1 
9405 286 1 
9405 286 1 
9405 295 1 
9405 295 1 
9405 295 1 
9405 297 1 
9405 297 1 
9405 297 1 
9405 300 1 
9405 300 1 
9405 300 1 
9405 301 1 
9405 301 1 
9405 301 1 
9405 301 2 
9405 302 3 
9405 326 1 
9405 326 1 
9405 326 1 
9405 341 3 
9405 346 1 
9405 346 1 
9405 346 1 
9405 348 1 
9405 348 1 
9405 348 1 
9405 349 1 
9405 349 2 
9405 349 1 
9405 349 1 
9405 356 1 
9406 354 1 
9406 354 1 
9407 121 1 
9408 113 1 
9408 113 1 
9408 113 1 
9408 113 1 
9409 199 1 
9409 199 1 
9410 350 1 
9411 97 1 
9411 344 1 
9412 128 2 
9413 7 1 
9413 28 1 
9414 1 2 
9414 4 1 
9414 14 2 
9414 16 2 
9414 17 2 
9414 19 2 
9414 21 3 
9414 22 1 
9414 24 3 
9414 61 2 
9414 75 1 
9414 75 1 
9414 83 1 
9414 85 3 
9414 86 1 
9414 86 1 
9414 95 3 
9414 95 3 
9414 104 2 
9414 106 2 
9414 107 2 
9414 108 2 
9414 109 2 
9414 109 1 
9414 111 2 
9414 112 2 
9414 113 1 
9414 113 1 
9414 113 1 
9414 113 1 
9414 113 2 
9414 114 2 
9414 116 2 
9414 119 2 
9414 120 2 
9414 121 2 
9414 121 1 
9414 121 1 
9414 122 2 
9414 123 2 
9414 124 1 
9414 125 2 
9414 126 2 
9414 127 2 
9414 128 2 
9414 129 2 
9414 130 2 
9414 131 2 
9414 132 2 
9414 132 1 
9414 134 2 
9414 135 2 
9414 135 1 
9414 137 1 
9414 138 1 
9414 138 2 
9414 139 1 
9414 140 2 
9414 142 2 
9414 142 1 
9414 143 2 
9414 143 1 
9414 144 1 
9414 144 2 
9414 145 2 
9414 146 1 
9414 146 2 
9414 147 2 
9414 148 2 
9414 149 2 
9414 150 2 
9414 151 1 
9414 151 2 
9414 156 1 
9414 156 2 
9414 158 2 
9414 159 2 
9414 162 2 
9414 165 2 
9414 167 1 
9414 167 2 
9414 168 2 
9414 174 2 
9414 175 2 
9414 177 2 
9414 187 2 
9414 192 2 
9414 193 2 
9414 193 3 
9414 195 2 
9414 196 2 
9414 207 2 
9414 208 3 
9414 211 2 
9414 212 2 
9414 232 2 
9414 232 3 
9414 239 2 
9414 248 2 
9414 248 3 
9414 248 2 
9414 248 3 
9414 256 3 
9414 256 3 
9414 259 1 
9414 259 1 
9414 277 2 
9414 299 1 
9414 301 2 
9414 302 3 
9414 332 1 
9414 340 1 
9414 341 3 
9414 349 2 
9415 243 1 
9415 243 1 
9416 66 1 
9416 70 1 
9416 75 1 
9416 75 3 
9416 75 3 
9416 82 1 
9416 83 1 
9416 83 3 
9416 113 1 
9416 124 1 
9416 124 1 
9416 124 1 
9416 221 1 
9416 279 1 
9416 279 1 
9416 299 1 
9416 328 3 
9416 328 1 
9416 328 1 
9416 328 3 
9416 350 1 
9416 350 1 
9416 350 1 
9416 350 1 
9416 350 1 
9416 350 1 
9417 111 1 
9417 111 1 
9417 219 1 
9417 219 3 
9417 219 3 
9417 219 2 
9418 170 1 
9419 124 1 
9420 350 1 
9421 281 1 
9422 350 1 
9422 350 1 
9423 113 1 
9424 170 1 
9424 289 1 
9425 44 1 
9425 289 1 
9426 113 1 
9426 222 1 
9427 209 1 
9427 255 1 
9427 257 1 
9427 280 1 
9427 321 1 
9427 321 1 
9427 321 1 
9427 321 1 
9427 321 1 
9427 321 1 
9427 321 1 
9427 321 1 
9427 321 1 
9427 321 1 
9427 321 1 
9427 321 1 
9427 350 1 
9428 210 1 
9428 212 1 
9428 212 1 
9428 212 1 
9428 212 1 
9428 212 1 
9428 212 1 
9429 160 1 
9429 336 1 
9430 285 1 
9431 18 1 
9432 27 1 
9433 350 1 
9434 54 1 
9434 113 1 
9434 113 1 
9434 128 1 
9434 128 1 
9434 164 1 
9434 173 1 
9434 222 1 
9434 299 1 
9434 299 1 
9434 308 1 
9434 340 1 
9434 340 1 
9434 340 1 
9434 340 1 
9434 340 1 
9434 340 1 
9435 1 2 
9435 1 2 
9435 1 2 
9435 61 2 
9435 61 2 
9435 61 2 
9435 113 1 
9436 113 1 
9436 113 1 
9437 13 1 
9437 124 1 
9437 299 1 
9437 305 1 
9437 350 1 
9437 354 1 
9437 354 1 
9438 334 1 
9438 335 1 
9438 337 1 
9438 338 1 
9439 299 1 
9439 337 1 
9439 350 1 
9440 350 1 
9441 299 1 
9441 299 1 
9442 113 1 
9443 3 1 
9443 98 1 
9443 113 1 
9443 113 1 
9443 113 1 
9443 217 1 
9443 234 1 
9443 234 1 
9443 238 1 
9443 238 1 
9443 299 1 
9443 305 1 
9443 309 1 
9443 335 1 
9443 337 1 
9443 350 1 
9443 350 1 
9443 351 1 
9444 1 2 
9444 1 1 
9444 4 1 
9444 5 1 
9444 8 1 
9444 8 3 
9444 8 1 
9444 8 1 
9444 8 1 
9444 8 1 
9444 8 1 
9444 8 1 
9444 8 1 
9444 9 1 
9444 10 1 
9444 10 1 
9444 10 2 
9444 11 1 
9444 18 1 
9444 18 1 
9444 18 1 
9444 22 3 
9444 22 1 
9444 22 1 
9444 22 1 
9444 22 3 
9444 22 1 
9444 22 1 
9444 22 1 
9444 28 1 
9444 30 1 
9444 54 1 
9444 54 1 
9444 54 1 
9444 54 1 
9444 61 2 
9444 61 1 
9444 66 1 
9444 66 1 
9444 70 1 
9444 70 1 
9444 75 1 
9444 75 1 
9444 77 1 
9444 77 1 
9444 77 3 
9444 80 1 
9444 82 1 
9444 82 1 
9444 85 2 
9444 85 1 
9444 85 1 
9444 86 1 
9444 86 1 
9444 86 1 
9444 91 1 
9444 93 1 
9444 93 1 
9444 93 1 
9444 93 1 
9444 99 3 
9444 99 1 
9444 107 1 
9444 107 1 
9444 107 1 
9444 108 1 
9444 108 1 
9444 111 1 
9444 111 1 
9444 111 1 
9444 111 1 
9444 112 1 
9444 113 1 
9444 121 1 
9444 124 1 
9444 124 1 
9444 124 1 
9444 124 1 
9444 124 1 
9444 124 1 
9444 124 1 
9444 128 1 
9444 133 3 
9444 139 1 
9444 139 1 
9444 141 3 
9444 141 1 
9444 153 1 
9444 164 1 
9444 176 1 
9444 176 1 
9444 176 1 
9444 176 1 
9444 176 1 
9444 176 1 
9444 176 1 
9444 176 1 
9444 176 1 
9444 176 1 
9444 212 1 
9444 212 1 
9444 217 1 
9444 217 1 
9444 217 1 
9444 217 1 
9444 217 1 
9444 217 1 
9444 221 1 
9444 227 1 
9444 227 1 
9444 228 3 
9444 228 1 
9444 228 1 
9444 228 1 
9444 228 1 
9444 228 1 
9444 229 1 
9444 229 1 
9444 229 3 
9444 230 3 
9444 230 1 
9444 230 1 
9444 231 1 
9444 231 1 
9444 231 3 
9444 231 1 
9444 234 1 
9444 234 1 
9444 234 3 
9444 238 1 
9444 238 1 
9444 238 3 
9444 243 1 
9444 243 1 
9444 243 1 
9444 243 3 
9444 244 1 
9444 244 1 
9444 244 1 
9444 244 1 
9444 244 3 
9444 251 3 
9444 251 1 
9444 251 1 
9444 251 1 
9444 251 1 
9444 253 1 
9444 253 1 
9444 253 3 
9444 253 1 
9444 254 1 
9444 254 1 
9444 254 1 
9444 254 1 
9444 254 1 
9444 254 3 
9444 254 1 
9444 254 1 
9444 254 1 
9444 263 1 
9444 267 3 
9444 270 1 
9444 271 1 
9444 280 1 
9444 288 1 
9444 291 1 
9444 296 3 
9444 296 1 
9444 299 1 
9444 299 1 
9444 302 1 
9444 309 1 
9444 311 1 
9444 327 1 
9444 336 1 
9444 336 1 
9444 336 1 
9444 347 1 
9444 347 3 
9444 354 1 
9445 306 1 
9446 128 1 
9446 336 1 
9447 8 1 
9447 11 1 
9447 11 1 
9447 11 1 
9447 11 1 
9447 11 1 
9447 11 1 
9447 128 2 
9447 128 2 
9447 306 1 
9447 321 1 
9447 327 1 
9447 337 1 
9448 212 1 
9448 212 1 
9448 212 1 
9448 212 1 
9448 212 1 
9448 212 1 
9448 332 1 
9449 44 1 
9449 124 1 
9449 124 1 
9450 106 1 
9450 107 1 
9450 108 1 
9450 111 2 
9450 176 1 
9450 212 1 
9450 212 1 
9450 212 1 
9450 331 1 
9450 336 1 
9450 336 1 
9450 352 1 
9451 103 1 
9451 270 1 
9451 322 1 
9451 332 1 
9452 54 1 
9452 54 1 
9452 228 1 
9452 228 1 
9452 228 1 
9452 228 1 
9452 228 1 
9452 228 1 
9452 228 1 
9452 306 1 
9452 351 1 
9453 107 1 
9453 111 2 
9454 67 1 
9455 222 1 
9455 222 1 
9455 299 1 
9455 340 1 
9456 154 1 
9456 204 1 
9457 299 1 
9458 28 1 
9458 28 1 
9458 28 1 
9458 28 1 
9458 103 1 
9458 103 1 
9458 103 1 
9458 103 1 
9458 103 1 
9458 103 1 
9458 103 1 
9458 217 1 
9458 217 1 
9458 217 1 
9458 217 1 
9458 217 1 
9459 336 1 
9460 38 1 
9461 16 1 
9461 16 1 
9461 16 1 
9461 16 1 
9461 16 1 
9461 17 1 
9461 17 1 
9461 17 1 
9461 17 1 
9461 17 1 
9461 19 1 
9461 19 1 
9461 19 1 
9461 19 1 
9461 19 1 
9461 132 1 
9461 132 1 
9461 132 1 
9461 132 1 
9461 132 1 
9461 135 1 
9461 135 1 
9461 135 1 
9461 135 1 
9461 135 1 
9461 138 1 
9461 138 1 
9461 138 1 
9461 138 1 
9461 138 1 
9461 142 1 
9461 142 1 
9461 142 1 
9461 142 1 
9461 142 1 
9461 143 1 
9461 143 1 
9461 143 1 
9461 143 1 
9461 143 1 
9461 144 1 
9461 144 1 
9461 144 1 
9461 144 1 
9461 144 1 
9461 146 1 
9461 146 1 
9461 146 1 
9461 146 1 
9461 146 1 
9461 151 1 
9461 151 1 
9461 151 1 
9461 151 1 
9461 151 1 
9461 156 1 
9461 156 1 
9461 156 1 
9461 156 1 
9461 156 1 
9461 167 1 
9461 167 1 
9461 167 1 
9461 167 1 
9461 167 1 
9461 192 1 
9461 192 1 
9461 192 1 
9461 192 1 
9461 192 1 
9461 196 1 
9461 196 1 
9461 196 1 
9461 196 1 
9461 196 1 
9461 207 1 
9461 207 1 
9461 207 1 
9461 207 1 
9461 207 1 
9461 212 1 
9461 212 1 
9461 212 1 
9461 212 1 
9461 212 1 
9462 185 1 
9463 289 1 
9463 305 1 
9463 305 1 
9463 340 1 
9463 340 1 
9463 340 1 
9464 113 1 
9464 128 1 
9464 128 1 
9464 128 1 
9464 166 1 
9465 1 2 
9465 48 1 
9465 61 2 
9465 160 1 
9466 113 1 
9466 113 1 
9466 113 1 
9466 113 1 
9466 113 1 
9466 113 1 
9466 113 1 
9466 113 1 
9466 124 1 
9467 350 1 
9468 1 1 
9468 1 1 
9468 4 1 
9468 8 1 
9468 8 1 
9468 28 1 
9468 28 1 
9468 61 1 
9468 61 1 
9468 103 1 
9468 113 1 
9468 113 1 
9468 128 1 
9468 128 1 
9468 128 1 
9468 128 1 
9468 222 1 
9468 231 1 
9468 247 3 
9468 247 2 
9468 250 3 
9468 250 2 
9468 261 1 
9468 271 1 
9468 279 1 
9468 282 1 
9468 283 1 
9468 285 1 
9468 285 1 
9468 285 1 
9468 289 1 
9468 289 1 
9468 298 1 
9468 298 1 
9468 298 1 
9468 298 1 
9468 298 1 
9468 305 1 
9468 305 1 
9468 305 1 
9468 305 1 
9468 305 1 
9468 305 1 
9468 305 1 
9468 305 3 
9468 305 1 
9468 305 1 
9468 306 1 
9468 306 1 
9468 306 1 
9468 306 1 
9468 306 1 
9468 306 1 
9468 306 1 
9468 306 1 
9468 306 1 
9468 306 1 
9468 306 1 
9468 306 1 
9468 306 1 
9468 306 1 
9468 306 1 
9468 306 3 
9468 306 3 
9468 307 1 
9468 308 1 
9468 308 1 
9468 308 1 
9468 308 1 
9468 308 1 
9468 308 1 
9468 321 1 
9468 321 1 
9468 322 1 
9468 332 1 
9468 332 1 
9468 336 1 
9468 340 1 
9468 340 1 
9468 340 1 
9468 340 1 
9468 340 1 
9468 340 1 
9468 340 1 
9468 340 1 
9468 340 1 
9468 340 1 
9468 350 1 
9468 351 1 
9468 351 1 
9468 351 1 
9468 352 1 
9468 354 1 
9468 354 1 
9468 355 1 
9469 340 1 
9470 306 1 
9470 350 1 
9471 1 2 
9471 61 2 
9471 124 1 
9471 217 1 
9471 289 1 
9471 289 1 
9471 305 1 
9472 299 1 
9473 336 1 
9474 13 1 
9474 111 1 
9474 128 1 
9474 170 1 
9474 170 1 
9474 210 1 
9475 8 1 
9475 8 1 
9475 8 1 
9475 22 1 
9475 28 1 
9475 67 1 
9475 113 1 
9475 121 1 
9475 128 1 
9475 128 1 
9475 128 1 
9475 166 1 
9475 234 1 
9475 234 1 
9475 234 1 
9475 238 1 
9475 238 1 
9475 238 1 
9475 270 1 
9475 282 1 
9475 311 1 
9475 338 1 
9475 339 1 
9476 124 1 
9476 124 1 
9476 128 1 
9476 128 1 
9476 128 1 
9476 128 1 
9476 279 1 
9476 293 1 
9476 299 1 
9476 307 1 
9476 331 1 
9477 4 1 
9477 113 1 
9477 113 1 
9478 44 1 
9479 1 2 
9479 61 2 
9479 110 2 
9479 253 1 
9479 253 1 
9479 253 1 
9479 253 1 
9480 44 1 
9480 44 1 
9481 305 1 
9481 305 3 
9482 176 1 
9482 176 1 
9482 210 1 
9483 170 1 
9484 8 1 
9484 8 1 
9484 8 1 
9484 44 1 
9484 103 1 
9484 113 1 
9484 113 1 
9484 124 1 
9484 124 1 
9484 124 1 
9484 124 1 
9484 253 1 
9484 331 1 
9484 350 1 
9485 336 1 
9485 336 1 
9486 11 1 
9486 113 1 
9486 113 1 
9486 299 1 
9486 299 1 
9486 299 1 
9486 299 1 
9486 336 1 
9486 336 1 
9486 336 1 
9486 336 1 
9487 128 1 
9487 128 1 
9487 128 1 
9487 128 1 
9488 12 1 
9488 15 1 
9488 21 1 
9488 22 1 
9488 24 1 
9488 35 1 
9488 44 1 
9488 44 1 
9488 44 1 
9488 44 1 
9488 57 1 
9488 58 1 
9488 66 1 
9488 67 1 
9488 75 1 
9488 82 1 
9488 89 1 
9488 95 1 
9488 96 1 
9488 98 1 
9488 100 1 
9488 102 1 
9488 115 1 
9488 117 1 
9488 118 1 
9488 133 1 
9488 136 1 
9488 163 1 
9488 191 1 
9488 194 1 
9488 197 1 
9488 202 1 
9488 205 1 
9488 206 1 
9488 209 1 
9488 210 1 
9488 218 1 
9488 219 1 
9488 220 1 
9488 221 1 
9488 222 1 
9488 223 1 
9488 224 1 
9488 225 1 
9488 226 1 
9488 232 1 
9488 233 1 
9488 245 1 
9488 246 1 
9488 247 1 
9488 248 1 
9488 249 1 
9488 250 1 
9488 256 1 
9488 258 1 
9488 264 1 
9488 272 1 
9488 273 1 
9488 275 1 
9488 279 1 
9488 282 1 
9488 283 1 
9488 285 1 
9488 289 1 
9488 291 1 
9488 293 1 
9488 294 1 
9488 299 1 
9488 302 1 
9488 302 1 
9488 302 1 
9488 302 1 
9488 302 1 
9488 304 1 
9488 305 1 
9488 306 1 
9488 307 1 
9488 308 1 
9488 309 1 
9488 310 1 
9488 311 1 
9488 312 1 
9488 313 1 
9488 314 1 
9488 315 1 
9488 316 1 
9488 317 1 
9488 318 1 
9488 319 1 
9488 320 1 
9488 321 1 
9488 322 1 
9488 323 1 
9488 324 1 
9488 325 1 
9488 327 1 
9488 328 1 
9488 331 1 
9488 332 1 
9488 334 1 
9488 335 1 
9488 336 1 
9488 337 1 
9488 338 1 
9488 339 1 
9488 340 1 
9488 342 1 
9488 350 1 
9488 351 1 
9488 352 1 
9489 154 1 
9489 154 1 
9489 176 1 
9489 176 1 
9489 176 1 
9490 113 1 
9491 106 1 
9491 111 2 
9491 111 2 
9492 113 1 
9492 243 1 
9492 285 1 
9493 8 2 
9493 8 1 
9493 8 1 
9493 8 1 
9493 8 1 
9493 8 1 
9493 8 1 
9493 8 1 
9493 8 1 
9493 8 1 
9493 8 1 
9493 8 1 
9493 8 1 
9493 108 1 
9493 111 1 
9493 228 1 
9493 309 1 
9494 44 1 
9494 44 1 
9494 103 1 
9494 336 1 
9494 336 1 
9495 124 1 
9495 124 1 
9495 124 1 
9495 124 1 
9495 210 1 
9495 261 1 
9495 336 1 
9495 336 1 
9495 350 1 
9495 350 1 
9495 350 1 
9496 83 1 
9497 128 1 
9498 212 1 
9498 336 1 
9499 124 1 
9499 124 1 
9499 154 1 
9500 321 1 
9501 16 1 
9501 16 1 
9501 16 1 
9501 16 1 
9501 16 1 
9501 16 1 
9501 16 1 
9501 16 1 
9501 30 1 
9501 113 1 
9501 113 1 
9501 189 1 
9501 243 1 
9501 354 3 
9501 354 1 
9501 354 1 
9501 354 1 
9501 354 1 
9501 354 1 
9501 354 1 
9501 354 1 
9501 354 1 
9501 354 1 
9501 354 1 
9501 354 1 
9501 354 1 
9501 354 3 
9501 354 1 
9501 354 1 
9501 354 1 
9501 354 1 
9501 354 1 
9501 354 1 
9501 354 1 
9502 113 1 
9502 113 1 
9502 113 1 
9502 113 2 
9502 113 1 
9502 113 1 
9502 299 1 
9502 340 1 
9502 350 1 
9503 199 1 
9504 9 3 
9504 11 1 
9504 11 1 
9504 38 1 
9504 38 1 
9504 38 1 
9504 38 1 
9504 38 1 
9504 38 1 
9504 75 1 
9504 83 1 
9504 97 1 
9504 97 1 
9504 97 1 
9504 124 1 
9504 124 1 
9504 124 1 
9504 124 1 
9504 124 1 
9504 124 1 
9504 124 1 
9504 124 1 
9504 124 1 
9504 124 1 
9504 129 1 
9504 129 1 
9504 134 1 
9504 134 1 
9504 140 1 
9504 140 1 
9504 145 1 
9504 145 1 
9504 150 1 
9504 150 1 
9504 156 1 
9504 156 1 
9504 167 1 
9504 167 1 
9504 167 1 
9504 167 1 
9504 167 1 
9504 167 1 
9504 167 1 
9504 167 1 
9504 167 1 
9504 167 1 
9504 167 1 
9504 167 1 
9504 167 1 
9504 167 1 
9504 167 1 
9504 167 1 
9504 167 1 
9504 167 1 
9504 167 1 
9504 236 1 
9504 236 1 
9504 330 1 
9504 353 3 
9504 353 1 
9505 350 1 
9506 97 1 
9506 97 1 
9506 97 1 
9506 97 1 
9506 97 1 
9506 344 1 
9506 344 1 
9506 344 1 
9506 344 1 
9506 344 1 
9507 44 1 
9508 113 1 
9508 113 1 
9508 270 1 
9509 354 1 
9510 8 1 
9510 124 1 
9510 124 1 
9510 124 1 
9510 337 1 
9510 338 1 
9510 350 1 
9510 350 1 
9510 350 1 
9510 350 1 
9510 350 1 
9510 350 1 
9511 124 1 
9512 336 1 
9513 299 1 
9514 24 1 
9514 28 1 
9514 28 1 
9514 54 1 
9514 54 1 
9514 77 1 
9514 113 1 
9514 113 1 
9514 124 1 
9514 124 1 
9514 124 1 
9514 124 1 
9514 124 1 
9514 124 1 
9514 124 1 
9514 124 1 
9514 124 1 
9514 124 1 
9514 124 1 
9514 124 1 
9514 124 1 
9514 124 1 
9514 124 1 
9514 124 1 
9514 124 1 
9514 124 1 
9514 139 1 
9514 139 1 
9514 166 1 
9514 166 1 
9514 256 1 
9514 258 1 
9514 264 1 
9514 272 1 
9514 273 1 
9514 275 1 
9514 279 1 
9514 282 1 
9514 282 1 
9514 283 1 
9514 285 1 
9514 289 1 
9514 291 1 
9514 293 1 
9514 299 1 
9514 299 1 
9514 304 1 
9514 305 1 
9514 306 1 
9514 307 1 
9514 308 1 
9514 309 1 
9514 310 1 
9514 311 1 
9514 312 1 
9514 313 1 
9514 314 1 
9514 315 1 
9514 316 1 
9514 317 1 
9514 318 1 
9514 319 1 
9514 320 1 
9514 321 1 
9514 322 1 
9514 323 1 
9514 324 1 
9514 325 1 
9514 327 1 
9514 328 1 
9514 331 1 
9514 331 1 
9514 332 1 
9514 334 1 
9514 335 1 
9514 336 1 
9514 337 1 
9514 338 1 
9514 339 1 
9514 340 1 
9514 342 1 
9514 350 1 
9514 350 1 
9514 351 1 
9514 352 1 
9515 18 1 
9515 48 1 
9515 48 1 
9515 48 1 
9515 48 1 
9515 54 1 
9515 113 1 
9515 113 1 
9515 113 1 
9515 113 1 
9515 113 1 
9515 124 1 
9515 124 1 
9515 124 1 
9515 189 1 
9515 190 1 
9515 196 1 
9515 199 1 
9515 204 1 
9515 263 1 
9515 299 1 
9515 299 1 
9515 299 1 
9515 354 1 
9516 24 1 
9516 256 1 
9517 124 1 
9517 124 1 
9517 124 1 
9517 124 1 
9517 124 1 
9517 228 1 
9517 228 1 
9517 251 1 
9517 289 1 
9517 307 1 
9517 307 1 
9517 308 1 
9517 355 1 
9518 113 1 
9518 113 1 
9518 305 1 
9518 305 1 
9519 299 1 
9520 183 1 
9521 8 1 
9521 8 1 
9521 8 1 
9521 8 1 
9521 113 1 
9521 113 1 
9521 113 1 
9521 124 1 
9521 153 1 
9521 227 1 
9521 255 1 
9521 299 1 
9521 312 1 
9521 321 1 
9521 336 1 
9521 336 1 
9521 336 1 
9521 336 1 
9521 338 1 
9521 350 1 
9522 350 1 
9523 199 1 
9524 19 1 
9524 124 1 
9524 124 1 
9524 124 1 
9524 124 1 
9524 207 1 
9524 212 1 
9524 212 1 
9524 212 1 
9524 212 1 
9524 212 1 
9524 212 1 
9524 212 1 
9525 332 1 
9526 34 1 
9527 305 1 
9527 305 1 
9528 113 1 
9528 113 1 
9529 28 1 
9530 67 1 
9531 28 1 
9531 121 1 
9532 113 1 
9533 283 1 
9533 283 1 
9533 283 1 
9533 283 1 
9533 283 1 
9534 83 1 
9534 113 1 
9534 113 1 
9535 185 1 
9536 272 3 
9536 298 1 
9536 299 1 
9536 299 1 
9536 303 1 
9536 308 1 
9536 308 1 
9536 308 1 
9536 312 3 
9536 312 1 
9536 312 1 
9536 312 3 
9536 312 1 
9536 312 1 
9536 312 1 
9536 312 1 
9536 312 1 
9536 352 1 
9537 299 1 
9538 103 1 
9539 14 1 
9539 28 1 
9540 342 1 
9541 113 1 
9541 113 1 
9541 124 1 
9541 124 1 
9541 217 1 
9541 291 1 
9541 299 1 
9541 340 1 
9541 350 1 
9541 350 1 
9541 350 1 
9541 350 1 
9541 350 1 
9542 336 1 
9542 336 1 
9542 336 1 
9542 336 1 
9542 336 1 
9542 336 1 
9543 281 1 
9543 354 1 
9543 354 1 
9543 354 1 
9543 354 1 
9544 44 1 
9545 107 1 
9545 108 1 
9545 128 1 
9545 163 1 
9545 227 2 
9545 334 1 
9545 337 1 
9545 338 1 
9545 338 1 
9545 338 1 
9545 338 1 
9545 338 1 
9546 28 1 
9547 128 1 
9547 299 1 
9547 307 1 
9547 332 1 
9548 10 1 
9548 12 1 
9548 12 1 
9548 18 1 
9548 24 1 
9548 24 1 
9548 24 1 
9548 30 1 
9548 30 1 
9548 34 1 
9548 54 1 
9548 64 3 
9548 66 1 
9548 70 1 
9548 70 1 
9548 70 1 
9548 70 1 
9548 70 1 
9548 70 1 
9548 77 1 
9548 82 1 
9548 83 1 
9548 85 1 
9548 86 1 
9548 103 1 
9548 103 1 
9548 124 1 
9548 128 1 
9548 139 1 
9548 139 1 
9548 166 1 
9548 166 1 
9548 173 1 
9548 180 1 
9548 189 1 
9548 189 1 
9548 204 1 
9548 209 1 
9548 209 1 
9548 217 1 
9548 217 1 
9548 217 1 
9548 217 1 
9548 217 1 
9548 217 1 
9548 217 1 
9548 217 1 
9548 217 1 
9548 221 1 
9548 221 1 
9548 228 1 
9548 256 1 
9548 256 1 
9548 256 1 
9548 258 1 
9548 258 1 
9548 259 1 
9548 259 1 
9548 263 1 
9548 264 1 
9548 264 1 
9548 272 1 
9548 272 1 
9548 273 1 
9548 273 1 
9548 275 1 
9548 275 1 
9548 279 1 
9548 279 1 
9548 280 1 
9548 282 1 
9548 282 1 
9548 283 1 
9548 283 1 
9548 285 1 
9548 285 1 
9548 289 1 
9548 289 1 
9548 291 1 
9548 291 1 
9548 293 1 
9548 293 1 
9548 299 1 
9548 299 1 
9548 299 1 
9548 299 1 
9548 299 1 
9548 299 1 
9548 299 1 
9548 302 1 
9548 304 1 
9548 304 1 
9548 305 1 
9548 305 1 
9548 306 1 
9548 306 1 
9548 307 1 
9548 307 1 
9548 307 1 
9548 308 1 
9548 308 1 
9548 309 1 
9548 309 1 
9548 310 1 
9548 310 1 
9548 311 1 
9548 311 1 
9548 312 1 
9548 312 1 
9548 312 1 
9548 312 1 
9548 313 1 
9548 313 1 
9548 314 1 
9548 314 1 
9548 315 1 
9548 315 1 
9548 316 1 
9548 316 1 
9548 317 1 
9548 317 1 
9548 318 1 
9548 318 1 
9548 319 3 
9548 319 1 
9548 319 1 
9548 320 1 
9548 320 1 
9548 321 1 
9548 321 1 
9548 322 1 
9548 322 1 
9548 323 1 
9548 323 1 
9548 324 1 
9548 324 1 
9548 325 1 
9548 325 1 
9548 327 1 
9548 327 1 
9548 328 1 
9548 328 1 
9548 331 1 
9548 331 1 
9548 332 1 
9548 332 1 
9548 334 1 
9548 334 1 
9548 335 1 
9548 335 1 
9548 336 1 
9548 336 1 
9548 336 1 
9548 336 1 
9548 336 1 
9548 336 1 
9548 336 1 
9548 336 1 
9548 337 1 
9548 337 1 
9548 338 1 
9548 338 1 
9548 339 1 
9548 339 1 
9548 340 1 
9548 340 1 
9548 342 1 
9548 342 1 
9548 350 1 
9548 350 1 
9548 350 1 
9548 351 1 
9548 351 1 
9548 352 1 
9548 352 1 
9548 355 1 
9548 355 1 
9549 106 1 
9549 107 1 
9549 108 1 
9549 111 2 
9550 4 1 
9550 4 1 
9550 5 1 
9550 7 1 
9550 7 1 
9550 7 1 
9550 8 1 
9550 54 1 
9550 54 1 
9550 113 1 
9550 113 1 
9550 113 1 
9550 124 1 
9550 124 1 
9550 124 1 
9550 124 1 
9550 124 1 
9550 124 1 
9550 124 1 
9550 124 1 
9550 124 1 
9550 124 1 
9550 124 1 
9550 124 1 
9550 124 1 
9550 124 1 
9550 124 1 
9550 124 1 
9550 124 1 
9550 124 1 
9550 124 1 
9550 124 1 
9550 128 2 
9550 164 1 
9550 166 1 
9550 173 1 
9550 173 1 
9550 173 1 
9550 173 1 
9550 181 1 
9550 243 1 
9550 260 1 
9550 269 1 
9550 279 1 
9550 283 1 
9550 284 1 
9550 285 1 
9550 289 1 
9550 289 1 
9550 290 1 
9550 293 1 
9550 299 1 
9550 299 1 
9550 299 1 
9550 299 1 
9550 299 1 
9550 299 1 
9550 305 1 
9550 305 1 
9550 306 1 
9550 311 1 
9550 340 1 
9550 350 1 
9550 350 1 
9550 350 1 
9550 350 1 
9550 350 1 
9550 350 1 
9550 350 1 
9550 350 1 
9550 350 1 
9550 350 1 
9550 350 1 
9550 350 1 
9550 350 1 
9550 350 1 
9550 354 1 
9550 354 1 
9550 354 1 
9551 170 1 
9551 212 1 
9551 212 1 
9552 113 1 
9552 261 1 
9553 217 1 
9554 340 1 
9554 340 1 
9554 340 1 
9554 340 1 
9554 340 1 
9554 340 1 
9554 340 1 
9554 340 1 
9554 340 1 
9554 340 1 
9554 340 1 
9554 340 1 
9554 340 1 
9554 340 1 
9554 340 1 
9554 340 1 
9554 340 1 
9554 340 1 
9554 340 1 
9554 340 1 
9554 340 1 
9554 340 1 
9554 340 1 
9554 351 1 
9555 48 1 
9556 124 1 
9556 124 1 
9556 291 1 
9556 305 1 
9556 305 1 
9556 305 1 
9556 306 1 
9556 306 1 
9556 350 1 
9556 350 1 
9556 350 1 
9556 350 1 
9556 350 1 
9556 350 1 
9556 354 1 
9556 354 1 
9556 354 1 
9557 124 1 
9558 124 1 
9559 30 1 
9559 70 1 
9559 113 1 
9559 113 1 
9559 318 3 
9560 306 1 
9560 312 1 
9560 313 1 
9560 350 1 
9561 16 1 
9562 299 1 
9563 103 1 
9564 306 1 
9565 299 1 
9565 350 1 
9566 128 1 
9566 128 1 
9566 128 1 
9566 128 2 
9566 128 2 
9566 128 1 
9566 128 1 
9566 128 1 
9566 128 1 
9566 210 1 
9566 218 1 
9566 222 1 
9566 244 1 
9566 260 1 
9566 269 1 
9566 270 1 
9566 281 1 
9566 282 1 
9566 282 1 
9566 283 1 
9566 283 1 
9566 284 1 
9566 284 1 
9566 284 1 
9566 284 3 
9566 287 1 
9566 288 1 
9566 289 1 
9566 298 1 
9566 298 1 
9566 298 1 
9566 298 1 
9566 298 1 
9566 298 1 
9566 298 1 
9566 298 3 
9566 308 1 
9566 308 1 
9566 308 1 
9566 308 1 
9566 308 1 
9566 322 1 
9566 340 1 
9566 340 3 
9566 340 1 
9566 340 1 
9567 113 1 
9568 351 1 
9569 113 1 
9569 128 1 
9570 113 1 
9570 199 1 
9570 199 3 
9570 212 1 
9570 212 1 
9570 299 1 
9570 299 1 
9571 8 1 
9571 110 1 
9571 110 2 
9571 110 2 
9571 234 1 
9571 238 1 
9571 251 3 
9571 251 1 
9572 199 1 
9573 299 1 
9574 299 1 
9574 350 1 
9575 75 1 
9575 75 1 
9575 75 1 
9576 24 1 
9576 256 1 
9576 257 1 
9576 257 3 
9576 259 1 
9576 259 3 
9576 261 1 
9576 261 3 
9576 263 3 
9576 263 1 
9576 265 3 
9576 265 1 
9576 266 3 
9576 280 1 
9576 280 3 
9576 321 1 
9577 15 1 
9577 124 1 
9577 128 1 
9578 128 1 
9578 353 1 
9579 15 1 
9579 93 2 
9579 93 2 
9579 93 2 
9579 128 1 
9579 128 1 
9579 281 1 
9579 299 1 
9579 350 1 
9579 351 1 
9580 8 1 
9580 254 1 
9581 112 1 
9581 170 1 
9581 336 1 
9581 336 1 
9582 113 1 
9582 212 1 
9582 331 1 
9583 48 1 
9583 196 1 
9583 305 1 
9583 332 1 
9583 338 1 
9583 350 1 
9584 13 1 
9584 13 1 
9584 15 1 
9584 124 1 
9584 299 1 
9584 299 1 
9584 299 1 
9584 299 1 
9584 299 1 
9584 299 1 
9584 299 1 
9584 299 1 
9584 299 1 
9584 299 1 
9584 299 1 
9584 305 1 
9584 305 1 
9584 305 1 
9584 305 1 
9584 305 1 
9584 306 1 
9584 308 1 
9584 350 1 
9584 350 1 
9584 354 1 
9584 354 1 
9584 354 1 
9585 124 1 
9585 350 1 
9586 3 1 
9586 5 1 
9586 7 1 
9586 7 1 
9586 7 1 
9586 8 1 
9586 14 1 
9586 14 1 
9586 14 3 
9586 14 1 
9586 14 1 
9586 16 1 
9586 16 1 
9586 16 1 
9586 16 1 
9586 16 1 
9586 16 1 
9586 18 1 
9586 18 3 
9586 22 1 
9586 28 1 
9586 28 1 
9586 28 1 
9586 28 1 
9586 28 1 
9586 28 1 
9586 28 1 
9586 28 1 
9586 28 1 
9586 83 1 
9586 83 1 
9586 107 1 
9586 107 1 
9586 108 1 
9586 109 1 
9586 111 1 
9586 111 1 
9586 111 1 
9586 111 1 
9586 113 1 
9586 113 1 
9586 113 1 
9586 113 1 
9586 113 1 
9586 113 1 
9586 113 1 
9586 113 2 
9586 113 1 
9586 113 1 
9586 113 1 
9586 113 1 
9586 113 1 
9586 113 1 
9586 113 1 
9586 113 1 
9586 113 1 
9586 113 1 
9586 113 1 
9586 113 1 
9586 113 1 
9586 113 1 
9586 113 1 
9586 113 1 
9586 113 1 
9586 119 3 
9586 121 1 
9586 121 1 
9586 121 1 
9586 121 1 
9586 121 1 
9586 121 1 
9586 121 1 
9586 121 1 
9586 121 1 
9586 121 1 
9586 124 1 
9586 128 1 
9586 128 1 
9586 128 1 
9586 128 1 
9586 128 1 
9586 128 1 
9586 138 3 
9586 138 1 
9586 139 1 
9586 139 1 
9586 160 2 
9586 160 1 
9586 160 1 
9586 160 1 
9586 160 1 
9586 160 1 
9586 160 1 
9586 160 1 
9586 166 1 
9586 166 1 
9586 166 1 
9586 173 1 
9586 173 1 
9586 173 1 
9586 173 1 
9586 173 1 
9586 173 1 
9586 173 1 
9586 176 3 
9586 180 1 
9586 180 1 
9586 189 1 
9586 189 1 
9586 189 1 
9586 189 3 
9586 189 1 
9586 190 1 
9586 192 1 
9586 204 1 
9586 204 1 
9586 204 3 
9586 228 1 
9586 228 1 
9586 228 1 
9586 228 1 
9586 228 1 
9586 243 1 
9586 243 1 
9586 259 1 
9586 259 1 
9586 259 1 
9586 259 1 
9586 265 1 
9586 270 1 
9586 279 1 
9586 281 1 
9586 288 1 
9586 290 1 
9586 292 1 
9586 299 1 
9586 302 1 
9586 302 1 
9586 307 1 
9586 308 1 
9586 310 1 
9586 334 1 
9586 336 1 
9586 336 1 
9586 336 1 
9586 336 1 
9586 336 1 
9586 337 1 
9586 338 1 
9586 340 1 
9586 340 1 
9586 340 1 
9586 340 1 
9586 350 1 
9586 350 1 
9586 350 1 
9586 350 1 
9586 351 1 
9586 354 1 
9586 355 1 
9587 121 1 
9587 121 1 
9588 260 1 
9588 269 1 
9589 113 1 
9590 336 1 
9591 28 1 
9591 192 1 
9592 299 1 
9593 299 1 
9594 25 1 
9594 192 1 
9594 330 1 
9594 333 1 
9594 341 1 
9594 343 1 
9594 345 1 
9594 353 1 
9594 354 1 
9594 355 1 
9594 356 1 
9595 299 1 
9595 299 1 
9596 350 1 
9596 350 1 
9597 7 1 
9598 113 1 
9599 28 1 
9599 247 3 
9599 247 2 
9600 296 1 
9600 296 1 
9600 296 1 
9600 296 1 
9601 309 1 
9601 312 1 
9601 312 1 
9601 312 1 
9602 5 1 
9602 83 1 
9602 113 1 
9602 113 1 
9603 350 1 
9604 113 2 
9605 32 1 
9605 83 1 
9605 83 1 
9605 83 1 
9605 83 1 
9605 83 1 
9605 304 3 
9605 304 3 
9605 304 1 
9605 305 1 
9605 305 1 
9605 305 1 
9605 305 1 
9605 305 1 
9605 305 1 
9605 305 1 
9605 305 1 
9605 305 1 
9605 305 1 
9605 305 1 
9605 305 1 
9605 305 3 
9605 305 1 
9605 305 1 
9605 305 1 
9605 305 1 
9605 305 1 
9605 305 1 
9605 306 1 
9605 306 1 
9605 306 1 
9605 306 1 
9605 306 1 
9605 306 1 
9605 306 1 
9605 306 1 
9605 306 1 
9605 306 1 
9605 306 1 
9605 306 1 
9605 306 1 
9605 306 3 
9605 306 1 
9605 306 1 
9605 306 1 
9605 306 1 
9605 306 1 
9605 306 1 
9605 306 1 
9605 306 1 
9605 306 1 
9605 306 1 
9605 306 1 
9605 306 3 
9605 306 1 
9605 306 1 
9605 306 1 
9605 306 1 
9605 306 1 
9605 306 1 
9605 306 1 
9605 306 1 
9605 306 1 
9605 306 3 
9606 70 1 
9607 113 1 
9608 170 1 
9609 113 1 
9609 113 1 
9609 113 1 
9609 354 1 
9610 354 1 
9611 306 1 
9611 350 1 
9612 77 1 
9613 25 1 
9613 341 1 
9613 354 1 
9613 355 1 
9614 355 1 
9615 128 1 
9615 128 1 
9615 219 1 
9615 228 1 
9615 287 1 
9615 308 1 
9615 313 1 
9615 334 3 
9615 334 3 
9615 334 1 
9616 299 1 
9616 299 3 
9616 299 1 
9616 299 3 
9617 155 2 
9618 25 1 
9618 341 1 
9618 354 1 
9618 355 1 
9619 8 1 
9619 8 1 
9619 8 2 
9619 103 1 
9619 124 1 
9619 124 1 
9619 128 1 
9619 128 1 
9619 260 1 
9619 269 1 
9619 281 1 
9619 308 1 
9619 308 1 
9619 308 1 
9619 308 1 
9619 308 1 
9619 310 1 
9619 310 1 
9619 313 1 
9619 313 1 
9619 313 3 
9619 313 1 
9619 313 1 
9619 313 3 
9619 313 1 
9619 332 1 
9619 334 1 
9619 336 1 
9619 337 1 
9619 338 1 
9619 340 1 
9619 352 1 
9620 113 1 
9620 292 1 
9620 338 1 
9620 350 1 
9621 128 1 
9621 298 1 
9622 337 1 
9622 337 1 
9622 338 1 
9622 338 1 
9622 338 1 
9622 338 1 
9622 338 1 
9622 338 1 
9622 338 1 
9622 338 1 
9622 350 1 
9623 185 1 
9624 128 1 
9624 217 1 
9624 279 1 
9624 279 1 
9624 279 1 
9624 279 1 
9624 279 3 
9624 279 1 
9624 279 1 
9624 279 3 
9624 279 3 
9624 282 1 
9624 282 1 
9624 283 1 
9624 285 3 
9624 285 1 
9624 285 3 
9624 285 1 
9624 285 1 
9624 289 1 
9624 298 1 
9624 298 1 
9624 298 1 
9624 298 1 
9624 298 1 
9624 298 1 
9624 309 1 
9624 309 1 
9624 309 1 
9624 309 1 
9624 309 1 
9624 309 1 
9624 309 1 
9624 309 1 
9624 311 1 
9624 311 1 
9624 311 1 
9624 311 1 
9624 311 1 
9624 311 1 
9624 311 1 
9624 311 1 
9624 311 1 
9624 331 1 
9624 339 1 
9624 339 1 
9624 339 1 
9624 339 1 
9624 339 1 
9624 342 1 
9624 352 1 
9624 352 1 
9625 70 1 
9626 113 1 
9627 5 1 
9627 5 1 
9627 8 1 
9627 13 1 
9627 103 1 
9627 299 1 
9627 306 1 
9627 350 1 
9627 350 1 
9628 113 1 
9628 113 1 
9628 305 1 
9628 340 1 
9628 340 1 
9628 340 1 
9628 340 1 
9628 340 1 
9628 340 1 
9629 3 1 
9629 3 1 
9629 3 1 
9629 4 1 
9629 4 1 
9629 4 1 
9629 5 1 
9629 7 1 
9629 8 1 
9629 8 1 
9629 8 1 
9629 8 1 
9629 8 1 
9629 8 1 
9629 8 1 
9629 8 1 
9629 8 1 
9629 8 1 
9629 15 1 
9629 28 1 
9629 28 1 
9629 103 1 
9629 103 1 
9629 103 1 
9629 113 1 
9629 113 1 
9629 113 1 
9629 113 1 
9629 113 1 
9629 113 1 
9629 113 1 
9629 113 1 
9629 113 1 
9629 113 1 
9629 113 1 
9629 113 1 
9629 113 1 
9629 113 1 
9629 113 1 
9629 113 1 
9629 113 1 
9629 113 1 
9629 113 1 
9629 113 1 
9629 113 1 
9629 113 1 
9629 113 1 
9629 113 1 
9629 113 1 
9629 124 1 
9629 128 1 
9629 128 1 
9629 128 1 
9629 128 1 
9629 128 1 
9629 128 1 
9629 128 1 
9629 128 1 
9629 128 1 
9629 128 1 
9629 128 1 
9629 128 1 
9629 128 1 
9629 128 1 
9629 128 1 
9629 139 1 
9629 173 1 
9629 228 1 
9629 251 1 
9629 254 1 
9629 282 1 
9629 288 1 
9629 290 1 
9629 291 1 
9629 292 1 
9629 293 1 
9629 294 1 
9629 294 1 
9629 298 1 
9629 299 1 
9629 305 1 
9629 306 1 
9629 309 1 
9629 309 1 
9629 309 1 
9629 310 1 
9629 310 1 
9629 310 1 
9629 310 1 
9629 311 1 
9629 321 1 
9629 321 1 
9629 322 1 
9629 332 1 
9629 335 1 
9629 339 1 
9629 339 1 
9629 340 1 
9629 340 1 
9629 350 1 
9629 350 1 
9629 351 1 
9629 354 1 
9630 1 2 
9630 10 2 
9630 61 2 
9630 85 2 
9631 337 1 
9632 299 1 
9632 299 1 
9633 113 1 
9633 128 1 
9633 128 1 
9633 128 1 
9633 128 1 
9633 128 1 
9633 128 1 
9633 128 1 
9633 128 1 
9633 128 1 
9633 166 1 
9633 166 1 
9633 173 1 
9633 231 1 
9634 299 1 
9635 113 1 
9635 113 1 
9635 299 1 
9635 299 1 
9635 299 1 
9635 308 1 
9636 160 1 
9636 160 1 
9636 173 1 
9637 113 1 
9637 128 1 
9638 350 1 
9639 8 1 
9639 8 1 
9639 164 1 
9639 292 1 
9639 307 1 
9639 338 1 
9639 338 1 
9639 350 1 
9639 350 1 
9639 350 1 
9639 350 1 
9639 350 1 
9640 1 2 
9640 1 2 
9640 1 2 
9640 7 1 
9640 30 1 
9640 54 1 
9640 61 2 
9640 61 2 
9640 61 2 
9640 110 2 
9640 110 2 
9640 121 1 
9640 124 1 
9640 124 1 
9640 128 1 
9640 128 1 
9640 128 1 
9640 128 1 
9640 128 1 
9640 128 1 
9640 128 1 
9640 128 1 
9640 128 1 
9640 128 1 
9640 128 1 
9640 128 1 
9640 128 1 
9640 128 1 
9640 128 1 
9640 128 1 
9640 128 1 
9640 128 1 
9640 128 1 
9640 128 1 
9640 128 1 
9640 128 1 
9640 128 1 
9640 128 1 
9640 128 1 
9640 128 1 
9640 128 1 
9640 128 1 
9640 128 1 
9640 128 1 
9640 128 1 
9640 128 1 
9640 128 1 
9640 128 1 
9640 128 1 
9640 128 1 
9640 128 1 
9640 128 1 
9640 128 1 
9640 128 1 
9640 128 1 
9640 128 1 
9640 128 1 
9640 128 1 
9640 128 1 
9640 128 1 
9640 128 1 
9640 128 1 
9640 128 1 
9640 128 1 
9640 128 2 
9640 128 1 
9640 128 1 
9640 128 1 
9640 128 1 
9640 128 1 
9640 128 1 
9640 128 1 
9640 128 1 
9640 128 1 
9640 128 1 
9640 128 1 
9640 128 1 
9640 128 1 
9640 128 1 
9640 128 1 
9640 128 1 
9640 128 1 
9640 128 1 
9640 128 1 
9640 128 1 
9640 128 1 
9640 128 1 
9640 128 1 
9640 128 1 
9640 128 1 
9640 128 1 
9640 128 1 
9640 128 1 
9640 128 1 
9640 128 1 
9640 128 1 
9640 128 1 
9640 128 1 
9640 128 1 
9640 128 1 
9640 128 1 
9640 128 1 
9640 128 1 
9640 128 1 
9640 128 1 
9640 128 1 
9640 128 1 
9640 128 1 
9640 128 1 
9640 128 1 
9640 128 1 
9640 128 2 
9640 128 1 
9640 128 1 
9640 128 1 
9640 128 1 
9640 128 1 
9640 128 1 
9640 128 2 
9640 128 1 
9640 128 1 
9640 139 1 
9640 227 1 
9640 282 3 
9640 282 1 
9640 282 3 
9640 282 1 
9640 291 1 
9640 309 1 
9640 309 1 
9640 311 1 
9640 311 1 
9640 311 1 
9640 311 1 
9640 311 3 
9640 311 1 
9640 311 3 
9640 311 1 
9640 321 1 
9640 325 3 
9640 328 1 
9640 331 1 
9640 331 1 
9640 331 1 
9640 331 1 
9640 352 1 
9640 352 1 
9640 352 1 
9640 352 1 
9640 352 1 
9640 352 3 
9640 352 1 
9640 352 1 
9640 352 1 
9640 352 1 
9641 160 1 
9642 1 2 
9642 10 2 
9642 61 2 
9642 85 2 
9643 113 1 
9644 128 1 
9644 332 1 
9645 350 1 
9646 308 1 
9647 3 1 
9647 7 1 
9647 28 1 
9647 32 1 
9647 83 1 
9647 83 1 
9648 128 1 
9648 350 1 
9649 91 2 
9650 350 1 
9651 350 1 
9652 113 1 
9652 113 1 
9652 113 1 
9652 113 1 
9653 207 1 
9653 207 3 
9653 207 1 
9654 105 1 
9655 70 1 
9656 124 1 
9656 124 1 
9656 124 1 
9656 124 1 
9656 124 1 
9656 350 1 
9657 5 1 
9657 38 1 
9657 299 1 
9658 211 1 
9658 211 1 
9659 289 1 
9659 289 1 
9660 8 1 
9660 282 1 
9660 331 1 
9660 350 1 
9661 337 1 
9662 354 1 
9663 113 1 
9663 113 1 
9663 113 1 
9663 113 1 
9663 113 1 
9663 113 1 
9663 113 1 
9663 113 1 
9663 113 1 
9663 113 1 
9663 113 1 
9663 113 1 
9663 113 1 
9663 113 1 
9663 113 1 
9663 113 1 
9663 113 1 
9663 113 1 
9663 113 1 
9663 113 1 
9663 113 1 
9663 350 1 
9663 350 1 
9663 350 1 
9663 355 1 
9664 243 1 
9665 350 1 
9666 1 2 
9666 1 2 
9666 10 2 
9666 15 3 
9666 15 1 
9666 32 1 
9666 32 1 
9666 34 1 
9666 34 1 
9666 34 1 
9666 34 1 
9666 34 1 
9666 34 1 
9666 34 1 
9666 48 1 
9666 61 2 
9666 61 2 
9666 83 1 
9666 83 1 
9666 83 1 
9666 83 1 
9666 85 2 
9666 109 1 
9666 113 1 
9666 113 2 
9666 113 1 
9666 113 1 
9666 113 1 
9666 113 1 
9666 113 1 
9666 113 1 
9666 124 1 
9666 133 1 
9666 136 1 
9666 173 1 
9666 173 1 
9666 186 1 
9666 188 1 
9666 254 1 
9666 260 1 
9666 269 1 
9666 294 1 
9666 299 1 
9666 308 1 
9666 331 1 
9666 332 1 
9666 332 1 
9666 337 1 
9666 351 1 
9667 8 1 
9667 113 1 
9667 113 1 
9667 340 1 
9667 340 1 
9668 124 1 
9669 2 1 
9669 10 1 
9669 10 1 
9669 15 1 
9669 43 1 
9669 44 1 
9669 66 1 
9669 85 1 
9669 85 1 
9669 86 1 
9669 86 1 
9669 91 1 
9669 91 1 
9669 93 1 
9669 93 1 
9669 162 1 
9669 162 1 
9669 162 1 
9669 162 1 
9669 162 1 
9669 162 1 
9669 162 1 
9669 211 1 
9669 211 1 
9669 211 1 
9669 211 1 
9669 211 1 
9669 211 1 
9669 211 1 
9669 211 1 
9669 211 1 
9669 211 1 
9669 356 1 
9670 350 1 
9671 17 1 
9672 231 1 
9673 10 2 
9673 20 2 
9673 85 2 
9673 208 2 
9673 277 1 
9674 237 1 
9675 22 1 
9676 350 1 
9676 350 1 
9677 110 1 
9678 110 1 
9679 54 1 
9680 54 1 
9680 164 1 
9680 355 1 
9681 121 1 
9682 28 1 
9683 83 1 
9683 164 1 
9684 19 1 
9685 136 1 
9686 133 1 
9687 28 1 
9687 240 1 
9688 139 1 
9688 175 1 
9689 121 1 
9690 54 1 
9690 111 2 
9690 111 2 
9691 111 2 
9692 212 1 
9693 54 1 
9694 3 1 
9694 7 1 
9694 28 1 
9694 290 1 
9695 8 1 
9695 113 1 
9695 128 1 
9695 128 1 
9695 128 1 
9695 128 2 
9695 128 1 
9695 293 1 
9695 331 1 
9696 7 1 
9697 17 1 
9697 196 1 
9698 111 2 
9698 302 1 
9699 54 1 
9699 164 1 
9699 164 1 
9700 91 2 
9700 113 1 
9700 113 1 
9700 128 1 
9700 322 1 
9700 332 1 
9700 332 1 
9700 336 1 
9700 336 1 
9700 336 1 
9700 336 1 
9700 355 1 
9700 355 1 
9700 355 1 
9701 331 1 
9702 111 2 
9703 93 2 
9703 93 2 
9704 77 1 
9705 77 1 
9706 77 1 
9707 77 1 
9708 77 1 
9709 164 1 
9710 28 1 
9711 28 1 
9711 139 1 
9712 7 1 
9713 336 1 
9714 97 1 
9715 28 1 
9716 48 1 
9717 24 1 
9717 256 1 
9717 258 1 
9717 264 1 
9717 272 1 
9717 273 1 
9717 275 1 
9717 279 1 
9717 282 1 
9717 283 1 
9717 285 1 
9717 289 1 
9717 291 1 
9717 293 1 
9717 299 1 
9717 304 1 
9717 305 1 
9717 306 1 
9717 307 1 
9717 308 1 
9717 309 1 
9717 310 1 
9717 311 1 
9717 312 1 
9717 313 1 
9717 314 1 
9717 315 1 
9717 316 1 
9717 317 1 
9717 318 1 
9717 319 1 
9717 320 1 
9717 321 1 
9717 322 1 
9717 323 1 
9717 324 1 
9717 325 1 
9717 327 1 
9717 328 1 
9717 331 1 
9717 332 1 
9717 334 1 
9717 335 1 
9717 336 1 
9717 337 1 
9717 338 1 
9717 339 1 
9717 340 1 
9717 342 1 
9717 350 1 
9717 351 1 
9717 352 1 
9718 340 1 
9719 291 3 
9719 291 3 
9719 291 1 
9719 291 1 
9719 291 1 
9720 336 1 
9721 113 1 
9722 164 1 
9723 1 1 
9723 7 1 
9723 61 1 
9723 128 1 
9723 128 1 
9723 166 1 
9723 217 1 
9723 332 1 
9723 332 1 
9723 332 1 
9723 355 1 
9724 8 1 
9724 113 1 
9725 83 1 
9726 139 1 
9727 139 1 
9728 113 1 
9728 164 1 
9729 16 1 
9729 16 1 
9729 16 1 
9729 16 1 
9729 16 1 
9729 17 1 
9729 17 1 
9729 17 1 
9729 17 1 
9729 17 1 
9729 19 1 
9729 19 1 
9729 19 1 
9729 19 1 
9729 19 1 
9729 132 1 
9729 132 1 
9729 132 1 
9729 132 1 
9729 132 1 
9729 135 1 
9729 135 1 
9729 135 1 
9729 135 1 
9729 135 1 
9729 138 1 
9729 138 1 
9729 138 1 
9729 138 1 
9729 138 1 
9729 142 1 
9729 142 1 
9729 142 1 
9729 142 1 
9729 142 1 
9729 143 1 
9729 143 1 
9729 143 1 
9729 143 1 
9729 143 1 
9729 144 1 
9729 144 1 
9729 144 1 
9729 144 1 
9729 144 1 
9729 146 1 
9729 146 1 
9729 146 1 
9729 146 1 
9729 146 1 
9729 151 1 
9729 151 1 
9729 151 1 
9729 151 1 
9729 151 1 
9729 156 1 
9729 156 1 
9729 156 1 
9729 156 1 
9729 156 1 
9729 167 1 
9729 167 1 
9729 167 1 
9729 167 1 
9729 167 1 
9729 192 1 
9729 192 1 
9729 192 1 
9729 192 1 
9729 192 1 
9729 196 1 
9729 196 1 
9729 196 1 
9729 196 1 
9729 196 1 
9729 207 1 
9729 207 1 
9729 207 1 
9729 207 1 
9729 207 1 
9729 212 1 
9729 212 1 
9729 212 1 
9729 212 1 
9729 212 1 
9730 4 1 
9730 5 1 
9730 7 1 
9730 336 1 
9730 350 1 
9731 1 2 
9731 4 1 
9731 5 1 
9731 61 2 
9731 86 2 
9731 91 2 
9731 91 2 
9731 103 1 
9731 124 1 
9731 124 1 
9731 124 1 
9731 124 1 
9731 124 1 
9731 124 1 
9731 124 1 
9731 124 1 
9731 124 1 
9731 124 1 
9731 124 1 
9731 124 1 
9731 124 1 
9731 124 1 
9731 124 1 
9731 124 1 
9731 124 1 
9731 221 1 
9731 228 1 
9731 228 1 
9731 281 1 
9731 281 1 
9731 291 1 
9731 292 1 
9731 293 1 
9731 293 1 
9731 307 1 
9731 307 1 
9731 309 1 
9731 311 1 
9732 239 1 
9733 340 1 
9734 164 1 
9735 166 1 
9736 113 1 
9737 124 1 
9737 241 1 
9738 22 1 
9738 128 1 
9738 255 1 
9738 257 1 
9738 279 1 
9738 279 1 
9738 281 1 
9738 288 1 
9738 289 1 
9738 290 2 
9738 290 2 
9738 298 1 
9738 298 1 
9738 336 1 
9739 293 1 
9740 288 1 
9741 105 1 
9742 222 1 
9743 128 1 
9743 128 1 
9743 128 1 
9743 283 1 
9743 305 1 
9743 306 1 
9743 350 1 
9744 350 1 
9745 326 1 
9746 299 1 
9747 336 1 
9747 336 1 
9747 336 1 
9747 336 1 
9747 336 1 
9747 336 1 
9748 340 1 
9748 340 1 
9748 340 1 
9748 340 1 
9749 162 1 
9750 148 1 
9751 301 1 
9752 162 1 
9753 8 1 
9753 113 1 
9753 340 1 
9754 1 2 
9754 4 1 
9754 4 1 
9754 7 1 
9754 7 1 
9754 8 1 
9754 8 1 
9754 8 1 
9754 8 1 
9754 8 1 
9754 8 1 
9754 8 1 
9754 54 1 
9754 61 2 
9754 75 1 
9754 75 1 
9754 75 1 
9754 103 1 
9754 103 1 
9754 108 1 
9754 111 1 
9754 111 1 
9754 113 1 
9754 113 1 
9754 113 1 
9754 113 1 
9754 113 1 
9754 113 1 
9754 113 1 
9754 113 1 
9754 113 1 
9754 113 1 
9754 124 1 
9754 124 1 
9754 124 1 
9754 124 1 
9754 124 1 
9754 128 1 
9754 128 1 
9754 128 1 
9754 128 1 
9754 128 1 
9754 128 1 
9754 128 1 
9754 128 1 
9754 128 1 
9754 128 1 
9754 173 1 
9754 218 1 
9754 231 1 
9754 231 1 
9754 231 1 
9754 254 1 
9754 261 1 
9754 261 1 
9754 263 1 
9754 263 1 
9754 270 1 
9754 270 1 
9754 270 1 
9754 270 1 
9754 270 1 
9754 270 1 
9754 279 1 
9754 279 1 
9754 282 1 
9754 290 1 
9754 292 1 
9754 294 1 
9754 294 1 
9754 299 1 
9754 299 1 
9754 305 1 
9754 307 1 
9754 310 1 
9754 311 1 
9754 311 1 
9754 312 1 
9754 312 1 
9754 312 1 
9754 321 1 
9754 322 1 
9754 322 1 
9754 327 1 
9754 327 1 
9754 327 3 
9754 329 3 
9754 329 1 
9754 329 1 
9754 329 2 
9754 331 1 
9754 331 1 
9754 331 1 
9754 334 1 
9754 334 1 
9754 334 1 
9754 334 1 
9754 334 1 
9754 334 1 
9754 334 1 
9754 334 1 
9754 334 1 
9754 335 1 
9754 335 1 
9754 335 1 
9754 335 1 
9754 335 1 
9754 335 1 
9754 335 1 
9754 335 1 
9754 335 1 
9754 335 1 
9754 335 1 
9754 335 1 
9754 335 1 
9754 335 1 
9754 335 1 
9754 336 1 
9754 336 1 
9754 337 1 
9754 337 1 
9754 337 1 
9754 338 1 
9754 338 1 
9754 338 1 
9754 338 1 
9754 338 1 
9754 338 1 
9754 338 1 
9754 338 1 
9754 338 1 
9754 339 1 
9754 339 1 
9754 339 1 
9754 342 1 
9754 350 1 
9754 350 1 
9754 350 1 
9754 350 1 
9755 254 1 
9755 254 1 
9755 254 1 
9756 161 1 
9757 25 1 
9757 109 1 
9757 113 1 
9757 121 1 
9757 121 1 
9757 121 1 
9757 330 1 
9757 333 1 
9757 336 1 
9757 336 1 
9757 336 1 
9757 336 1 
9757 336 1 
9757 336 1 
9757 336 1 
9757 336 1 
9757 341 1 
9757 343 1 
9757 345 1 
9757 353 1 
9757 354 1 
9757 355 1 
9757 356 1 
9758 299 1 
