940 38 1 
940 38 1 
941 338 1 
941 338 1 
941 338 1 
941 338 1 
941 350 1 
942 113 1 
942 113 1 
942 113 1 
942 113 1 
943 332 1 
944 16 1 
944 17 1 
944 19 1 
944 132 1 
944 135 1 
944 138 1 
944 142 1 
944 143 1 
944 144 1 
944 146 1 
944 151 1 
944 156 1 
944 167 1 
944 192 1 
944 196 1 
944 207 1 
944 212 1 
945 58 1 
945 113 1 
945 113 1 
945 113 1 
945 279 1 
945 279 1 
945 279 1 
945 279 1 
945 279 1 
945 279 1 
945 279 1 
945 279 1 
945 279 3 
945 279 1 
945 279 1 
945 279 1 
945 279 1 
945 279 1 
945 279 1 
945 279 1 
945 285 1 
946 188 1 
947 58 1 
947 245 3 
947 245 2 
947 245 3 
948 281 1 
948 281 1 
949 228 1 
950 124 1 
950 354 1 
951 3 1 
951 113 1 
951 113 1 
951 113 1 
951 113 1 
951 113 2 
951 128 1 
951 331 1 
952 4 1 
952 8 1 
952 8 1 
952 28 1 
952 34 1 
952 113 1 
952 113 1 
952 113 1 
952 113 1 
952 113 1 
952 113 1 
952 113 1 
952 124 1 
952 124 1 
952 128 1 
952 128 1 
952 128 1 
952 128 1 
952 128 1 
952 139 1 
952 160 1 
952 166 1 
952 173 1 
952 180 1 
952 188 1 
952 217 1 
952 217 1 
952 228 1 
952 234 1 
952 238 1 
952 279 1 
952 281 1 
952 282 1 
952 282 1 
952 285 1 
952 287 1 
952 290 1 
952 290 1 
952 292 1 
952 294 1 
952 298 1 
952 299 1 
952 299 1 
952 299 1 
952 305 1 
952 306 1 
952 307 1 
952 307 1 
952 307 1 
952 308 1 
952 308 1 
952 311 1 
952 311 1 
952 312 1 
952 331 1 
952 338 1 
952 340 1 
952 340 1 
952 350 1 
952 350 1 
952 350 1 
952 351 1 
953 199 1 
953 199 1 
953 199 1 
953 199 1 
953 199 1 
953 199 1 
954 1 1 
954 4 1 
954 28 1 
954 61 1 
954 103 1 
954 113 1 
954 113 1 
954 113 1 
954 113 1 
954 128 1 
954 128 1 
954 128 1 
954 128 1 
954 128 1 
954 128 1 
954 128 1 
954 128 1 
954 139 1 
954 222 1 
954 228 1 
954 231 1 
954 283 1 
954 284 1 
954 289 1 
954 289 1 
954 290 1 
954 291 1 
954 292 1 
954 299 1 
954 306 1 
954 307 1 
954 308 1 
954 308 1 
954 308 1 
954 331 1 
954 340 1 
954 340 1 
954 340 1 
954 340 1 
954 340 1 
955 350 1 
955 350 1 
956 185 1 
957 199 1 
957 199 1 
957 199 1 
957 199 1 
957 199 1 
958 25 1 
958 330 1 
958 333 1 
958 341 1 
958 343 1 
958 345 1 
958 353 1 
958 354 1 
958 355 1 
958 356 1 
959 185 1 
960 355 1 
961 48 1 
961 48 1 
962 113 1 
963 305 1 
963 306 1 
964 336 1 
965 7 1 
965 7 1 
965 8 1 
965 8 1 
965 8 1 
965 28 1 
965 28 1 
965 28 1 
965 103 1 
965 139 1 
965 139 1 
965 166 1 
965 173 1 
965 173 1 
965 180 1 
965 221 1 
965 243 1 
965 254 1 
965 291 1 
965 307 1 
965 308 1 
965 311 1 
965 311 1 
965 340 1 
965 340 1 
965 340 1 
965 340 1 
965 354 1 
965 355 1 
966 289 1 
967 113 1 
967 113 1 
967 113 1 
967 231 1 
967 288 1 
967 308 1 
967 331 1 
967 331 1 
967 340 1 
967 340 1 
967 340 1 
968 113 1 
969 289 1 
970 299 1 
971 5 1 
971 5 1 
971 13 1 
971 103 1 
971 124 1 
972 105 1 
973 244 1 
974 199 1 
975 44 1 
975 111 1 
975 111 1 
975 111 1 
975 111 2 
975 111 2 
975 111 2 
975 111 2 
975 111 2 
975 111 2 
975 111 2 
975 111 2 
975 111 2 
975 111 2 
975 160 1 
975 196 1 
975 217 1 
975 354 1 
975 354 1 
975 354 1 
976 44 1 
977 128 1 
977 128 1 
978 350 1 
979 128 1 
979 254 1 
979 254 1 
979 254 1 
980 113 1 
980 113 1 
980 113 1 
980 113 1 
980 113 1 
980 113 1 
980 231 1 
980 231 1 
980 231 1 
980 231 1 
980 331 1 
981 16 1 
981 17 1 
981 19 1 
981 132 1 
981 135 1 
981 138 1 
981 142 1 
981 143 1 
981 144 1 
981 146 1 
981 151 1 
981 156 1 
981 167 1 
981 192 1 
981 196 1 
981 207 1 
981 212 1 
982 217 1 
982 284 1 
982 298 1 
982 306 1 
982 340 1 
982 340 1 
982 355 1 
983 7 1 
984 16 1 
984 17 1 
984 19 1 
984 132 1 
984 135 1 
984 138 1 
984 142 1 
984 143 1 
984 144 1 
984 146 1 
984 151 1 
984 156 1 
984 167 1 
984 192 1 
984 196 1 
984 207 1 
984 212 1 
985 105 1 
986 199 1 
987 28 1 
987 124 1 
987 189 1 
987 231 1 
988 299 1 
989 311 1 
990 246 1 
991 306 1 
991 331 1 
992 275 1 
993 352 1 
994 336 1 
995 332 1 
996 306 1 
997 223 1 
997 226 1 
997 327 1 
998 113 1 
998 228 1 
998 299 1 
999 248 1 
1000 355 1 
1001 279 1 
1002 128 1 
1002 128 1 
1002 173 1 
1002 173 1 
1002 181 1 
1003 308 1 
1004 351 1 
1005 283 1 
1005 291 1 
1005 321 1 
1005 334 1 
1006 273 1 
1006 282 1 
1006 285 1 
1006 305 1 
1006 311 1 
1006 337 1 
1007 335 1 
1007 340 1 
1008 310 1 
1008 312 1 
1008 342 1 
1009 293 1 
1009 299 1 
1009 304 1 
1009 309 1 
1009 313 1 
1009 322 1 
1009 339 1 
1010 289 1 
1010 338 1 
1010 350 1 
1011 350 1 
1011 350 1 
1011 350 1 
1011 350 1 
1012 350 1 
1013 213 1 
1014 44 1 
1014 259 1 
1014 259 1 
1014 265 1 
1014 265 1 
1014 321 1 
1015 113 1 
1015 113 1 
1015 113 1 
1015 113 1 
1015 173 1 
1015 181 1 
1015 299 1 
1015 306 1 
1015 350 1 
1015 350 1 
1016 38 1 
1016 38 1 
1016 38 1 
1016 38 1 
1016 38 1 
1016 38 1 
1016 38 1 
1016 38 1 
1016 38 1 
1016 38 1 
1017 16 1 
1018 14 2 
1018 104 2 
1018 106 2 
1018 107 2 
1018 108 2 
1018 109 2 
1018 111 2 
1018 112 2 
1018 113 2 
1018 114 2 
1018 116 2 
1018 119 2 
1018 120 2 
1018 121 2 
1018 122 2 
1018 123 2 
1018 125 2 
1018 126 2 
1018 127 2 
1018 128 2 
1018 129 2 
1018 130 2 
1018 131 2 
1018 134 2 
1018 140 2 
1018 145 2 
1018 147 2 
1018 148 2 
1018 149 2 
1018 150 2 
1018 158 2 
1018 159 2 
1018 162 2 
1018 165 2 
1018 168 2 
1018 174 2 
1018 175 2 
1018 177 2 
1018 187 2 
1018 193 2 
1018 195 2 
1018 211 3 
1018 211 2 
1018 239 2 
1018 277 2 
1018 301 2 
1018 349 2 
1019 113 1 
1019 299 1 
1019 299 1 
1019 299 1 
1019 299 1 
1020 221 1 
1021 245 1 
1022 34 1 
1022 34 1 
1022 34 1 
1022 305 1 
1023 247 1 
1023 249 1 
1024 328 1 
1025 222 1 
1025 232 1 
1026 350 1 
1027 97 1 
1028 192 1 
1028 307 1 
1029 113 1 
1029 113 1 
1029 113 1 
1029 113 1 
1029 113 1 
1029 113 1 
1029 113 1 
1030 5 1 
1030 5 1 
1030 8 1 
1030 128 1 
1030 128 1 
1030 128 1 
1030 128 1 
1030 128 1 
1030 128 1 
1030 281 1 
1030 292 1 
1030 299 1 
1030 340 1 
1030 340 1 
1031 14 1 
1031 14 3 
1031 14 1 
1031 93 2 
1032 154 1 
1032 154 1 
1033 16 1 
1033 250 1 
1034 166 1 
1035 355 1 
1036 124 1 
1037 350 1 
1038 340 1 
1038 354 1 
1039 282 1 
1039 331 1 
1039 331 1 
1039 338 1 
1040 124 1 
1040 124 1 
1040 299 1 
1040 299 1 
1040 299 1 
1041 1 2 
1041 61 2 
1041 91 2 
1041 110 2 
1041 253 1 
1041 253 1 
1041 253 1 
1041 271 1 
1041 271 1 
1041 271 3 
1042 3 1 
1042 28 1 
1042 48 1 
1042 83 1 
1042 113 1 
1042 121 1 
1042 279 1 
1043 113 1 
1044 299 1 
1045 113 1 
1046 38 1 
1046 43 1 
1046 75 1 
1046 75 1 
1046 75 1 
1046 133 1 
1046 136 1 
1047 105 1 
1048 8 1 
1048 103 1 
1048 113 1 
1048 217 1 
1048 217 1 
1048 290 1 
1049 18 1 
1049 139 1 
1049 152 1 
1049 153 1 
1049 154 1 
1049 155 1 
1049 157 1 
1049 160 1 
1049 161 1 
1049 164 1 
1049 166 1 
1049 169 1 
1049 170 1 
1049 171 1 
1049 172 1 
1049 173 1 
1049 176 1 
1049 178 1 
1049 179 1 
1049 180 1 
1049 181 1 
1049 182 1 
1049 183 1 
1049 184 1 
1049 188 1 
1049 189 1 
1049 190 1 
1049 198 1 
1049 199 1 
1049 200 1 
1049 201 1 
1049 203 1 
1049 204 1 
1049 213 1 
1049 216 1 
1049 217 1 
1049 227 1 
1049 235 1 
1049 236 1 
1049 252 1 
1049 262 1 
1049 267 1 
1049 274 1 
1049 278 1 
1049 286 1 
1049 295 1 
1049 297 1 
1049 300 1 
1049 302 1 
1049 326 1 
1049 346 1 
1049 348 1 
1050 139 1 
1050 173 1 
1051 350 1 
1052 5 1 
1052 8 1 
1052 8 1 
1052 10 1 
1052 20 1 
1052 28 1 
1052 38 1 
1052 48 1 
1052 85 1 
1052 91 1 
1052 93 1 
1052 109 1 
1052 109 1 
1052 110 1 
1052 110 1 
1052 110 1 
1052 110 2 
1052 110 1 
1052 110 1 
1052 110 2 
1052 110 1 
1052 110 2 
1052 110 1 
1052 111 1 
1052 111 1 
1052 111 1 
1052 117 1 
1052 118 1 
1052 121 1 
1052 124 1 
1052 124 1 
1052 166 1 
1052 166 1 
1052 175 1 
1052 175 1 
1052 176 1 
1052 180 1 
1052 208 1 
1052 213 1 
1052 239 1 
1052 254 1 
1052 254 1 
1052 265 1 
1052 275 1 
1052 277 1 
1052 329 1 
1053 30 1 
1053 113 1 
1054 113 1 
1055 3 1 
1055 5 1 
1055 28 1 
1055 111 1 
1055 113 1 
1055 113 1 
1055 113 1 
1055 128 1 
1055 223 3 
1055 223 2 
1055 226 3 
1055 226 2 
1055 232 3 
1055 232 2 
1055 249 3 
1055 249 2 
1055 250 3 
1055 250 3 
1055 250 2 
1055 307 1 
1055 307 1 
1055 307 1 
1055 308 1 
1055 308 1 
1055 340 1 
1055 340 1 
1055 340 1 
1055 340 1 
1055 340 1 
1055 340 1 
1055 340 1 
1055 340 1 
1055 340 1 
1055 340 1 
1055 340 1 
1055 340 1 
1055 340 1 
1055 340 1 
1055 340 1 
1055 340 1 
1055 340 1 
1055 340 1 
1055 340 1 
1055 350 1 
1055 352 1 
1055 354 1 
1056 299 1 
1056 355 1 
1057 18 1 
1057 139 1 
1058 48 1 
1059 70 1 
1060 113 1 
1060 113 1 
1060 113 1 
1061 350 1 
1062 105 1 
1062 105 1 
1063 299 1 
1064 128 1 
1064 279 1 
1064 279 1 
1064 291 1 
1064 291 1 
1064 307 1 
1064 307 1 
1064 308 1 
1064 308 1 
1064 308 1 
1064 310 1 
1064 312 1 
1064 312 1 
1064 331 1 
1064 331 1 
1064 331 1 
1064 332 1 
1064 332 1 
1064 332 1 
1064 332 1 
1064 332 1 
1064 336 1 
1064 336 1 
1064 336 1 
1064 336 1 
1064 336 1 
1064 336 1 
1064 336 3 
1064 338 1 
1064 339 1 
1064 340 1 
1064 340 1 
1064 340 1 
1064 340 1 
1064 340 1 
1064 352 1 
1065 70 1 
1066 19 1 
1067 28 1 
1068 279 1 
1069 70 1 
1070 173 1 
1070 176 1 
1070 176 1 
1071 54 1 
1071 54 1 
1072 311 1 
1073 54 1 
1073 155 2 
1073 299 1 
1074 311 1 
1074 331 1 
1075 199 1 
1075 199 1 
1075 199 1 
1076 16 1 
1076 16 1 
1076 16 1 
1076 16 1 
1076 16 1 
1076 17 1 
1076 17 1 
1076 17 1 
1076 17 1 
1076 17 1 
1076 19 1 
1076 19 1 
1076 19 1 
1076 19 1 
1076 19 1 
1076 132 1 
1076 132 1 
1076 132 1 
1076 132 1 
1076 132 1 
1076 135 1 
1076 135 1 
1076 135 1 
1076 135 1 
1076 135 1 
1076 138 1 
1076 138 1 
1076 138 1 
1076 138 1 
1076 138 1 
1076 142 1 
1076 142 1 
1076 142 1 
1076 142 1 
1076 142 1 
1076 143 1 
1076 143 1 
1076 143 1 
1076 143 1 
1076 143 1 
1076 144 1 
1076 144 1 
1076 144 1 
1076 144 1 
1076 144 1 
1076 146 1 
1076 146 1 
1076 146 1 
1076 146 1 
1076 146 1 
1076 151 1 
1076 151 1 
1076 151 1 
1076 151 1 
1076 151 1 
1076 156 1 
1076 156 1 
1076 156 1 
1076 156 1 
1076 156 1 
1076 167 1 
1076 167 1 
1076 167 1 
1076 167 1 
1076 167 1 
1076 192 1 
1076 192 1 
1076 192 1 
1076 192 1 
1076 192 1 
1076 196 1 
1076 196 1 
1076 196 1 
1076 196 1 
1076 196 1 
1076 207 1 
1076 207 1 
1076 207 1 
1076 207 1 
1076 207 1 
1076 212 1 
1076 212 1 
1076 212 1 
1076 212 1 
1076 212 1 
1077 299 1 
1077 299 1 
1078 354 1 
1079 124 1 
1079 124 1 
1079 124 1 
1079 124 1 
1079 124 1 
1079 124 1 
1079 124 1 
1079 124 1 
1079 124 1 
1079 124 1 
1079 124 1 
1079 128 1 
1079 290 1 
1079 335 1 
1079 338 1 
1079 338 1 
1079 338 1 
1079 350 1 
1080 1 2 
1080 61 2 
1080 83 1 
1081 3 1 
1081 4 1 
1081 5 1 
1081 7 1 
1081 7 1 
1081 28 1 
1081 28 1 
1081 28 1 
1081 32 1 
1081 54 1 
1081 75 1 
1081 75 1 
1081 75 1 
1081 75 1 
1081 75 1 
1081 75 1 
1081 83 1 
1081 83 1 
1081 83 1 
1081 121 1 
1081 283 1 
1081 351 1 
1081 352 1 
1082 113 1 
1082 113 1 
1083 105 1 
1084 270 1 
1085 217 1 
1086 166 1 
1087 77 1 
1088 28 1 
1088 44 1 
1088 124 1 
1088 124 1 
1088 124 1 
1088 124 1 
1088 340 1 
1088 354 1 
1089 354 1 
1090 113 1 
1090 342 1 
1091 219 1 
1092 299 1 
1092 299 1 
1092 299 1 
1092 299 1 
1092 299 1 
1092 299 1 
1092 299 1 
1092 299 1 
1092 299 1 
1092 299 1 
1092 299 1 
1093 124 1 
1093 124 1 
1094 113 1 
1094 113 1 
1094 113 1 
1094 113 1 
1094 113 1 
1095 54 1 
1095 54 1 
1096 97 1 
1096 97 1 
1096 344 1 
1096 344 1 
1097 54 1 
1097 113 1 
1097 124 1 
1097 124 1 
1097 124 1 
1097 128 1 
1097 128 1 
1097 128 1 
1097 128 1 
1097 128 1 
1097 128 1 
1097 128 1 
1097 128 1 
1097 128 1 
1097 128 1 
1097 128 1 
1097 128 1 
1097 128 1 
1097 128 1 
1097 332 1 
1097 334 1 
1097 334 1 
1097 334 1 
1097 334 1 
1097 335 1 
1097 335 1 
1097 336 1 
1097 337 1 
1097 337 1 
1097 338 1 
1097 338 1 
1097 340 1 
1097 340 1 
1098 299 1 
1098 299 1 
1099 14 1 
1099 350 1 
1099 350 1 
1100 3 1 
1100 24 1 
1100 70 1 
1100 75 1 
1100 75 1 
1100 75 1 
1100 75 1 
1100 89 1 
1100 110 2 
1100 253 1 
1100 254 1 
1100 254 1 
1100 254 1 
1100 256 1 
1100 291 1 
1100 293 1 
1100 312 1 
1100 312 1 
1100 351 1 
1101 334 1 
1101 338 1 
1102 199 1 
1103 75 1 
1103 251 1 
1103 251 1 
1103 254 1 
1103 284 1 
1103 321 1 
1104 4 1 
1105 113 1 
1105 113 1 
1105 113 1 
1105 113 1 
1105 113 1 
1105 113 1 
1105 113 1 
1105 113 1 
1105 113 1 
1105 124 1 
1105 124 1 
1105 173 1 
1105 181 1 
1105 283 1 
1105 291 1 
1105 299 1 
1105 299 1 
1105 299 1 
1105 350 1 
1106 16 1 
1106 17 1 
1106 19 1 
1106 132 1 
1106 135 1 
1106 138 1 
1106 142 1 
1106 143 1 
1106 144 1 
1106 146 1 
1106 151 1 
1106 156 1 
1106 167 1 
1106 192 1 
1106 196 1 
1106 207 1 
1106 212 1 
1107 340 1 
1108 199 1 
1109 354 1 
1110 8 1 
1110 8 1 
1110 8 1 
1110 113 1 
1111 299 1 
1111 354 1 
1112 285 1 
1112 305 1 
1113 18 1 
1113 189 1 
1113 204 1 
1114 41 1 
1115 253 1 
1116 299 1 
1117 124 1 
1118 293 1 
1119 4 1 
1119 5 1 
1119 7 1 
1119 8 1 
1119 164 1 
1120 48 1 
1120 113 1 
1120 124 1 
1120 228 1 
1120 308 1 
1120 340 1 
1121 48 1 
1122 91 2 
1122 306 1 
1123 124 1 
1123 350 1 
1124 34 1 
1125 350 1 
1126 1 2 
1126 9 2 
1126 10 2 
1126 10 2 
1126 11 1 
1126 61 2 
1126 80 2 
1126 85 2 
1126 85 2 
1126 86 2 
1126 86 2 
1126 228 1 
1126 271 1 
1126 276 1 
1126 276 1 
1126 280 1 
1126 280 1 
1126 312 1 
1126 313 1 
1126 329 1 
1127 3 1 
1127 3 1 
1127 7 1 
1127 28 1 
1127 28 1 
1127 32 1 
1127 83 1 
1127 121 1 
1127 340 1 
1127 340 1 
1127 340 1 
1127 340 1 
1127 340 1 
1127 340 1 
1127 340 1 
1127 350 1 
1127 354 1 
1127 354 1 
1127 354 1 
1127 354 1 
1127 354 1 
1127 354 1 
1127 354 1 
1128 199 1 
1129 113 1 
1130 350 1 
1131 128 1 
1131 128 1 
1131 306 1 
1131 308 1 
1131 340 1 
1131 340 1 
1131 340 1 
1131 340 1 
1132 19 1 
1133 44 1 
1133 124 1 
1133 124 1 
1133 128 1 
1134 113 1 
1134 113 1 
1135 124 1 
1135 124 1 
1135 124 1 
1135 281 1 
1135 287 1 
1135 350 1 
1136 7 1 
1137 113 1 
1137 350 1 
1137 350 1 
1138 103 1 
1138 110 2 
1138 110 2 
1138 110 2 
1138 244 1 
1139 299 1 
1140 185 1 
1141 299 1 
1142 299 1 
1143 332 1 
1144 124 1 
1145 25 1 
1145 330 1 
1145 333 1 
1145 341 1 
1145 343 1 
1145 345 1 
1145 353 1 
1145 354 1 
1145 355 1 
1145 356 1 
1146 128 1 
1147 8 1 
1147 8 1 
1147 13 1 
1147 16 1 
1147 17 1 
1147 19 1 
1147 44 1 
1147 48 1 
1147 109 1 
1147 113 1 
1147 113 1 
1147 113 1 
1147 113 1 
1147 113 1 
1147 113 1 
1147 113 1 
1147 113 1 
1147 113 1 
1147 113 1 
1147 113 1 
1147 113 1 
1147 113 1 
1147 113 1 
1147 113 1 
1147 113 1 
1147 113 1 
1147 113 1 
1147 113 1 
1147 113 1 
1147 113 1 
1147 113 1 
1147 113 1 
1147 113 1 
1147 113 1 
1147 113 1 
1147 113 1 
1147 113 1 
1147 113 1 
1147 113 1 
1147 113 1 
1147 113 1 
1147 113 1 
1147 113 1 
1147 192 1 
1147 196 1 
1147 207 1 
1147 212 1 
1147 212 1 
1147 221 1 
1147 243 1 
1147 299 1 
1147 299 1 
1147 299 1 
1147 309 1 
1147 350 1 
1147 354 1 
1147 354 1 
1148 308 1 
1149 3 1 
1150 8 1 
1150 8 1 
1150 25 1 
1150 44 1 
1150 107 1 
1150 108 1 
1150 108 1 
1150 128 1 
1150 128 1 
1150 128 1 
1150 219 2 
1150 219 3 
1150 219 3 
1150 219 1 
1150 307 1 
1150 310 1 
1150 310 1 
1150 313 1 
1150 313 1 
1150 332 1 
1150 336 1 
1150 337 1 
1150 337 1 
1150 338 1 
1150 338 1 
1150 338 1 
1150 338 1 
1150 338 1 
1150 338 1 
1150 338 1 
1150 341 1 
1150 355 1 
1151 177 1 
1152 97 1 
1152 97 1 
1152 344 1 
1152 344 1 
1153 195 1 
1154 119 1 
1154 148 1 
1154 148 1 
1154 148 1 
1154 148 1 
1154 148 1 
1154 148 1 
1154 174 1 
1154 195 1 
1154 195 1 
1155 3 1 
1155 4 1 
1155 4 1 
1155 5 1 
1155 7 1 
1155 7 1 
1155 70 1 
1155 113 1 
1155 113 1 
1155 113 1 
1155 113 1 
1155 124 1 
1155 124 1 
1155 128 1 
1155 128 1 
1155 128 1 
1155 290 1 
1155 299 1 
1155 338 1 
1155 350 1 
1156 1 2 
1156 61 2 
1156 308 1 
1156 313 1 
1156 317 3 
1157 308 1 
1158 183 1 
1159 4 1 
1159 4 1 
1159 4 1 
1159 5 1 
1159 7 1 
1159 7 1 
1159 7 1 
1159 16 1 
1159 17 1 
1159 19 1 
1159 124 1 
1159 132 1 
1159 135 1 
1159 138 1 
1159 142 1 
1159 143 1 
1159 144 1 
1159 146 1 
1159 151 1 
1159 156 1 
1159 167 1 
1159 183 2 
1159 192 1 
1159 196 1 
1159 207 1 
1159 212 1 
1160 113 1 
1161 54 1 
1162 54 1 
1163 199 1 
1164 199 1 
1165 93 2 
1165 93 2 
1166 163 1 
1166 163 1 
1167 24 1 
1167 256 1 
1168 173 1 
1169 70 1 
1170 91 2 
1171 350 1 
1172 19 1 
1173 155 1 
1174 312 1 
1174 334 1 
1174 334 1 
1174 334 1 
1175 3 1 
1175 7 1 
1175 8 1 
1175 28 1 
1175 28 1 
1175 113 1 
1175 113 1 
1175 113 1 
1175 113 1 
1175 113 1 
1175 113 1 
1175 113 1 
1175 113 1 
1175 113 1 
1175 113 1 
1175 113 1 
1175 113 1 
1175 173 1 
1175 173 1 
1175 173 1 
1175 173 1 
1175 283 1 
1175 287 1 
1175 287 1 
1175 298 1 
1175 299 1 
1175 299 1 
1175 305 1 
1175 305 1 
1175 306 1 
1175 307 1 
1175 321 1 
1175 340 1 
1175 340 1 
1175 340 1 
1175 350 1 
1175 350 1 
1176 8 1 
1177 350 1 
1178 21 1 
1178 21 1 
1178 21 1 
1178 21 1 
1178 21 1 
1178 95 1 
1178 95 1 
1178 95 1 
1178 95 1 
1178 95 1 
1179 306 1 
1180 163 1 
1180 219 1 
1181 352 1 
1182 189 1 
1183 38 1 
1183 38 1 
1183 97 1 
1184 113 1 
1184 113 1 
1184 217 1 
1184 292 1 
1184 340 1 
1185 299 1 
1186 111 1 
1187 1 2 
1187 5 1 
1187 7 1 
1187 10 2 
1187 28 1 
1187 28 1 
1187 28 1 
1187 28 1 
1187 28 1 
1187 28 1 
1187 61 2 
1187 85 2 
1187 86 2 
1187 91 2 
1187 103 1 
1187 113 1 
1187 113 1 
1187 128 1 
1187 128 1 
1187 128 1 
1187 128 1 
1187 128 1 
1187 128 1 
1187 128 1 
1187 128 1 
1187 128 1 
1187 128 1 
1187 128 1 
1187 128 1 
1187 128 1 
1187 128 1 
1187 217 1 
1187 217 1 
1187 217 1 
1187 217 1 
1187 221 1 
1187 240 3 
1187 240 1 
1187 240 3 
1187 246 3 
1187 246 3 
1187 246 2 
1187 279 1 
1187 279 3 
1187 279 1 
1187 279 1 
1187 279 1 
1187 285 3 
1187 285 1 
1187 285 1 
1187 285 3 
1187 287 1 
1187 289 1 
1187 289 3 
1187 289 1 
1187 289 3 
1187 293 1 
1187 293 3 
1187 293 1 
1187 299 1 
1187 305 1 
1187 307 1 
1187 307 1 
1187 307 1 
1187 307 1 
1187 307 1 
1187 307 1 
1187 308 1 
1187 308 1 
1187 308 1 
1187 309 3 
1187 309 1 
1187 309 3 
1187 309 1 
1187 309 1 
1187 309 1 
1187 311 1 
1187 311 1 
1187 311 3 
1187 311 1 
1187 311 1 
1187 311 3 
1187 311 1 
1187 312 1 
1187 312 1 
1187 332 1 
1187 332 1 
1187 332 3 
1187 332 1 
1187 332 1 
1187 332 3 
1187 334 1 
1187 334 1 
1187 334 1 
1187 340 1 
1187 340 1 
1187 340 1 
1187 340 1 
1187 350 1 
1187 350 1 
1187 350 1 
1187 352 1 
1187 352 1 
1187 352 1 
1187 352 1 
1187 352 1 
1187 352 1 
1188 338 1 
1189 113 1 
1189 350 1 
1189 350 1 
1189 350 1 
1189 350 1 
1189 350 1 
1189 350 1 
1189 350 1 
1189 350 1 
1189 350 1 
1189 350 1 
1189 350 1 
1189 350 1 
1189 350 1 
1190 251 1 
1190 251 1 
1190 253 1 
1191 4 1 
1191 5 1 
1191 5 1 
1191 5 1 
1191 103 1 
1191 103 1 
1191 103 1 
1191 103 1 
1191 103 1 
1191 103 3 
1191 103 1 
1191 103 1 
1191 103 2 
1191 103 1 
1191 103 2 
1191 103 2 
1191 124 1 
1191 299 1 
1191 299 1 
1192 15 1 
1193 155 1 
1194 331 1 
1195 113 1 
1196 16 1 
1196 28 1 
1196 113 1 
1196 113 1 
1196 113 1 
1196 113 1 
1196 113 1 
1196 113 1 
1196 350 1 
1197 34 1 
1197 336 1 
1198 44 1 
1199 113 1 
1200 350 1 
1201 308 1 
1201 340 1 
1201 340 1 
1201 340 1 
1201 340 1 
1201 340 1 
1201 340 1 
1201 340 1 
1201 340 1 
1201 340 1 
1201 340 1 
1201 340 1 
1201 351 1 
1201 352 1 
1202 1 1 
1202 1 1 
1202 1 1 
1202 1 1 
1202 10 1 
1202 10 1 
1202 10 1 
1202 20 1 
1202 20 1 
1202 61 1 
1202 61 1 
1202 61 1 
1202 61 1 
1202 85 1 
1202 85 1 
1202 85 1 
1202 208 1 
1202 208 1 
1202 241 3 
1202 241 3 
1202 241 1 
1203 1 2 
1203 61 2 
1203 332 1 
1203 352 3 
1203 352 1 
1203 352 3 
1204 8 1 
1204 113 1 
1204 113 1 
1204 113 1 
1204 113 1 
1204 113 2 
1204 113 1 
1204 113 1 
1204 113 1 
1204 113 1 
1204 228 1 
1204 284 1 
1204 291 1 
1204 340 1 
1204 340 1 
1204 340 1 
1204 340 1 
1205 93 2 
1206 190 2 
1206 190 2 
1207 103 1 
1207 254 1 
1208 12 1 
1208 21 1 
1208 22 1 
1208 44 1 
1208 44 1 
1208 95 1 
1208 96 1 
1208 98 1 
1208 100 1 
1208 102 1 
1208 115 1 
1208 117 1 
1208 118 1 
1208 133 1 
1208 136 1 
1208 163 1 
1208 191 1 
1208 194 1 
1208 197 1 
1208 202 1 
1208 205 1 
1208 206 1 
1208 209 1 
1208 210 1 
1208 218 1 
1208 219 1 
1208 220 1 
1208 221 1 
1208 222 1 
1208 223 1 
1208 224 1 
1208 225 1 
1208 226 1 
1208 232 1 
1208 233 1 
1208 245 1 
1208 246 1 
1208 247 1 
1208 248 1 
1208 249 1 
1208 250 1 
1208 294 1 
1208 302 1 
1209 340 1 
1210 44 1 
1211 350 1 
1212 340 1 
1213 354 1 
1214 77 1 
1215 7 1 
1215 7 1 
1215 28 1 
1215 113 1 
1215 113 1 
1215 113 1 
1215 113 1 
1215 166 1 
1215 173 1 
1215 279 1 
1215 281 1 
1215 306 1 
1216 335 1 
1216 338 1 
1216 338 1 
1217 25 1 
1217 28 1 
1217 330 1 
1217 333 1 
1217 341 1 
1217 343 1 
1217 345 1 
1217 353 1 
1217 354 1 
1217 355 1 
1217 356 1 
1218 350 1 
1219 279 1 
1220 22 1 
1220 22 1 
1220 38 1 
1220 38 1 
1221 8 1 
1221 8 1 
1221 12 1 
1221 12 2 
1221 12 3 
1221 12 3 
1221 14 1 
1221 14 1 
1221 14 1 
1221 16 2 
1221 17 2 
1221 19 2 
1221 30 1 
1221 57 1 
1221 57 3 
1221 57 1 
1221 73 1 
1221 74 1 
1221 103 2 
1221 103 1 
1221 103 1 
1221 103 1 
1221 104 3 
1221 107 2 
1221 108 2 
1221 108 1 
1221 109 1 
1221 111 1 
1221 111 1 
1221 111 1 
1221 111 1 
1221 111 1 
1221 111 1 
1221 111 1 
1221 111 1 
1221 111 1 
1221 112 1 
1221 112 1 
1221 112 1 
1221 113 1 
1221 113 1 
1221 113 1 
1221 113 1 
1221 113 1 
1221 113 1 
1221 113 1 
1221 113 1 
1221 113 1 
1221 113 1 
1221 113 1 
1221 113 1 
1221 113 1 
1221 113 1 
1221 113 1 
1221 113 1 
1221 124 1 
1221 128 1 
1221 128 1 
1221 128 1 
1221 128 1 
1221 128 1 
1221 128 1 
1221 128 1 
1221 128 1 
1221 128 1 
1221 128 1 
1221 128 1 
1221 128 1 
1221 128 3 
1221 128 1 
1221 128 1 
1221 128 1 
1221 128 1 
1221 128 1 
1221 128 1 
1221 128 1 
1221 128 1 
1221 128 1 
1221 128 1 
1221 128 1 
1221 128 1 
1221 128 1 
1221 128 1 
1221 128 1 
1221 128 1 
1221 128 1 
1221 128 1 
1221 128 1 
1221 128 2 
1221 128 2 
1221 128 1 
1221 128 1 
1221 128 2 
1221 128 1 
1221 128 1 
1221 128 1 
1221 128 1 
1221 128 1 
1221 132 2 
1221 135 2 
1221 138 2 
1221 142 2 
1221 143 2 
1221 144 2 
1221 144 1 
1221 146 2 
1221 151 2 
1221 152 1 
1221 154 3 
1221 156 2 
1221 167 2 
1221 173 1 
1221 173 1 
1221 192 2 
1221 196 2 
1221 207 2 
1221 212 2 
1221 217 3 
1221 217 1 
1221 217 1 
1221 217 1 
1221 217 1 
1221 218 1 
1221 222 3 
1221 222 3 
1221 222 2 
1221 227 1 
1221 259 1 
1221 279 1 
1221 281 1 
1221 281 1 
1221 281 1 
1221 282 1 
1221 282 3 
1221 285 1 
1221 285 1 
1221 287 1 
1221 290 1 
1221 291 1 
1221 299 1 
1221 299 1 
1221 299 1 
1221 305 1 
1221 307 1 
1221 307 1 
1221 307 1 
1221 307 1 
1221 307 1 
1221 307 1 
1221 307 3 
1221 307 1 
1221 307 3 
1221 307 1 
1221 307 1 
1221 307 1 
1221 307 1 
1221 307 1 
1221 307 1 
1221 307 1 
1221 307 1 
1221 307 1 
1221 307 1 
1221 307 1 
1221 308 1 
1221 308 1 
1221 309 3 
1221 309 1 
1221 309 1 
1221 309 1 
1221 309 3 
1221 309 1 
1221 309 1 
1221 309 1 
1221 309 1 
1221 311 1 
1221 312 1 
1221 312 1 
1221 321 3 
1221 321 1 
1221 321 1 
1221 321 1 
1221 321 1 
1221 321 1 
1221 321 1 
1221 321 1 
1221 321 1 
1221 321 3 
1221 321 1 
1221 321 1 
1221 321 1 
1221 332 1 
1221 332 3 
1221 332 3 
1221 332 1 
1221 332 1 
1221 334 1 
1221 334 1 
1221 334 1 
1221 334 1 
1221 334 1 
1221 334 1 
1221 334 1 
1221 334 1 
1221 334 1 
1221 334 1 
1221 334 1 
1221 334 1 
1221 334 1 
1221 335 1 
1221 335 1 
1221 335 1 
1221 335 1 
1221 335 1 
1221 335 1 
1221 335 1 
1221 335 1 
1221 335 1 
1221 335 1 
1221 337 1 
1221 337 1 
1221 337 1 
1221 337 1 
1221 337 1 
1221 337 1 
1221 337 1 
1221 337 1 
1221 337 1 
1221 337 1 
1221 337 1 
1221 338 1 
1221 338 1 
1221 338 1 
1221 338 1 
1221 338 1 
1221 338 1 
1221 338 1 
1221 338 1 
1221 338 1 
1221 338 1 
1221 338 1 
1221 338 1 
1221 338 1 
1221 338 1 
1221 338 1 
1221 338 1 
1221 338 1 
1221 338 1 
1221 338 1 
1221 338 1 
1221 338 1 
1221 338 1 
1221 338 1 
1221 338 1 
1221 340 1 
1221 340 1 
1221 340 1 
1221 340 1 
1221 340 1 
1221 351 1 
1221 352 1 
1221 352 1 
1221 352 1 
1221 352 1 
1222 328 1 
1223 124 1 
1224 299 1 
1225 112 1 
1225 112 1 
1225 113 1 
1225 139 1 
1225 166 1 
1225 173 1 
1225 180 1 
1226 67 1 
1227 160 1 
1227 160 1 
1227 188 1 
1228 289 1 
1228 305 1 
1229 113 1 
1230 113 1 
1231 217 1 
1231 254 1 
1231 254 1 
1231 254 1 
1231 254 1 
1231 254 1 
1231 254 1 
1231 254 1 
1231 254 1 
1231 254 1 
1231 299 1 
1231 336 1 
1231 336 1 
1232 185 1 
1232 185 1 
1233 299 1 
1234 4 1 
1234 5 1 
1234 7 1 
1234 7 1 
1234 54 1 
1234 54 1 
1234 54 1 
1235 290 1 
1235 290 1 
1236 221 1 
1236 222 1 
1237 350 1 
1238 34 1 
1238 124 1 
1238 228 1 
1238 228 1 
1238 228 1 
1238 231 1 
1238 279 1 
1238 282 1 
1238 283 1 
1238 283 1 
1238 285 1 
1238 289 1 
1238 289 1 
1238 307 1 
1238 307 1 
1238 307 1 
1238 307 1 
1238 307 1 
1238 307 1 
1238 308 1 
1238 308 1 
1238 309 1 
1238 350 1 
1239 211 1 
1240 299 1 
1240 299 1 
1240 299 1 
1240 299 1 
1241 113 1 
1241 124 1 
1241 217 1 
1241 283 1 
1241 289 1 
1241 350 1 
1241 350 1 
1241 350 1 
1241 350 1 
1241 350 1 
1241 350 1 
1241 350 1 
1242 305 1 
1243 354 1 
1244 16 1 
1244 17 1 
1244 19 1 
1244 132 1 
1244 135 1 
1244 138 1 
1244 142 1 
1244 143 1 
1244 144 1 
1244 146 1 
1244 151 1 
1244 156 1 
1244 167 1 
1244 192 1 
1244 196 1 
1244 207 1 
1244 212 1 
1245 18 1 
1245 18 3 
1245 113 1 
1245 113 1 
1245 322 1 
1245 322 1 
1246 1 2 
1246 61 2 
1246 279 1 
1246 279 1 
1247 113 1 
1247 113 1 
1247 299 1 
1248 113 1 
1249 321 1 
1249 321 1 
1249 321 1 
1249 321 3 
1249 321 3 
1249 321 1 
1249 321 1 
1250 299 1 
1251 299 1 
1251 299 1 
1251 299 1 
1252 113 1 
1253 113 1 
1254 1 2 
1254 61 2 
1255 7 1 
1255 7 1 
1256 22 1 
1256 28 1 
1256 28 1 
1256 83 1 
1256 109 1 
1256 124 1 
1256 166 1 
1256 166 1 
1256 173 1 
1256 173 1 
1256 181 1 
1256 279 1 
1256 334 1 
1256 334 1 
1256 337 1 
1256 337 1 
1256 337 1 
1256 337 1 
1256 338 1 
1256 338 1 
1256 338 1 
1257 308 1 
1258 113 1 
1258 160 1 
1259 19 1 
1260 228 1 
1260 307 1 
1261 128 1 
1261 128 1 
1261 128 1 
1261 128 1 
1261 128 1 
1261 128 1 
1261 128 1 
1261 128 1 
1261 128 1 
1261 128 1 
1261 217 1 
1261 228 1 
1261 271 1 
1261 281 1 
1261 283 1 
1261 283 1 
1261 290 1 
1261 303 1 
1261 305 1 
1261 306 1 
1261 307 1 
1261 307 1 
1261 329 1 
1261 331 1 
1261 340 1 
1262 16 1 
1262 16 1 
1262 16 1 
1262 17 1 
1262 19 1 
1262 105 1 
1262 105 1 
1262 105 1 
1262 105 1 
1262 105 1 
1262 105 1 
1262 105 1 
1262 105 1 
1262 105 1 
1262 105 1 
1262 105 1 
1262 105 1 
1262 105 1 
1262 105 1 
1262 105 1 
1262 105 1 
1262 105 1 
1262 132 1 
1262 135 1 
1262 138 1 
1262 142 1 
1262 143 1 
1262 144 1 
1262 146 1 
1262 151 1 
1262 156 1 
1262 167 1 
1262 185 1 
1262 185 1 
1262 185 1 
1262 185 1 
1262 185 1 
1262 185 1 
1262 185 1 
1262 192 1 
1262 196 1 
1262 199 1 
1262 199 1 
1262 199 1 
1262 199 1 
1262 199 1 
1262 199 1 
1262 199 1 
1262 199 1 
1262 199 1 
1262 199 1 
1262 199 1 
1262 199 1 
1262 199 1 
1262 199 1 
1262 199 1 
1262 207 1 
1262 207 1 
1262 207 1 
1262 207 3 
1262 211 1 
1262 211 1 
1262 212 1 
1263 299 1 
1263 337 1 
1264 185 1 
1264 185 1 
1264 185 1 
1265 7 1 
1265 8 1 
1265 8 1 
1265 8 2 
1265 10 2 
1265 85 2 
1265 86 2 
1265 275 1 
1265 275 1 
1265 275 1 
1265 275 1 
1265 275 1 
1265 275 1 
1265 275 1 
1265 275 1 
1265 275 3 
1265 275 3 
1265 275 1 
1265 275 1 
1265 335 1 
1265 335 1 
1265 335 1 
1265 335 1 
1265 335 1 
1265 335 1 
1265 335 1 
1265 335 1 
1265 335 1 
1265 337 1 
1265 338 1 
1265 338 1 
1265 338 1 
1266 21 1 
1266 95 1 
1267 124 1 
1268 113 1 
1268 336 1 
1269 299 1 
1270 113 1 
1271 105 1 
1271 199 1 
1271 199 1 
1272 113 1 
1273 105 1 
1274 164 1 
1275 336 1 
1276 4 1 
1276 299 1 
1276 306 1 
1277 105 1 
1278 160 1 
1279 113 1 
1280 299 1 
1281 113 1 
1282 113 1 
1282 310 1 
1282 350 1 
1283 34 1 
1283 34 1 
1283 103 1 
1283 243 1 
1283 282 1 
1283 289 1 
1283 299 1 
1283 338 1 
1284 34 1 
1285 8 1 
1285 321 1 
1285 334 1 
1285 338 1 
1285 350 1 
1286 103 1 
1286 103 1 
1286 103 1 
1286 103 2 
1286 103 2 
1286 103 1 
1286 103 1 
1286 103 1 
1286 103 3 
1286 103 2 
1286 103 1 
1286 103 1 
1286 103 1 
1286 103 1 
1286 327 1 
1286 327 1 
1286 327 1 
1286 350 1 
1287 340 1 
1287 340 1 
1288 160 2 
1288 160 1 
1288 189 1 
1288 189 1 
1288 228 1 
1289 113 1 
1289 113 1 
1289 128 1 
1289 350 1 
1289 350 1 
1290 185 1 
1291 8 1 
1291 25 1 
1291 113 1 
1291 113 1 
1291 128 1 
1291 128 1 
1291 330 1 
1291 333 1 
1291 341 1 
1291 343 1 
1291 345 1 
1291 353 1 
1291 354 1 
1291 355 1 
1291 356 1 
1292 163 1 
1293 199 1 
1293 199 3 
1294 48 1 
1295 54 1 
1296 1 2 
1296 7 1 
1296 61 2 
1297 28 1 
1297 139 1 
1297 166 1 
1297 189 1 
1298 113 1 
1298 113 1 
1299 350 1 
1300 299 1 
1301 340 1 
1302 24 1 
1302 94 1 
1302 128 1 
1302 128 1 
1302 218 1 
1302 231 1 
1302 231 1 
1302 231 3 
1302 256 1 
1302 265 1 
1302 288 1 
1302 299 1 
1302 307 1 
1302 308 1 
1302 310 1 
1302 310 3 
1302 310 1 
1302 310 1 
1302 310 1 
1302 310 1 
1302 310 3 
1302 310 1 
1302 312 1 
1302 328 1 
1302 339 1 
1302 340 1 
1303 113 1 
1303 299 1 
1303 299 1 
1303 299 1 
1303 307 1 
1304 305 1 
1304 331 1 
1304 331 1 
1304 355 1 
1305 5 1 
1305 8 1 
1305 8 1 
1305 8 1 
1305 8 1 
1305 8 1 
1305 8 1 
1305 8 1 
1305 8 1 
1305 18 1 
1305 113 1 
1305 113 1 
1305 113 1 
1305 128 1 
1305 128 1 
1305 281 1 
1305 290 1 
1305 292 1 
1305 308 1 
1305 313 1 
1305 331 1 
1305 331 1 
1305 334 1 
1305 335 1 
1305 335 1 
1305 337 1 
1305 338 1 
1306 292 1 
1307 340 1 
1308 4 1 
1308 128 1 
1308 128 1 
1308 128 1 
1308 128 1 
1308 128 1 
1308 128 1 
1308 334 1 
1309 336 1 
1310 147 1 
1310 149 1 
1310 195 1 
1311 124 1 
1312 97 1 
1312 97 1 
1312 97 1 
1312 97 1 
1312 344 1 
1312 344 1 
1312 344 1 
1312 344 1 
1313 44 1 
1314 128 1 
1314 128 1 
1315 41 1 
1315 252 1 
1316 177 1 
1317 346 1 
1318 103 1 
1318 113 1 
1318 124 1 
1318 124 1 
1318 124 1 
1318 137 1 
1318 137 1 
1318 137 1 
1318 137 1 
1318 137 1 
1318 137 1 
1318 299 1 
1318 305 1 
1318 350 1 
1319 113 1 
1320 41 1 
1321 41 1 
1321 41 1 
1321 294 1 
1322 41 1 
1322 252 1 
1323 93 2 
1323 93 2 
1323 110 2 
1323 110 2 
1323 194 3 
1323 209 3 
1323 209 1 
1323 209 3 
1323 209 2 
1323 282 1 
1323 320 3 
1323 351 1 
1323 351 1 
1323 351 1 
1324 261 1 
1325 113 1 
1325 124 1 
1325 124 1 
1325 350 1 
1326 3 1 
1326 34 1 
1326 113 1 
1326 113 1 
1326 113 1 
1326 285 1 
1326 299 1 
1326 350 1 
1327 4 1 
1327 28 1 
1327 28 1 
1327 113 1 
1327 133 1 
1327 136 1 
1328 303 1 
1328 303 3 
1328 303 1 
1329 124 1 
1329 124 1 
1329 124 1 
1329 124 1 
1329 128 1 
1329 249 2 
1329 249 3 
1329 249 3 
1329 283 1 
1329 283 1 
1329 290 1 
1329 290 1 
1329 306 1 
1329 306 1 
1329 306 1 
1329 306 1 
1329 308 1 
1329 308 1 
1329 308 1 
1329 331 1 
1329 331 1 
1329 342 1 
1330 9 1 
1330 80 1 
1330 82 1 
1330 86 1 
1330 111 1 
1330 111 1 
1330 128 1 
1330 128 1 
1330 128 1 
1330 128 1 
1330 128 1 
1330 128 1 
1330 128 1 
1330 257 1 
1330 271 1 
1330 293 1 
1330 308 1 
1330 308 1 
1330 312 3 
1330 312 1 
1330 312 1 
1330 312 1 
1330 312 1 
1330 312 1 
1330 312 1 
1330 312 1 
1330 312 1 
1330 315 3 
1330 334 1 
1330 334 1 
1330 335 1 
1330 335 3 
1330 335 1 
1330 335 1 
1330 335 1 
1330 335 1 
1330 335 1 
1330 335 1 
1330 335 1 
1330 335 1 
1330 335 1 
1330 335 1 
1330 335 1 
1330 335 1 
1330 335 1 
1330 335 1 
1330 335 1 
1330 335 1 
1330 335 1 
1330 337 1 
1330 338 1 
1330 338 1 
1330 338 1 
1330 338 1 
1331 113 1 
1331 113 1 
1331 113 1 
1331 113 1 
1331 113 1 
1331 113 1 
1331 124 1 
1331 124 1 
1331 124 1 
1331 166 1 
1331 173 1 
1331 173 1 
1331 251 1 
1331 289 1 
1331 299 1 
1331 350 1 
1332 124 1 
1333 285 1 
1334 113 1 
1334 113 1 
1334 113 1 
1334 113 1 
1334 113 1 
1334 113 1 
1334 113 1 
1334 113 1 
1334 124 1 
1334 128 1 
1334 228 1 
1334 231 1 
1334 260 1 
1334 269 1 
1334 283 1 
1334 285 1 
1334 289 1 
1334 289 1 
1334 291 1 
1334 291 1 
1334 298 1 
1334 307 1 
1334 350 1 
1334 355 1 
1334 355 1 
1335 110 2 
1336 34 1 
1336 336 1 
1336 336 1 
1337 354 1 
1338 299 1 
1339 70 1 
1340 322 1 
1341 22 1 
1341 28 1 
1341 28 1 
1341 83 1 
1341 121 1 
1341 139 1 
1341 166 1 
1341 166 1 
1341 166 1 
1341 166 1 
1341 173 1 
1341 173 1 
1341 180 1 
1341 181 1 
1341 188 1 
1341 188 1 
1341 212 1 
1341 270 1 
1341 354 1 
1342 243 1 
1343 44 1 
1343 299 1 
1344 244 1 
1345 8 1 
1345 128 1 
1345 128 1 
1345 222 1 
1345 228 1 
1345 281 1 
1345 299 1 
1345 331 1 
1345 331 1 
1345 332 1 
1345 334 1 
1345 336 1 
1345 338 1 
1345 340 1 
1345 340 1 
1345 350 1 
1345 350 1 
1345 352 1 
1345 354 1 
1346 113 1 
1347 260 1 
1347 269 1 
1348 97 1 
1348 344 1 
1349 113 1 
1350 124 1 
1350 124 1 
1351 217 1 
1352 243 1 
1353 3 1 
1353 28 1 
1353 113 1 
1353 113 1 
1353 305 1 
1353 305 1 
1353 312 1 
1353 340 1 
1353 340 1 
1353 350 1 
1353 350 1 
1354 4 1 
1354 113 1 
1354 113 1 
1354 113 1 
1354 113 1 
1354 113 1 
1354 113 1 
1354 113 1 
1354 113 1 
1354 113 1 
1354 113 1 
1354 124 1 
1354 124 1 
1354 173 1 
1354 231 1 
1354 243 1 
1354 281 1 
1354 282 1 
1354 282 1 
1354 287 1 
1354 311 1 
1354 312 1 
1354 340 1 
1354 340 1 
1354 355 1 
1355 305 1 
1355 305 1 
1355 305 1 
1355 305 1 
1355 305 1 
1355 305 1 
1355 306 1 
1355 306 1 
1355 306 1 
1355 306 1 
1356 8 1 
1356 9 1 
1356 10 1 
1356 11 1 
1356 20 1 
1356 28 1 
1356 28 1 
1356 80 1 
1356 82 1 
1356 85 1 
1356 86 1 
1356 91 1 
1356 93 1 
1356 109 1 
1356 109 1 
1356 110 1 
1356 110 1 
1356 110 1 
1356 110 1 
1356 110 1 
1356 110 2 
1356 110 1 
1356 110 1 
1356 110 2 
1356 110 2 
1356 111 1 
1356 124 1 
1356 139 1 
1356 139 1 
1356 161 1 
1356 162 1 
1356 176 1 
1356 188 1 
1356 189 1 
1356 208 1 
1356 213 1 
1356 239 1 
1356 258 1 
1356 265 1 
1356 271 1 
1356 275 1 
1356 277 1 
1356 277 1 
1356 326 1 
1356 350 1 
1356 354 1 
1357 350 1 
1358 221 1 
1358 222 1 
1359 38 1 
1359 38 1 
1360 105 1 
1360 185 1 
1360 199 1 
1360 199 1 
1361 199 1 
1362 354 1 
1363 199 1 
1364 106 1 
1365 113 1 
1366 103 1 
1366 103 1 
1366 128 1 
1366 350 1 
1367 336 1 
1368 113 1 
1369 4 1 
1369 8 1 
1369 8 2 
1369 8 1 
1369 8 2 
1369 8 2 
1369 69 3 
1369 113 1 
1369 113 1 
1369 113 1 
1369 113 1 
1369 113 1 
1369 113 1 
1369 113 1 
1369 113 1 
1369 113 1 
1369 113 2 
1369 113 1 
1369 113 2 
1369 113 2 
1369 113 1 
1369 113 1 
1369 113 1 
1369 113 1 
1369 113 1 
1369 128 1 
1369 128 1 
1369 128 1 
1369 128 2 
1369 128 2 
1369 128 1 
1369 128 1 
1369 128 1 
1369 128 1 
1369 128 1 
1369 128 1 
1369 221 1 
1369 221 1 
1369 222 1 
1369 222 1 
1369 222 1 
1369 290 1 
1369 293 1 
1369 299 1 
1369 331 1 
1369 331 1 
1369 331 1 
1369 331 1 
1369 331 1 
1369 331 1 
1369 331 1 
1369 331 1 
1369 331 1 
1369 331 1 
1369 338 1 
1369 340 1 
1369 340 1 
1369 340 1 
1369 340 1 
1369 340 1 
1369 340 1 
1369 340 1 
1369 340 1 
1369 340 1 
1369 340 1 
1369 348 3 
1369 350 1 
1369 350 1 
1370 113 1 
1370 113 1 
1370 113 1 
1370 113 1 
1371 1 2 
1371 54 1 
1371 61 2 
1371 113 1 
1371 124 1 
1371 124 1 
1371 124 1 
1372 350 1 
1373 124 1 
1373 124 1 
1374 11 1 
1374 11 1 
1374 112 1 
1374 128 1 
1374 128 1 
1374 128 2 
1374 128 2 
1374 128 2 
1374 128 2 
1374 265 1 
1374 308 1 
1374 331 1 
1374 334 1 
1374 335 1 
1374 335 1 
1374 337 1 
1374 338 1 
1375 7 1 
1375 11 1 
1375 11 1 
1375 11 1 
1375 11 1 
1375 24 1 
1375 24 1 
1375 28 1 
1375 83 1 
1375 91 2 
1375 128 2 
1375 128 1 
1375 128 2 
1375 128 2 
1375 128 1 
1375 128 2 
1375 166 1 
1375 166 1 
1375 218 1 
1375 228 1 
1375 228 1 
1375 228 1 
1375 228 1 
1375 228 1 
1375 228 1 
1375 228 1 
1375 228 3 
1375 228 1 
1375 228 1 
1375 255 3 
1375 255 1 
1375 255 1 
1375 255 1 
1375 256 1 
1375 256 1 
1375 281 1 
1375 282 1 
1375 287 1 
1375 287 1 
1375 287 1 
1375 287 1 
1375 291 1 
1375 299 1 
1375 299 1 
1375 308 1 
1375 308 1 
1375 310 1 
1375 331 1 
1375 332 1 
1375 334 1 
1375 335 1 
1375 336 1 
1375 336 1 
1375 336 1 
1375 337 1 
1375 338 1 
1375 350 1 
1375 350 1 
1375 350 1 
1375 350 1 
1375 350 1 
1375 350 1 
1375 350 1 
1375 350 1 
1375 351 1 
1376 11 1 
1376 128 1 
1376 128 1 
1376 128 2 
1376 334 1 
1376 335 1 
1376 337 1 
1376 338 1 
1377 254 1 
1378 340 1 
1378 340 1 
1379 128 1 
1379 128 1 
1379 128 2 
1379 334 1 
1379 335 1 
1379 336 1 
1379 337 1 
1379 338 1 
1380 1 2 
1380 7 1 
1380 7 1 
1380 7 1 
1380 8 1 
1380 8 1 
1380 11 1 
1380 28 1 
1380 61 2 
1380 83 1 
1380 113 1 
1380 113 1 
1380 113 1 
1380 113 1 
1380 124 1 
1380 124 1 
1380 128 1 
1380 128 2 
1380 128 2 
1380 128 2 
1380 128 1 
1380 128 2 
1380 128 1 
1380 139 1 
1380 166 1 
1380 228 1 
1380 228 1 
1380 228 1 
1380 251 3 
1380 251 1 
1380 255 1 
1380 284 1 
1380 291 1 
1380 299 1 
1380 299 1 
1380 305 1 
1380 306 1 
1380 308 1 
1380 321 1 
1380 331 1 
1380 334 1 
1380 335 1 
1380 336 1 
1380 336 1 
1380 336 1 
1380 336 1 
1380 337 1 
1380 338 1 
1380 350 1 
1380 350 1 
1380 350 1 
1380 350 1 
1380 350 1 
1380 350 1 
1380 354 1 
1381 1 2 
1381 1 2 
1381 1 2 
1381 44 1 
1381 61 2 
1381 61 2 
1381 61 2 
1381 128 1 
1381 128 2 
1381 128 2 
1381 128 2 
1381 128 2 
1381 128 1 
1381 287 1 
1381 308 1 
1381 324 3 
1381 331 1 
1381 334 1 
1381 335 1 
1381 337 1 
1381 338 1 
1381 350 1 
1382 7 1 
1383 271 1 
1384 28 1 
1385 38 1 
1385 38 1 
1385 38 1 
1385 38 1 
1386 18 1 
1387 285 1 
1388 128 1 
1389 173 1 
1390 38 1 
1390 38 1 
1390 38 1 
1391 124 1 
1391 124 1 
1392 254 1 
1393 113 1 
1394 103 1 
1395 4 1 
1395 8 1 
1395 8 1 
1395 8 1 
1395 28 1 
1395 28 1 
1395 77 1 
1395 103 1 
1395 103 1 
1395 103 1 
1395 111 1 
1395 111 1 
1395 111 1 
1395 111 1 
1395 111 1 
1395 139 1 
1395 166 1 
1395 172 3 
1395 173 1 
1395 173 1 
1395 243 1 
1395 243 1 
1395 254 1 
1395 284 1 
1395 291 1 
1395 308 1 
1395 308 1 
1395 311 1 
1395 311 1 
1395 334 1 
1395 350 1 
1395 350 1 
1395 350 1 
1395 350 1 
1395 350 1 
1396 299 1 
1397 1 2 
1397 11 3 
1397 11 1 
1397 11 1 
1397 14 1 
1397 61 2 
1397 91 2 
1397 93 2 
1397 110 2 
1397 110 2 
1397 111 1 
1397 111 1 
1397 111 1 
1397 111 1 
1397 111 1 
1397 111 1 
1397 111 1 
1397 111 1 
1397 111 1 
1397 111 1 
1397 111 1 
1397 111 1 
1397 111 1 
1397 112 1 
1397 124 1 
1397 124 1 
1397 124 1 
1397 124 1 
1397 124 1 
1397 124 1 
1397 124 1 
1397 124 1 
1397 124 1 
1397 124 1 
1397 124 1 
1397 128 1 
1397 221 1 
1397 228 1 
1397 251 1 
1397 251 1 
1397 251 1 
1397 253 1 
1397 254 1 
1397 254 1 
1397 265 1 
1397 271 1 
1397 299 1 
1397 299 1 
1397 299 1 
1397 299 1 
1397 299 1 
1397 299 1 
1397 306 1 
1397 312 1 
1397 328 1 
1397 328 1 
1397 331 1 
1397 334 1 
1397 334 1 
1397 338 1 
1397 338 1 
1397 338 1 
1397 338 1 
1397 350 1 
1397 351 1 
1397 354 1 
1398 54 1 
1399 113 1 
1399 113 1 
1399 113 1 
1399 113 1 
1399 113 1 
1399 285 1 
1400 166 1 
1400 173 1 
1400 173 1 
1400 231 1 
1400 231 1 
1400 299 1 
1400 299 1 
1401 340 1 
1402 124 1 
1402 124 1 
1402 299 1 
1402 350 1 
1402 350 1 
1402 350 1 
1402 350 1 
1402 350 1 
1402 350 1 
1403 337 1 
1403 338 1 
1403 338 1 
1403 338 1 
1403 338 1 
1403 338 1 
1403 338 1 
1403 338 1 
1403 338 1 
1403 338 1 
1403 338 1 
1403 338 1 
1403 338 1 
1403 338 1 
1403 338 1 
1404 4 1 
1404 7 1 
1404 28 1 
1404 355 1 
1405 7 1 
1406 254 1 
1407 199 1 
1408 91 2 
1408 271 1 
1408 271 1 
1409 111 2 
1410 336 1 
1410 336 1 
1410 336 1 
1410 336 1 
1411 299 1 
1412 350 1 
1412 350 1 
1412 350 1 
1412 350 1 
1412 350 1 
1412 350 1 
1412 350 1 
1412 350 1 
1413 48 1 
1414 328 1 
1415 8 1 
1415 28 1 
1415 28 1 
1415 113 1 
1415 113 1 
1415 113 1 
1415 281 1 
1415 305 1 
1415 312 1 
1416 124 1 
1416 128 1 
1416 128 1 
1416 128 1 
1416 128 1 
1416 254 1 
1417 7 1 
1417 7 1 
1417 299 1 
1418 111 1 
1418 124 1 
1418 124 1 
1418 124 1 
1418 124 1 
1418 293 1 
1419 111 1 
1420 54 1 
1421 279 1 
1421 285 1 
1421 306 1 
1422 124 1 
1422 281 1 
1422 287 1 
1423 124 1 
1424 128 1 
1425 3 1 
1425 3 1 
1425 3 1 
1425 3 1 
1425 4 1 
1425 7 1 
1425 7 1 
1425 7 1 
1425 28 1 
1425 28 1 
1425 28 1 
1425 32 1 
1425 32 1 
1425 32 1 
1425 83 1 
1425 83 1 
1425 83 1 
1425 83 1 
1425 83 1 
1425 109 1 
1425 109 1 
1425 113 1 
1425 113 1 
1425 113 1 
1425 113 1 
1425 113 1 
1425 113 1 
1425 113 1 
1425 113 1 
1425 113 1 
1425 113 1 
1425 113 1 
1425 113 1 
1425 113 1 
1425 113 1 
1425 121 1 
1425 121 1 
1425 259 1 
1425 259 1 
1425 281 1 
1425 312 1 
1425 322 1 
1425 322 1 
1425 340 1 
1425 340 1 
1425 342 1 
1425 355 1 
1426 4 1 
1426 5 1 
1427 299 1 
1428 24 1 
1428 256 1 
1429 310 1 
1429 337 1 
1429 337 1 
1430 38 1 
1431 260 3 
1431 260 1 
1431 260 1 
1431 260 1 
1431 269 1 
1431 269 1 
1431 269 1 
1431 269 3 
1431 288 1 
1432 276 3 
1432 276 1 
1432 334 1 
1432 338 1 
1433 111 2 
1434 54 1 
1435 16 1 
1435 17 1 
1435 19 1 
1435 105 3 
1435 105 1 
1435 105 1 
1435 105 1 
1435 112 1 
1435 132 1 
1435 135 1 
1435 138 1 
1435 142 1 
1435 143 1 
1435 144 1 
1435 146 1 
1435 151 1 
1435 156 1 
1435 167 1 
1435 185 1 
1435 185 1 
1435 185 1 
1435 185 1 
1435 185 1 
1435 185 1 
1435 185 1 
1435 185 1 
1435 192 1 
1435 196 1 
1435 199 1 
1435 207 1 
1435 212 1 
1436 1 1 
1436 3 1 
1436 11 1 
1436 12 1 
1436 21 1 
1436 41 1 
1436 44 1 
1436 44 1 
1436 44 1 
1436 61 1 
1436 70 1 
1436 89 1 
1436 95 1 
1436 96 1 
1436 98 1 
1436 100 1 
1436 102 1 
1436 115 1 
1436 117 1 
1436 118 1 
1436 121 1 
1436 163 1 
1436 191 1 
1436 194 1 
1436 197 1 
1436 202 1 
1436 205 1 
1436 206 1 
1436 209 1 
1436 210 1 
1436 218 1 
1436 219 1 
1436 220 1 
1436 221 1 
1436 222 1 
1436 223 1 
1436 224 1 
1436 225 1 
1436 226 1 
1436 232 1 
1436 233 1 
1436 237 1 
1436 240 1 
1436 241 1 
1436 242 1 
1436 245 1 
1436 246 1 
1436 247 1 
1436 248 1 
1436 249 1 
1436 250 1 
1436 268 1 
1436 294 1 
1437 285 1 
1438 113 1 
1438 113 1 
1438 113 1 
1438 340 1 
1439 113 1 
1440 199 1 
1441 3 1 
1441 7 1 
1441 11 1 
1441 11 1 
1441 28 1 
1441 32 1 
1441 83 1 
1441 83 1 
1441 109 1 
1441 113 1 
1441 121 1 
1441 166 1 
1441 166 1 
1441 166 1 
1441 173 1 
1441 231 1 
1441 294 1 
1441 294 2 
1441 294 3 
1441 294 3 
1441 336 1 
1441 336 1 
1441 336 1 
1441 336 1 
1441 336 1 
1441 336 1 
1442 113 1 
1443 310 1 
1443 313 1 
1444 289 1 
1444 299 1 
1444 299 1 
1445 113 1 
1446 7 1 
1446 83 1 
1446 113 1 
1446 113 1 
1446 113 1 
1446 113 1 
1446 113 1 
1446 113 1 
1446 113 1 
1446 113 1 
1446 113 1 
1446 340 1 
1447 128 1 
1447 128 1 
1448 350 1 
1449 340 1 
1450 113 1 
1450 290 1 
1451 113 1 
1451 113 1 
1452 113 1 
1453 190 2 
