2723 19 1 
2724 285 1 
2724 305 1 
2725 8 1 
2725 14 1 
2725 98 1 
2726 54 1 
2727 113 1 
2728 306 1 
2729 83 1 
2729 124 1 
2729 285 1 
2730 8 1 
2730 8 1 
2730 8 1 
2730 8 1 
2730 8 1 
2730 8 2 
2730 8 1 
2730 14 1 
2730 108 1 
2730 111 1 
2730 128 1 
2730 128 1 
2730 128 1 
2730 128 1 
2730 128 1 
2730 128 1 
2730 128 1 
2730 128 1 
2730 128 1 
2730 228 1 
2730 229 1 
2730 230 1 
2730 254 1 
2730 254 1 
2730 254 1 
2730 335 1 
2730 335 1 
2730 338 1 
2730 338 1 
2730 350 1 
2731 7 1 
2732 44 1 
2732 217 1 
2732 260 1 
2732 269 1 
2732 350 1 
2733 25 1 
2733 28 1 
2733 330 1 
2733 333 1 
2733 336 1 
2733 341 1 
2733 343 1 
2733 345 1 
2733 353 1 
2733 354 1 
2733 355 1 
2733 356 1 
2734 113 1 
2735 299 1 
2736 228 1 
2737 7 1 
2737 83 1 
2737 121 1 
2738 91 2 
2738 103 1 
2738 103 1 
2738 113 1 
2739 217 1 
2740 1 2 
2740 61 2 
2740 103 1 
2740 113 1 
2740 113 1 
2740 113 1 
2740 113 1 
2740 228 1 
2740 243 1 
2740 291 1 
2740 299 1 
2740 299 1 
2740 307 1 
2740 309 1 
2740 338 1 
2740 351 1 
2741 299 1 
2742 93 2 
2742 113 1 
2742 204 1 
2742 350 1 
2742 350 1 
2743 113 1 
2743 113 1 
2744 180 1 
2744 259 1 
2745 38 1 
2745 38 1 
2746 113 1 
2746 113 1 
2746 288 1 
2746 288 1 
2746 290 1 
2746 308 1 
2746 308 1 
2746 340 1 
2746 340 1 
2747 124 1 
2747 124 1 
2747 128 1 
2747 128 2 
2747 128 2 
2747 128 1 
2747 128 1 
2747 128 1 
2747 128 1 
2747 128 1 
2747 128 1 
2747 128 1 
2747 128 1 
2747 128 1 
2747 128 1 
2747 128 1 
2747 128 1 
2747 128 1 
2747 166 1 
2747 305 1 
2747 305 1 
2748 336 1 
2749 103 1 
2750 5 1 
2750 7 1 
2750 7 1 
2750 7 1 
2750 7 1 
2750 113 1 
2750 299 1 
2750 305 1 
2750 305 1 
2750 350 1 
2750 350 1 
2750 350 1 
2750 350 1 
2751 279 1 
2751 279 1 
2752 28 1 
2753 334 1 
2754 113 1 
2755 336 1 
2756 270 1 
2757 199 1 
2758 128 1 
2758 128 1 
2758 128 1 
2758 128 1 
2758 128 1 
2758 128 1 
2758 128 1 
2758 128 1 
2758 128 1 
2758 128 1 
2758 128 1 
2758 128 1 
2758 128 1 
2758 128 1 
2758 128 1 
2758 128 1 
2758 128 1 
2758 128 1 
2758 128 1 
2758 128 1 
2758 128 1 
2758 339 1 
2758 339 1 
2759 3 1 
2759 8 1 
2759 15 1 
2759 98 1 
2759 110 2 
2759 128 1 
2759 218 1 
2759 254 1 
2759 254 1 
2759 327 1 
2759 331 1 
2759 334 1 
2759 335 1 
2759 337 1 
2759 339 1 
2759 340 1 
2759 350 1 
2760 1 2 
2760 1 1 
2760 1 1 
2760 1 1 
2760 3 1 
2760 3 1 
2760 7 1 
2760 7 1 
2760 7 1 
2760 7 1 
2760 8 1 
2760 16 3 
2760 16 1 
2760 17 1 
2760 17 3 
2760 17 1 
2760 17 1 
2760 17 1 
2760 17 1 
2760 19 3 
2760 19 1 
2760 20 1 
2760 20 1 
2760 20 1 
2760 20 1 
2760 20 1 
2760 20 1 
2760 25 1 
2760 25 1 
2760 25 1 
2760 27 1 
2760 27 1 
2760 27 1 
2760 27 1 
2760 28 1 
2760 30 1 
2760 44 3 
2760 53 3 
2760 61 1 
2760 61 1 
2760 61 2 
2760 61 1 
2760 70 1 
2760 113 1 
2760 113 1 
2760 113 1 
2760 113 1 
2760 124 1 
2760 124 1 
2760 124 1 
2760 132 3 
2760 132 1 
2760 135 3 
2760 135 1 
2760 138 1 
2760 138 3 
2760 142 1 
2760 142 3 
2760 143 3 
2760 143 1 
2760 144 3 
2760 144 1 
2760 146 3 
2760 146 1 
2760 151 3 
2760 151 1 
2760 156 3 
2760 156 1 
2760 167 1 
2760 167 3 
2760 192 1 
2760 192 3 
2760 196 1 
2760 196 3 
2760 207 1 
2760 207 3 
2760 208 1 
2760 208 1 
2760 208 1 
2760 208 1 
2760 208 1 
2760 208 1 
2760 212 3 
2760 212 1 
2760 228 1 
2760 243 1 
2760 284 1 
2760 284 1 
2760 288 1 
2760 288 1 
2760 292 1 
2760 299 1 
2760 299 1 
2760 330 1 
2760 330 1 
2760 330 1 
2760 333 1 
2760 333 1 
2760 333 1 
2760 336 1 
2760 336 1 
2760 336 1 
2760 336 1 
2760 341 1 
2760 341 1 
2760 341 1 
2760 343 1 
2760 343 1 
2760 343 1 
2760 345 1 
2760 345 1 
2760 345 1 
2760 350 1 
2760 350 1 
2760 350 1 
2760 350 1 
2760 350 1 
2760 350 1 
2760 350 1 
2760 353 1 
2760 353 1 
2760 353 1 
2760 354 1 
2760 354 1 
2760 354 1 
2760 354 1 
2760 354 1 
2760 355 1 
2760 355 1 
2760 355 1 
2760 356 1 
2760 356 1 
2760 356 1 
2761 199 1 
2762 113 1 
2762 113 1 
2763 111 2 
2764 28 1 
2764 336 1 
2764 336 1 
2765 17 1 
2765 17 1 
2765 128 1 
2765 299 1 
2766 3 1 
2767 48 1 
2768 128 1 
2768 128 1 
2769 139 1 
2769 188 1 
2769 217 1 
2770 124 1 
2770 124 1 
2771 128 1 
2771 290 1 
2771 290 1 
2771 292 1 
2771 292 1 
2771 294 1 
2771 351 1 
2772 124 1 
2773 279 1 
2773 350 1 
2773 350 1 
2773 350 1 
2773 350 1 
2774 305 1 
2775 299 1 
2776 124 1 
2776 133 1 
2776 136 1 
2776 164 2 
2777 128 1 
2778 38 1 
2779 113 1 
2779 113 1 
2780 70 1 
2781 113 1 
2781 113 1 
2781 113 1 
2781 113 1 
2781 113 1 
2782 124 1 
2783 70 1 
2784 24 1 
2784 70 1 
2784 256 1 
2784 258 1 
2784 264 1 
2784 272 1 
2784 273 1 
2784 275 1 
2784 279 1 
2784 282 1 
2784 283 1 
2784 285 1 
2784 289 1 
2784 291 1 
2784 293 1 
2784 299 1 
2784 304 1 
2784 305 1 
2784 306 1 
2784 307 1 
2784 308 1 
2784 309 1 
2784 310 1 
2784 311 1 
2784 312 1 
2784 313 1 
2784 314 1 
2784 315 1 
2784 316 1 
2784 317 1 
2784 318 1 
2784 319 1 
2784 320 1 
2784 321 1 
2784 322 1 
2784 323 1 
2784 324 1 
2784 325 1 
2784 327 1 
2784 328 1 
2784 331 1 
2784 332 1 
2784 334 1 
2784 335 1 
2784 336 1 
2784 337 1 
2784 338 1 
2784 339 1 
2784 340 1 
2784 342 1 
2784 350 1 
2784 351 1 
2784 352 1 
2785 70 1 
2786 128 1 
2787 7 1 
2787 28 1 
2787 83 1 
2787 166 1 
2787 173 1 
2787 180 1 
2788 124 1 
2789 305 1 
2790 124 1 
2790 124 1 
2790 299 1 
2790 345 3 
2791 128 1 
2792 18 1 
2792 139 1 
2792 355 1 
2793 2 1 
2793 8 1 
2793 8 1 
2793 66 1 
2793 228 1 
2793 228 1 
2793 229 1 
2793 229 1 
2793 230 1 
2793 230 1 
2793 231 1 
2793 231 1 
2793 234 1 
2793 234 1 
2793 238 1 
2793 238 1 
2793 243 1 
2793 243 1 
2793 244 1 
2793 244 1 
2793 251 1 
2793 251 1 
2793 253 1 
2793 253 1 
2793 254 1 
2793 254 1 
2794 288 1 
2795 1 1 
2795 61 1 
2795 250 3 
2795 250 2 
2795 305 1 
2795 306 1 
2795 308 1 
2795 322 1 
2795 340 1 
2795 340 1 
2795 340 1 
2795 340 1 
2795 340 1 
2795 340 1 
2795 340 1 
2795 340 1 
2795 351 1 
2795 351 1 
2795 352 1 
2795 352 1 
2796 11 1 
2796 11 1 
2796 113 1 
2796 113 1 
2796 340 1 
2797 305 1 
2798 83 1 
2798 176 1 
2798 228 1 
2798 255 1 
2798 257 1 
2798 259 1 
2798 265 1 
2798 280 1 
2798 350 1 
2798 353 1 
2799 44 1 
2799 44 1 
2800 354 1 
2801 288 1 
2802 305 1 
2802 306 1 
2803 93 2 
2803 217 1 
2804 11 1 
2804 11 1 
2804 24 1 
2804 94 1 
2804 110 1 
2804 110 2 
2804 110 2 
2804 209 1 
2804 219 1 
2804 256 1 
2804 259 1 
2804 259 1 
2804 263 1 
2804 265 1 
2804 271 1 
2804 280 1 
2804 282 1 
2804 292 1 
2805 113 1 
2805 354 1 
2806 4 1 
2806 25 1 
2806 28 1 
2806 28 1 
2806 58 1 
2806 121 1 
2806 128 1 
2806 128 1 
2806 128 1 
2806 217 1 
2806 217 1 
2806 279 1 
2806 279 1 
2806 279 1 
2806 279 1 
2806 279 1 
2806 282 1 
2806 299 1 
2806 299 1 
2806 299 1 
2806 299 1 
2806 299 1 
2806 299 1 
2806 299 1 
2806 299 1 
2806 299 1 
2806 299 1 
2806 299 1 
2806 299 1 
2806 299 1 
2806 299 1 
2806 306 1 
2806 307 1 
2806 308 1 
2806 322 1 
2806 322 1 
2806 330 1 
2806 333 1 
2806 340 1 
2806 340 1 
2806 340 1 
2806 341 1 
2806 343 1 
2806 345 1 
2806 350 1 
2806 353 1 
2806 354 1 
2806 355 1 
2806 356 1 
2807 166 1 
2808 113 1 
2809 34 1 
2810 350 1 
2811 16 1 
2811 16 1 
2811 16 1 
2811 16 1 
2811 16 1 
2811 16 1 
2811 16 1 
2811 16 1 
2811 16 1 
2811 16 1 
2811 16 1 
2811 16 1 
2811 16 1 
2811 16 1 
2811 16 1 
2811 16 1 
2811 16 1 
2811 16 1 
2811 16 1 
2811 16 1 
2811 16 1 
2811 16 1 
2811 16 1 
2811 16 1 
2811 16 1 
2811 16 1 
2811 16 1 
2811 16 1 
2811 16 1 
2811 16 1 
2811 16 1 
2811 16 1 
2811 16 1 
2811 16 1 
2811 16 1 
2811 16 1 
2811 16 1 
2811 16 1 
2811 16 1 
2811 16 1 
2811 16 1 
2811 16 1 
2811 16 1 
2811 16 1 
2811 16 1 
2811 16 1 
2811 17 1 
2811 17 1 
2811 17 1 
2811 17 1 
2811 17 1 
2811 17 1 
2811 17 1 
2811 17 1 
2811 17 1 
2811 17 1 
2811 17 1 
2811 17 1 
2811 17 1 
2811 17 1 
2811 17 1 
2811 17 1 
2811 17 1 
2811 17 1 
2811 17 1 
2811 17 1 
2811 17 1 
2811 17 1 
2811 17 1 
2811 17 1 
2811 17 1 
2811 17 1 
2811 17 1 
2811 17 1 
2811 17 1 
2811 17 1 
2811 17 1 
2811 17 1 
2811 17 1 
2811 17 1 
2811 17 1 
2811 17 1 
2811 17 1 
2811 17 1 
2811 17 1 
2811 17 1 
2811 17 1 
2811 17 1 
2811 17 1 
2811 17 1 
2811 17 1 
2811 17 1 
2811 19 1 
2811 19 1 
2811 19 1 
2811 19 1 
2811 19 1 
2811 19 1 
2811 19 1 
2811 19 1 
2811 19 1 
2811 19 1 
2811 19 1 
2811 19 1 
2811 19 1 
2811 19 1 
2811 19 1 
2811 19 1 
2811 19 1 
2811 19 1 
2811 19 1 
2811 19 1 
2811 19 1 
2811 19 1 
2811 19 1 
2811 19 1 
2811 19 1 
2811 19 1 
2811 19 1 
2811 19 1 
2811 19 1 
2811 19 1 
2811 19 1 
2811 19 1 
2811 19 1 
2811 19 1 
2811 19 1 
2811 19 1 
2811 19 1 
2811 19 1 
2811 19 1 
2811 19 1 
2811 19 1 
2811 19 1 
2811 19 1 
2811 19 1 
2811 19 1 
2811 19 1 
2811 21 1 
2811 22 1 
2811 38 1 
2811 38 1 
2811 38 1 
2811 38 1 
2811 38 1 
2811 38 1 
2811 38 1 
2811 38 1 
2811 38 1 
2811 38 1 
2811 38 1 
2811 38 1 
2811 38 1 
2811 38 1 
2811 38 1 
2811 38 1 
2811 38 1 
2811 38 1 
2811 38 1 
2811 38 1 
2811 38 1 
2811 38 1 
2811 38 1 
2811 38 1 
2811 38 1 
2811 38 1 
2811 38 1 
2811 38 1 
2811 38 1 
2811 38 1 
2811 38 1 
2811 38 1 
2811 38 1 
2811 38 1 
2811 95 1 
2811 97 1 
2811 97 1 
2811 97 1 
2811 97 1 
2811 97 1 
2811 97 1 
2811 97 1 
2811 97 1 
2811 97 1 
2811 97 1 
2811 97 1 
2811 97 1 
2811 132 1 
2811 132 1 
2811 132 1 
2811 132 1 
2811 132 1 
2811 132 1 
2811 132 1 
2811 132 1 
2811 132 1 
2811 132 1 
2811 132 1 
2811 132 1 
2811 132 1 
2811 132 1 
2811 132 1 
2811 132 1 
2811 132 1 
2811 132 1 
2811 132 1 
2811 132 1 
2811 132 1 
2811 132 1 
2811 132 1 
2811 132 1 
2811 132 1 
2811 132 1 
2811 132 1 
2811 132 1 
2811 132 1 
2811 132 1 
2811 132 1 
2811 132 1 
2811 132 1 
2811 132 1 
2811 132 1 
2811 132 1 
2811 132 1 
2811 132 1 
2811 132 1 
2811 132 1 
2811 132 1 
2811 132 1 
2811 132 1 
2811 132 1 
2811 132 1 
2811 132 1 
2811 135 1 
2811 135 1 
2811 135 1 
2811 135 1 
2811 135 1 
2811 135 1 
2811 135 1 
2811 135 1 
2811 135 1 
2811 135 1 
2811 135 1 
2811 135 1 
2811 135 1 
2811 135 1 
2811 135 1 
2811 135 1 
2811 135 1 
2811 135 1 
2811 135 1 
2811 135 1 
2811 135 1 
2811 135 1 
2811 135 1 
2811 135 1 
2811 135 1 
2811 135 1 
2811 135 1 
2811 135 1 
2811 135 1 
2811 135 1 
2811 135 1 
2811 135 1 
2811 135 1 
2811 135 1 
2811 135 1 
2811 135 1 
2811 135 1 
2811 135 1 
2811 135 1 
2811 135 1 
2811 135 1 
2811 135 1 
2811 135 1 
2811 135 1 
2811 135 1 
2811 135 1 
2811 138 1 
2811 138 1 
2811 138 1 
2811 138 1 
2811 138 1 
2811 138 1 
2811 138 1 
2811 138 1 
2811 138 1 
2811 138 1 
2811 138 1 
2811 138 1 
2811 138 1 
2811 138 1 
2811 138 1 
2811 138 1 
2811 138 1 
2811 138 1 
2811 138 1 
2811 138 1 
2811 138 1 
2811 138 1 
2811 138 1 
2811 138 1 
2811 138 1 
2811 138 1 
2811 138 1 
2811 138 1 
2811 138 1 
2811 138 1 
2811 138 1 
2811 138 1 
2811 138 1 
2811 138 1 
2811 138 1 
2811 138 1 
2811 138 1 
2811 138 1 
2811 138 1 
2811 138 1 
2811 138 1 
2811 138 1 
2811 138 1 
2811 138 1 
2811 138 1 
2811 138 1 
2811 142 1 
2811 142 1 
2811 142 1 
2811 142 1 
2811 142 1 
2811 142 1 
2811 142 1 
2811 142 1 
2811 142 1 
2811 142 1 
2811 142 1 
2811 142 1 
2811 142 1 
2811 142 1 
2811 142 1 
2811 142 1 
2811 142 1 
2811 142 1 
2811 142 1 
2811 142 1 
2811 142 1 
2811 142 1 
2811 142 1 
2811 142 1 
2811 142 1 
2811 142 1 
2811 142 1 
2811 142 1 
2811 142 1 
2811 142 1 
2811 142 1 
2811 142 1 
2811 142 1 
2811 142 1 
2811 142 1 
2811 142 1 
2811 142 1 
2811 142 1 
2811 142 1 
2811 142 1 
2811 142 1 
2811 142 1 
2811 142 1 
2811 142 1 
2811 142 1 
2811 142 1 
2811 143 1 
2811 143 1 
2811 143 1 
2811 143 1 
2811 143 1 
2811 143 1 
2811 143 1 
2811 143 1 
2811 143 1 
2811 143 1 
2811 143 1 
2811 143 1 
2811 143 1 
2811 143 1 
2811 143 1 
2811 143 1 
2811 143 1 
2811 143 1 
2811 143 1 
2811 143 1 
2811 143 1 
2811 143 1 
2811 143 1 
2811 143 1 
2811 143 1 
2811 143 1 
2811 143 1 
2811 143 1 
2811 143 1 
2811 143 1 
2811 143 1 
2811 143 1 
2811 143 1 
2811 143 1 
2811 143 1 
2811 143 1 
2811 143 1 
2811 143 1 
2811 143 1 
2811 143 1 
2811 143 1 
2811 143 1 
2811 143 1 
2811 143 1 
2811 143 1 
2811 143 1 
2811 144 1 
2811 144 1 
2811 144 1 
2811 144 1 
2811 144 1 
2811 144 1 
2811 144 1 
2811 144 1 
2811 144 1 
2811 144 1 
2811 144 1 
2811 144 1 
2811 144 1 
2811 144 1 
2811 144 1 
2811 144 1 
2811 144 1 
2811 144 1 
2811 144 1 
2811 144 1 
2811 144 1 
2811 144 1 
2811 144 1 
2811 144 1 
2811 144 1 
2811 144 1 
2811 144 1 
2811 144 1 
2811 144 1 
2811 144 1 
2811 144 1 
2811 144 1 
2811 144 1 
2811 144 1 
2811 144 1 
2811 144 1 
2811 144 1 
2811 144 1 
2811 144 1 
2811 144 1 
2811 144 1 
2811 144 1 
2811 144 1 
2811 144 1 
2811 144 1 
2811 144 1 
2811 146 1 
2811 146 1 
2811 146 1 
2811 146 1 
2811 146 1 
2811 146 1 
2811 146 1 
2811 146 1 
2811 146 1 
2811 146 1 
2811 146 1 
2811 146 1 
2811 146 1 
2811 146 1 
2811 146 1 
2811 146 1 
2811 146 1 
2811 146 1 
2811 146 1 
2811 146 1 
2811 146 1 
2811 146 1 
2811 146 1 
2811 146 1 
2811 146 1 
2811 146 1 
2811 146 1 
2811 146 1 
2811 146 1 
2811 146 1 
2811 146 1 
2811 146 1 
2811 146 1 
2811 146 1 
2811 146 1 
2811 146 1 
2811 146 1 
2811 146 1 
2811 146 1 
2811 146 1 
2811 146 1 
2811 146 1 
2811 146 1 
2811 146 1 
2811 146 1 
2811 146 1 
2811 151 1 
2811 151 1 
2811 151 1 
2811 151 1 
2811 151 1 
2811 151 1 
2811 151 1 
2811 151 1 
2811 151 1 
2811 151 1 
2811 151 1 
2811 151 1 
2811 151 1 
2811 151 1 
2811 151 1 
2811 151 1 
2811 151 1 
2811 151 1 
2811 151 1 
2811 151 1 
2811 151 1 
2811 151 1 
2811 151 1 
2811 151 1 
2811 151 1 
2811 151 1 
2811 151 1 
2811 151 1 
2811 151 1 
2811 151 1 
2811 151 1 
2811 151 1 
2811 151 1 
2811 151 1 
2811 151 1 
2811 151 1 
2811 151 1 
2811 151 1 
2811 151 1 
2811 151 1 
2811 151 1 
2811 151 1 
2811 151 1 
2811 151 1 
2811 151 1 
2811 151 1 
2811 156 1 
2811 156 1 
2811 156 1 
2811 156 1 
2811 156 1 
2811 156 1 
2811 156 1 
2811 156 1 
2811 156 1 
2811 156 1 
2811 156 1 
2811 156 1 
2811 156 1 
2811 156 1 
2811 156 1 
2811 156 1 
2811 156 1 
2811 156 1 
2811 156 1 
2811 156 1 
2811 156 1 
2811 156 1 
2811 156 1 
2811 156 1 
2811 156 1 
2811 156 1 
2811 156 1 
2811 156 1 
2811 156 1 
2811 156 1 
2811 156 1 
2811 156 1 
2811 156 1 
2811 156 1 
2811 156 1 
2811 156 1 
2811 156 1 
2811 156 1 
2811 156 1 
2811 156 1 
2811 156 1 
2811 156 1 
2811 156 1 
2811 156 1 
2811 156 1 
2811 156 1 
2811 167 1 
2811 167 1 
2811 167 1 
2811 167 1 
2811 167 1 
2811 167 1 
2811 167 1 
2811 167 1 
2811 167 1 
2811 167 1 
2811 167 1 
2811 167 1 
2811 167 1 
2811 167 1 
2811 167 1 
2811 167 1 
2811 167 1 
2811 167 1 
2811 167 1 
2811 167 1 
2811 167 1 
2811 167 1 
2811 167 1 
2811 167 1 
2811 167 1 
2811 167 1 
2811 167 1 
2811 167 1 
2811 167 1 
2811 167 1 
2811 167 1 
2811 167 1 
2811 167 1 
2811 167 1 
2811 167 1 
2811 167 1 
2811 167 1 
2811 167 1 
2811 167 1 
2811 167 1 
2811 167 1 
2811 167 1 
2811 167 1 
2811 167 1 
2811 167 1 
2811 167 1 
2811 192 1 
2811 192 1 
2811 192 1 
2811 192 1 
2811 192 1 
2811 192 1 
2811 192 1 
2811 192 1 
2811 192 1 
2811 192 1 
2811 192 1 
2811 192 1 
2811 192 1 
2811 192 1 
2811 192 1 
2811 192 1 
2811 192 1 
2811 192 1 
2811 192 1 
2811 192 1 
2811 192 1 
2811 192 1 
2811 192 1 
2811 192 1 
2811 192 1 
2811 192 1 
2811 192 1 
2811 192 1 
2811 192 1 
2811 192 1 
2811 192 1 
2811 192 1 
2811 192 1 
2811 192 1 
2811 192 1 
2811 192 1 
2811 192 1 
2811 192 1 
2811 192 1 
2811 192 1 
2811 192 1 
2811 192 1 
2811 192 1 
2811 192 1 
2811 192 1 
2811 192 1 
2811 196 1 
2811 196 1 
2811 196 1 
2811 196 1 
2811 196 1 
2811 196 1 
2811 196 1 
2811 196 1 
2811 196 1 
2811 196 1 
2811 196 1 
2811 196 1 
2811 196 1 
2811 196 1 
2811 196 1 
2811 196 1 
2811 196 1 
2811 196 1 
2811 196 1 
2811 196 1 
2811 196 1 
2811 196 1 
2811 196 1 
2811 196 1 
2811 196 1 
2811 196 1 
2811 196 1 
2811 196 1 
2811 196 1 
2811 196 1 
2811 196 1 
2811 196 1 
2811 196 1 
2811 196 1 
2811 196 1 
2811 196 1 
2811 196 1 
2811 196 1 
2811 196 1 
2811 196 1 
2811 196 1 
2811 196 1 
2811 196 1 
2811 196 1 
2811 196 1 
2811 196 1 
2811 207 1 
2811 207 1 
2811 207 1 
2811 207 1 
2811 207 1 
2811 207 1 
2811 207 1 
2811 207 1 
2811 207 1 
2811 207 1 
2811 207 1 
2811 207 1 
2811 207 1 
2811 207 1 
2811 207 1 
2811 207 1 
2811 207 1 
2811 207 1 
2811 207 1 
2811 207 1 
2811 207 1 
2811 207 1 
2811 207 1 
2811 207 1 
2811 207 1 
2811 207 1 
2811 207 1 
2811 207 1 
2811 207 1 
2811 207 1 
2811 207 1 
2811 207 1 
2811 207 1 
2811 207 1 
2811 207 1 
2811 207 1 
2811 207 1 
2811 207 1 
2811 207 1 
2811 207 1 
2811 207 1 
2811 207 1 
2811 207 1 
2811 207 1 
2811 207 1 
2811 207 1 
2811 212 1 
2811 212 1 
2811 212 1 
2811 212 1 
2811 212 1 
2811 212 1 
2811 212 1 
2811 212 1 
2811 212 1 
2811 212 1 
2811 212 1 
2811 212 1 
2811 212 1 
2811 212 1 
2811 212 1 
2811 212 1 
2811 212 1 
2811 212 1 
2811 212 1 
2811 212 1 
2811 212 1 
2811 212 1 
2811 212 1 
2811 212 1 
2811 212 1 
2811 212 1 
2811 212 1 
2811 212 1 
2811 212 1 
2811 212 1 
2811 212 1 
2811 212 1 
2811 212 1 
2811 212 1 
2811 212 1 
2811 212 1 
2811 212 1 
2811 212 1 
2811 212 1 
2811 212 1 
2811 212 1 
2811 212 1 
2811 212 1 
2811 212 1 
2811 212 1 
2811 212 1 
2811 344 1 
2811 344 1 
2811 344 1 
2811 344 1 
2811 344 1 
2811 344 1 
2811 344 1 
2811 344 1 
2811 344 1 
2811 344 1 
2811 344 1 
2811 344 1 
2812 279 1 
2813 25 1 
2813 330 1 
2813 333 1 
2813 341 1 
2813 343 1 
2813 345 1 
2813 353 1 
2813 354 1 
2813 355 1 
2813 356 1 
2814 254 1 
2815 336 1 
2816 38 1 
2817 113 1 
2817 113 1 
2817 113 1 
2817 113 1 
2817 113 1 
2817 113 1 
2817 113 1 
2817 204 1 
2818 28 1 
2818 173 1 
2819 1 2 
2819 61 2 
2820 54 1 
2820 57 1 
2820 109 1 
2820 124 1 
2820 244 1 
2820 340 1 
2820 340 1 
2820 350 1 
2820 350 1 
2820 350 1 
2821 1 2 
2821 20 2 
2821 20 2 
2821 28 1 
2821 28 1 
2821 61 2 
2821 204 1 
2821 208 2 
2821 208 2 
2821 212 2 
2821 336 1 
2821 336 1 
2821 336 1 
2821 336 1 
2821 336 1 
2821 336 1 
2821 336 1 
2821 336 1 
2822 1 2 
2822 54 1 
2822 54 1 
2822 54 1 
2822 54 1 
2822 54 1 
2822 54 1 
2822 54 1 
2822 54 1 
2822 54 1 
2822 54 1 
2822 54 1 
2822 54 1 
2822 61 2 
2822 70 1 
2822 111 1 
2823 113 1 
2823 113 1 
2824 26 3 
2824 26 2 
2824 29 3 
2824 29 2 
2824 33 3 
2824 33 2 
2824 36 3 
2824 36 2 
2824 40 3 
2824 40 2 
2824 47 3 
2824 47 2 
2824 51 2 
2824 51 3 
2824 53 3 
2824 53 2 
2824 55 2 
2824 55 3 
2824 56 3 
2824 56 2 
2824 60 3 
2824 60 2 
2824 63 3 
2824 63 2 
2824 64 2 
2824 64 3 
2825 1 2 
2825 61 2 
2825 200 3 
2825 306 1 
2825 306 1 
2826 128 1 
2827 124 1 
2827 124 1 
2828 162 1 
2829 48 1 
2830 124 1 
2831 299 1 
2831 299 1 
2831 350 1 
2831 350 1 
2832 113 1 
2832 350 1 
2833 308 1 
2834 113 1 
2835 58 1 
2835 321 1 
2836 4 1 
2836 5 1 
2836 7 1 
2836 7 1 
2836 7 1 
2836 14 1 
2836 28 1 
2836 54 1 
2836 111 2 
2836 111 1 
2836 111 1 
2836 111 1 
2836 113 1 
2836 113 1 
2836 124 1 
2836 128 1 
2836 173 1 
2836 201 3 
2836 281 1 
2836 281 1 
2836 281 1 
2836 285 1 
2836 287 1 
2836 306 1 
2836 311 1 
2836 312 1 
2836 350 1 
2836 350 1 
2836 354 1 
2836 355 1 
2837 139 1 
2837 139 1 
2838 7 1 
2838 54 1 
2838 124 1 
2838 124 1 
2838 124 1 
2838 124 1 
2838 124 1 
2838 254 1 
2839 113 1 
2839 113 1 
2839 113 1 
2840 113 1 
2840 113 1 
2840 113 1 
2841 105 1 
2842 204 1 
2843 8 1 
2843 28 1 
2843 166 1 
2844 350 1 
2845 113 1 
2845 124 1 
2845 305 1 
2845 350 1 
2846 299 1 
2847 255 1 
2848 285 1 
2849 227 1 
2850 128 1 
2851 124 1 
2851 124 1 
2851 124 1 
2851 124 1 
2851 124 1 
2851 124 1 
2851 124 1 
2851 124 1 
2851 350 1 
2852 254 1 
2853 7 1 
2853 352 1 
2854 155 1 
2855 83 1 
2855 83 1 
2855 113 1 
2855 113 1 
2855 124 1 
2855 299 1 
2855 306 1 
2855 354 1 
2856 1 2 
2856 1 2 
2856 13 1 
2856 13 1 
2856 13 1 
2856 61 2 
2856 61 2 
2856 113 1 
2856 113 1 
2856 299 1 
2857 305 1 
2858 299 1 
2859 305 1 
2860 350 1 
2861 18 1 
2861 18 1 
2861 18 1 
2861 307 1 
2861 336 1 
2861 336 1 
2861 336 1 
2861 336 1 
2861 336 1 
2861 336 1 
2861 354 1 
2862 217 1 
2863 83 1 
2864 113 1 
2865 38 1 
2866 260 1 
2866 269 1 
2866 352 1 
2866 352 1 
2867 105 1 
2867 185 1 
2868 5 1 
2868 5 1 
2868 7 1 
2868 7 1 
2868 7 1 
2868 113 1 
2868 124 1 
2868 199 1 
2868 199 3 
2868 243 1 
2868 290 1 
2868 340 1 
2868 354 1 
2869 299 1 
2870 275 1 
2871 54 1 
2872 299 1 
2873 1 1 
2873 61 1 
2874 166 1 
2875 124 1 
2875 124 1 
2875 124 1 
2875 124 1 
2875 299 1 
2875 299 1 
2875 299 1 
2875 299 1 
2875 305 1 
2875 306 1 
2876 4 1 
2876 5 1 
2876 5 1 
2876 28 1 
2876 340 1 
2877 282 1 
2877 285 1 
2877 321 1 
2877 352 1 
2878 299 1 
2878 350 1 
2879 109 1 
2879 288 1 
2879 308 1 
2880 299 1 
2881 8 1 
2881 113 1 
2881 124 1 
2881 124 1 
2881 124 1 
2881 350 1 
2881 350 1 
2881 350 1 
2881 350 1 
2881 350 1 
2881 350 1 
2882 3 1 
2882 3 1 
2882 3 1 
2882 3 1 
2882 3 1 
2882 3 1 
2882 3 1 
2882 3 1 
2882 3 1 
2882 3 1 
2882 3 1 
2882 3 1 
2882 3 1 
2882 3 1 
2882 4 1 
2882 12 1 
2882 16 3 
2882 17 3 
2882 17 1 
2882 17 1 
2882 19 3 
2882 22 1 
2882 25 1 
2882 30 1 
2882 38 1 
2882 38 2 
2882 44 1 
2882 44 1 
2882 98 1 
2882 103 1 
2882 132 3 
2882 135 3 
2882 138 3 
2882 142 3 
2882 143 3 
2882 144 3 
2882 146 3 
2882 151 3 
2882 156 3 
2882 167 3 
2882 192 3 
2882 196 3 
2882 207 3 
2882 209 1 
2882 210 1 
2882 217 1 
2882 217 2 
2882 217 1 
2882 217 1 
2882 217 1 
2882 218 1 
2882 219 1 
2882 221 1 
2882 222 1 
2882 223 1 
2882 224 1 
2882 225 1 
2882 226 1 
2882 228 1 
2882 232 1 
2882 233 1 
2882 245 1 
2882 246 1 
2882 247 1 
2882 248 1 
2882 249 1 
2882 250 1 
2882 294 1 
2882 299 1 
2882 302 1 
2882 338 1 
2882 341 1 
2882 354 1 
2882 354 1 
2882 354 1 
2882 355 1 
2882 355 1 
2882 355 1 
2882 355 1 
2883 342 1 
2883 342 1 
2884 113 1 
2884 113 1 
2885 17 1 
2886 128 1 
2886 128 1 
2886 128 1 
2886 128 1 
2886 218 1 
2886 265 1 
2886 279 1 
2886 279 1 
2886 279 1 
2886 282 3 
2886 282 1 
2886 282 1 
2886 283 1 
2886 283 3 
2886 283 3 
2886 283 1 
2886 283 1 
2886 284 1 
2886 285 1 
2886 289 1 
2886 289 1 
2886 291 1 
2886 291 1 
2886 291 3 
2886 291 1 
2886 291 3 
2886 291 1 
2886 291 1 
2886 291 1 
2886 293 3 
2886 293 3 
2886 293 1 
2886 293 1 
2886 298 1 
2886 298 3 
2886 307 1 
2886 309 1 
2886 309 1 
2886 309 1 
2886 309 1 
2886 309 1 
2886 309 1 
2886 309 1 
2886 309 1 
2886 309 1 
2886 309 1 
2886 311 1 
2886 311 1 
2886 311 1 
2886 311 1 
2886 311 1 
2886 311 1 
2886 311 1 
2886 311 1 
2886 311 1 
2886 311 3 
2886 311 1 
2886 311 1 
2886 311 1 
2886 311 1 
2886 311 1 
2886 311 3 
2886 311 1 
2886 311 1 
2886 311 1 
2886 311 1 
2886 312 1 
2886 313 1 
2886 321 1 
2886 321 1 
2886 321 1 
2886 321 1 
2886 321 1 
2886 331 1 
2886 331 1 
2886 332 1 
2886 336 1 
2886 336 1 
2886 336 1 
2886 336 1 
2886 336 1 
2886 336 1 
2886 336 1 
2886 336 1 
2886 336 1 
2886 336 1 
2886 336 1 
2886 336 1 
2886 336 1 
2886 336 1 
2886 336 1 
2886 336 1 
2886 336 1 
2886 336 1 
2886 336 1 
2886 336 1 
2886 336 1 
2886 336 1 
2886 336 1 
2886 336 1 
2886 336 1 
2886 336 1 
2886 336 1 
2886 336 1 
2886 336 1 
2886 336 1 
2886 336 1 
2886 336 1 
2886 336 1 
2886 336 1 
2886 336 1 
2886 336 1 
2886 336 1 
2886 336 1 
2886 336 1 
2886 336 1 
2886 336 1 
2886 336 1 
2886 336 1 
2886 336 1 
2886 336 1 
2886 336 1 
2886 336 1 
2886 336 1 
2886 336 1 
2886 342 1 
2886 342 1 
2886 342 1 
2886 342 1 
2886 351 1 
2886 352 1 
2886 352 1 
2886 352 1 
2886 352 1 
2886 352 3 
2886 352 1 
2886 352 1 
2886 352 1 
2886 352 1 
2886 352 1 
2886 352 1 
2886 352 1 
2886 352 1 
2886 352 1 
2886 352 1 
2887 1 1 
2887 61 1 
2888 299 1 
2888 299 1 
2889 38 1 
2889 38 1 
2890 59 1 
2891 44 1 
2892 128 1 
2892 128 2 
2892 128 1 
2892 338 1 
2893 113 1 
2893 113 1 
2893 128 2 
2893 128 1 
2893 128 2 
2893 231 1 
2893 243 1 
2893 243 1 
2893 287 1 
2893 332 1 
2893 334 1 
2893 334 1 
2893 350 1 
2894 113 1 
2894 113 1 
2895 338 1 
2896 267 1 
2897 185 1 
2898 34 1 
2898 34 1 
2898 34 3 
2898 34 1 
2898 34 1 
2898 217 1 
2899 299 1 
2900 124 1 
2900 124 1 
2901 133 1 
2901 136 1 
2902 133 1 
2902 136 1 
2903 133 1 
2903 133 1 
2903 136 1 
2903 136 1 
2904 133 1 
2904 133 1 
2904 133 1 
2904 136 1 
2904 136 1 
2904 136 1 
2905 113 1 
2906 229 1 
2906 230 1 
2906 231 1 
2906 234 1 
2906 238 1 
2906 243 1 
2906 244 1 
2906 251 1 
2906 253 1 
2906 254 1 
2907 299 1 
2908 1 1 
2908 1 1 
2908 1 1 
2908 1 1 
2908 1 1 
2908 1 1 
2908 1 1 
2908 1 1 
2908 1 1 
2908 1 1 
2908 1 1 
2908 1 1 
2908 1 1 
2908 1 2 
2908 1 1 
2908 1 1 
2908 1 1 
2908 8 2 
2908 8 2 
2908 21 1 
2908 21 1 
2908 21 1 
2908 21 1 
2908 21 1 
2908 22 1 
2908 24 1 
2908 24 1 
2908 24 1 
2908 24 1 
2908 24 1 
2908 24 1 
2908 24 1 
2908 24 1 
2908 24 1 
2908 24 1 
2908 24 1 
2908 24 1 
2908 24 1 
2908 24 1 
2908 24 1 
2908 24 1 
2908 24 1 
2908 24 1 
2908 24 1 
2908 24 1 
2908 24 1 
2908 24 1 
2908 25 1 
2908 25 1 
2908 25 1 
2908 25 1 
2908 25 1 
2908 25 1 
2908 25 1 
2908 25 1 
2908 25 1 
2908 25 1 
2908 25 1 
2908 25 1 
2908 25 1 
2908 25 1 
2908 25 1 
2908 25 1 
2908 25 1 
2908 25 1 
2908 27 1 
2908 27 1 
2908 27 1 
2908 27 1 
2908 27 1 
2908 27 1 
2908 27 1 
2908 27 1 
2908 27 1 
2908 27 1 
2908 27 1 
2908 27 1 
2908 27 1 
2908 27 1 
2908 27 1 
2908 27 1 
2908 27 1 
2908 27 2 
2908 27 1 
2908 27 2 
2908 38 1 
2908 38 1 
2908 38 1 
2908 38 1 
2908 38 1 
2908 38 1 
2908 38 1 
2908 38 1 
2908 38 1 
2908 38 1 
2908 41 2 
2908 43 1 
2908 43 1 
2908 43 1 
2908 43 1 
2908 43 1 
2908 43 1 
2908 43 1 
2908 43 1 
2908 43 1 
2908 43 1 
2908 43 1 
2908 43 1 
2908 43 1 
2908 43 1 
2908 43 1 
2908 43 1 
2908 43 1 
2908 43 1 
2908 43 1 
2908 43 1 
2908 43 1 
2908 43 1 
2908 48 1 
2908 61 2 
2908 61 1 
2908 61 1 
2908 61 1 
2908 61 1 
2908 61 1 
2908 61 1 
2908 61 1 
2908 61 1 
2908 61 1 
2908 61 1 
2908 61 1 
2908 61 1 
2908 61 1 
2908 61 1 
2908 61 1 
2908 61 1 
2908 67 1 
2908 67 1 
2908 67 1 
2908 67 1 
2908 67 1 
2908 67 1 
2908 67 1 
2908 67 1 
2908 67 1 
2908 67 1 
2908 67 1 
2908 67 1 
2908 67 1 
2908 67 1 
2908 67 1 
2908 67 1 
2908 67 1 
2908 67 1 
2908 67 1 
2908 67 1 
2908 67 1 
2908 67 1 
2908 67 1 
2908 67 1 
2908 67 1 
2908 67 1 
2908 67 1 
2908 67 1 
2908 67 1 
2908 67 1 
2908 67 1 
2908 67 1 
2908 67 1 
2908 67 1 
2908 67 1 
2908 67 1 
2908 67 1 
2908 88 1 
2908 95 1 
2908 95 1 
2908 95 1 
2908 95 1 
2908 95 1 
2908 100 1 
2908 102 1 
2908 115 1 
2908 115 1 
2908 115 1 
2908 115 1 
2908 115 1 
2908 117 1 
2908 117 1 
2908 117 1 
2908 117 1 
2908 117 1 
2908 117 1 
2908 118 1 
2908 118 1 
2908 118 1 
2908 118 1 
2908 118 1 
2908 118 1 
2908 119 1 
2908 120 1 
2908 123 1 
2908 126 1 
2908 126 1 
2908 126 1 
2908 127 1 
2908 127 1 
2908 127 1 
2908 130 1 
2908 130 1 
2908 130 1 
2908 130 1 
2908 131 1 
2908 131 1 
2908 131 1 
2908 131 1 
2908 131 1 
2908 141 1 
2908 147 1 
2908 148 1 
2908 148 1 
2908 148 1 
2908 148 1 
2908 148 1 
2908 148 1 
2908 148 1 
2908 148 1 
2908 149 1 
2908 149 1 
2908 158 1 
2908 158 1 
2908 158 1 
2908 158 1 
2908 159 1 
2908 159 1 
2908 159 1 
2908 162 1 
2908 162 1 
2908 162 1 
2908 162 1 
2908 162 1 
2908 162 1 
2908 162 1 
2908 168 1 
2908 168 1 
2908 168 1 
2908 168 1 
2908 174 1 
2908 174 1 
2908 174 1 
2908 174 1 
2908 174 1 
2908 174 1 
2908 174 1 
2908 174 1 
2908 174 1 
2908 174 1 
2908 175 1 
2908 175 1 
2908 175 1 
2908 175 1 
2908 175 1 
2908 175 1 
2908 175 1 
2908 175 1 
2908 175 1 
2908 175 1 
2908 175 1 
2908 175 1 
2908 175 1 
2908 175 1 
2908 175 1 
2908 175 1 
2908 175 1 
2908 175 1 
2908 175 1 
2908 175 1 
2908 177 1 
2908 177 1 
2908 177 1 
2908 177 1 
2908 177 1 
2908 177 1 
2908 177 1 
2908 177 1 
2908 195 1 
2908 195 1 
2908 195 1 
2908 195 1 
2908 195 1 
2908 195 1 
2908 195 1 
2908 195 1 
2908 195 1 
2908 195 1 
2908 195 1 
2908 195 1 
2908 209 3 
2908 210 3 
2908 211 1 
2908 211 1 
2908 211 1 
2908 211 1 
2908 211 1 
2908 211 1 
2908 211 1 
2908 211 1 
2908 211 1 
2908 211 1 
2908 214 1 
2908 218 3 
2908 219 3 
2908 220 1 
2908 220 1 
2908 220 1 
2908 221 3 
2908 222 3 
2908 229 1 
2908 230 1 
2908 231 3 
2908 234 1 
2908 238 1 
2908 238 3 
2908 239 1 
2908 239 1 
2908 239 1 
2908 239 1 
2908 239 1 
2908 239 1 
2908 239 1 
2908 239 1 
2908 239 1 
2908 239 1 
2908 239 1 
2908 239 1 
2908 239 1 
2908 239 1 
2908 239 1 
2908 239 1 
2908 239 1 
2908 239 1 
2908 239 1 
2908 239 1 
2908 243 3 
2908 251 3 
2908 256 1 
2908 256 1 
2908 256 1 
2908 256 1 
2908 256 1 
2908 256 1 
2908 256 1 
2908 256 1 
2908 256 1 
2908 256 1 
2908 256 1 
2908 256 1 
2908 256 1 
2908 256 1 
2908 256 1 
2908 256 1 
2908 256 1 
2908 256 1 
2908 256 1 
2908 256 1 
2908 256 1 
2908 256 1 
2908 258 1 
2908 258 1 
2908 258 1 
2908 258 1 
2908 258 1 
2908 258 1 
2908 258 1 
2908 264 1 
2908 264 1 
2908 264 1 
2908 264 1 
2908 264 1 
2908 277 1 
2908 277 1 
2908 277 1 
2908 277 1 
2908 277 1 
2908 277 1 
2908 277 1 
2908 277 1 
2908 277 1 
2908 277 1 
2908 277 1 
2908 277 1 
2908 277 1 
2908 277 1 
2908 277 1 
2908 277 1 
2908 277 1 
2908 277 1 
2908 277 1 
2908 277 1 
2908 294 3 
2908 296 1 
2908 296 1 
2908 296 1 
2908 296 1 
2908 296 1 
2908 296 1 
2908 296 1 
2908 296 1 
2908 296 1 
2908 299 1 
2908 301 1 
2908 301 1 
2908 301 1 
2908 301 1 
2908 301 1 
2908 301 1 
2908 301 1 
2908 301 1 
2908 301 1 
2908 301 1 
2908 301 1 
2908 301 1 
2908 301 1 
2908 301 1 
2908 301 1 
2908 301 1 
2908 301 1 
2908 301 1 
2908 301 1 
2908 301 1 
2908 302 1 
2908 302 1 
2908 302 1 
2908 302 1 
2908 302 1 
2908 302 1 
2908 302 1 
2908 302 1 
2908 302 1 
2908 302 1 
2908 302 1 
2908 302 1 
2908 302 1 
2908 302 1 
2908 302 1 
2908 302 1 
2908 302 1 
2908 302 1 
2908 302 1 
2908 302 1 
2908 302 1 
2908 302 1 
2908 302 1 
2908 302 1 
2908 302 1 
2908 302 1 
2908 302 1 
2908 302 1 
2908 302 1 
2908 302 1 
2908 302 1 
2908 302 1 
2908 302 1 
2908 307 1 
2908 321 1 
2908 321 1 
2908 322 1 
2908 336 1 
2908 341 1 
2908 341 1 
2908 341 1 
2908 341 1 
2908 341 1 
2908 341 1 
2908 341 1 
2908 341 1 
2908 341 1 
2908 341 1 
2908 341 1 
2908 341 1 
2908 341 1 
2908 341 1 
2908 341 1 
2908 341 1 
2908 341 1 
2908 341 1 
2908 349 1 
2908 349 1 
2908 349 1 
2908 349 1 
2908 349 1 
2908 349 1 
2908 349 1 
2908 349 1 
2908 349 1 
2908 349 1 
2908 349 1 
2908 349 1 
2908 349 1 
2908 349 1 
2908 349 1 
2908 349 1 
2908 349 1 
2908 349 1 
2908 349 1 
2908 349 1 
2908 351 1 
2908 351 1 
2908 352 1 
2909 3 1 
2909 3 1 
2909 4 1 
2909 4 1 
2909 5 1 
2909 7 1 
2909 7 1 
2909 44 1 
2909 103 1 
2909 103 1 
2909 113 1 
2909 113 1 
2909 113 1 
2909 113 1 
2909 113 1 
2909 124 1 
2909 128 1 
2909 128 1 
2909 128 1 
2909 128 1 
2909 166 1 
2909 189 1 
2909 218 1 
2909 228 1 
2909 231 1 
2909 279 1 
2909 281 1 
2909 281 1 
2909 282 1 
2909 283 1 
2909 287 1 
2909 289 1 
2909 289 1 
2909 290 1 
2909 299 1 
2909 299 1 
2909 299 1 
2909 299 1 
2909 299 1 
2909 305 1 
2909 305 1 
2909 305 1 
2909 306 1 
2909 310 1 
2909 321 1 
2909 332 1 
2909 334 1 
2909 334 1 
2909 335 1 
2909 337 1 
2909 340 1 
2909 340 1 
2909 340 1 
2909 340 1 
2909 350 1 
2909 350 1 
2909 350 1 
2909 351 1 
2910 113 1 
2911 113 1 
2911 113 1 
2911 113 1 
2911 113 1 
2911 113 1 
2911 113 1 
2911 113 1 
2911 113 1 
2911 113 1 
2911 113 1 
2911 113 1 
2911 113 1 
2911 113 1 
2911 113 1 
2911 113 1 
2911 113 1 
2911 113 1 
2911 113 1 
2911 113 1 
2911 113 1 
2911 113 1 
2911 113 1 
2911 113 1 
2911 113 2 
2912 340 1 
2913 288 1 
2913 340 1 
2914 337 1 
2914 338 1 
2915 1 1 
2915 61 1 
2915 322 1 
2916 113 1 
2916 113 1 
2916 124 1 
2916 124 1 
2916 128 1 
2916 128 1 
2916 282 1 
2916 290 1 
2916 299 1 
2916 299 1 
2917 124 1 
2918 314 3 
2919 110 2 
2920 48 1 
2921 305 1 
2922 113 1 
2922 113 1 
2922 113 1 
2922 113 1 
2922 113 1 
2922 113 1 
2922 113 1 
2922 113 1 
2922 113 1 
2922 113 1 
2922 113 1 
2922 113 1 
2922 113 1 
2922 113 1 
2922 113 1 
2922 113 1 
2922 113 1 
2922 305 1 
2922 336 1 
2922 336 1 
2922 336 1 
2922 336 1 
2922 336 1 
2922 336 1 
2922 340 1 
2922 340 1 
2922 340 1 
2922 340 1 
2922 340 1 
2922 340 1 
2922 340 1 
2922 340 1 
2922 340 1 
2922 340 1 
2922 340 1 
2922 351 1 
2923 5 1 
2923 5 1 
2923 7 1 
2923 8 1 
2923 8 1 
2923 8 1 
2923 8 1 
2923 8 1 
2923 8 1 
2923 8 1 
2923 8 1 
2923 8 1 
2923 8 1 
2923 8 1 
2923 8 1 
2923 14 1 
2923 34 1 
2923 103 1 
2923 103 1 
2923 103 1 
2923 103 1 
2923 103 1 
2923 103 1 
2923 103 1 
2923 103 1 
2923 103 1 
2923 103 1 
2923 107 1 
2923 111 1 
2923 111 1 
2923 113 2 
2923 113 1 
2923 113 1 
2923 113 1 
2923 113 1 
2923 124 1 
2923 124 1 
2923 124 1 
2923 124 1 
2923 124 1 
2923 124 1 
2923 124 1 
2923 124 1 
2923 124 1 
2923 124 1 
2923 124 1 
2923 124 1 
2923 124 1 
2923 128 1 
2923 128 1 
2923 128 1 
2923 128 1 
2923 128 1 
2923 128 1 
2923 128 1 
2923 128 1 
2923 128 1 
2923 128 1 
2923 128 1 
2923 128 1 
2923 128 1 
2923 128 1 
2923 128 1 
2923 128 1 
2923 128 2 
2923 128 2 
2923 128 1 
2923 128 1 
2923 166 1 
2923 217 1 
2923 217 1 
2923 217 1 
2923 228 1 
2923 228 1 
2923 231 1 
2923 231 1 
2923 231 1 
2923 243 1 
2923 251 1 
2923 253 1 
2923 253 1 
2923 254 1 
2923 254 1 
2923 254 1 
2923 254 1 
2923 260 1 
2923 269 1 
2923 270 1 
2923 270 1 
2923 271 1 
2923 271 1 
2923 275 1 
2923 275 1 
2923 275 1 
2923 275 1 
2923 275 1 
2923 279 1 
2923 279 1 
2923 279 1 
2923 281 1 
2923 281 1 
2923 282 1 
2923 282 1 
2923 282 1 
2923 284 1 
2923 284 1 
2923 285 1 
2923 287 1 
2923 287 1 
2923 287 1 
2923 287 1 
2923 287 1 
2923 288 1 
2923 288 1 
2923 288 1 
2923 288 1 
2923 292 1 
2923 292 1 
2923 292 1 
2923 293 1 
2923 294 2 
2923 294 3 
2923 294 1 
2923 294 3 
2923 298 1 
2923 298 1 
2923 298 1 
2923 299 1 
2923 299 1 
2923 299 1 
2923 299 1 
2923 299 1 
2923 299 1 
2923 299 1 
2923 306 1 
2923 307 1 
2923 308 1 
2923 308 1 
2923 309 1 
2923 309 1 
2923 309 1 
2923 309 1 
2923 310 1 
2923 311 1 
2923 311 1 
2923 311 1 
2923 311 1 
2923 311 1 
2923 311 1 
2923 312 1 
2923 312 1 
2923 321 1 
2923 322 1 
2923 322 1 
2923 322 1 
2923 329 1 
2923 331 1 
2923 331 1 
2923 332 1 
2923 332 1 
2923 332 1 
2923 332 1 
2923 332 1 
2923 334 1 
2923 334 1 
2923 334 1 
2923 334 1 
2923 334 1 
2923 334 1 
2923 334 1 
2923 334 1 
2923 335 1 
2923 335 1 
2923 335 1 
2923 335 1 
2923 335 1 
2923 335 1 
2923 336 1 
2923 336 3 
2923 337 1 
2923 337 1 
2923 338 1 
2923 338 1 
2923 338 1 
2923 338 1 
2923 338 1 
2923 338 1 
2923 338 1 
2923 338 1 
2923 338 1 
2923 338 1 
2923 338 1 
2923 338 1 
2923 338 1 
2923 338 1 
2923 339 1 
2923 339 1 
2923 352 1 
2923 354 1 
2923 354 1 
2923 354 1 
2923 354 1 
2923 354 1 
2923 354 1 
2924 254 1 
2925 282 1 
2926 321 1 
2927 299 1 
2927 350 1 
2927 354 1 
2928 354 1 
2929 103 2 
2930 3 1 
2930 335 1 
2930 338 1 
2931 207 1 
2931 207 1 
2932 103 1 
2932 113 1 
2932 128 1 
2933 11 1 
2933 11 1 
2933 173 1 
2933 173 1 
2933 181 1 
2933 292 1 
2933 292 1 
2933 292 3 
2933 292 1 
2933 302 1 
2934 24 1 
2934 24 1 
2934 24 1 
2934 38 2 
2934 128 1 
2934 128 1 
2934 128 1 
2934 128 1 
2934 128 1 
2934 218 1 
2934 256 1 
2934 256 1 
2934 256 1 
2934 258 1 
2934 258 1 
2934 258 1 
2934 264 1 
2934 264 1 
2934 264 1 
2934 265 1 
2934 272 1 
2934 272 1 
2934 272 1 
2934 273 1 
2934 273 1 
2934 273 1 
2934 275 1 
2934 275 1 
2934 275 1 
2934 279 1 
2934 279 1 
2934 279 1 
2934 282 1 
2934 282 1 
2934 282 1 
2934 283 1 
2934 283 1 
2934 283 1 
2934 285 1 
2934 285 1 
2934 285 1 
2934 289 1 
2934 289 1 
2934 289 1 
2934 291 1 
2934 291 1 
2934 291 1 
2934 293 1 
2934 293 1 
2934 293 1 
2934 299 1 
2934 299 1 
2934 299 1 
2934 304 1 
2934 304 1 
2934 304 1 
2934 305 1 
2934 305 1 
2934 305 1 
2934 306 1 
2934 306 1 
2934 306 1 
2934 307 1 
2934 307 1 
2934 307 1 
2934 308 1 
2934 308 1 
2934 308 1 
2934 309 1 
2934 309 1 
2934 309 1 
2934 310 1 
2934 310 1 
2934 310 1 
2934 311 1 
2934 311 1 
2934 311 1 
2934 312 1 
2934 312 1 
2934 312 1 
2934 313 1 
2934 313 1 
2934 313 1 
2934 314 1 
2934 314 1 
2934 314 1 
2934 315 1 
2934 315 1 
2934 315 1 
2934 316 1 
2934 316 1 
2934 316 1 
2934 317 1 
2934 317 1 
2934 317 1 
2934 318 1 
2934 318 1 
2934 318 1 
2934 319 1 
2934 319 1 
2934 319 1 
2934 320 1 
2934 320 1 
2934 320 1 
2934 321 1 
2934 321 1 
2934 321 1 
2934 321 1 
2934 321 1 
2934 321 1 
2934 322 1 
2934 322 1 
2934 322 1 
2934 323 1 
2934 323 1 
2934 323 1 
2934 324 1 
2934 324 1 
2934 324 1 
2934 325 1 
2934 325 1 
2934 325 1 
2934 327 1 
2934 327 1 
2934 327 1 
2934 328 1 
2934 328 1 
2934 328 1 
2934 331 1 
2934 331 1 
2934 331 1 
2934 331 1 
2934 331 1 
2934 332 1 
2934 332 1 
2934 332 1 
2934 332 1 
2934 334 1 
2934 334 1 
2934 334 1 
2934 335 1 
2934 335 1 
2934 335 1 
2934 336 1 
2934 336 1 
2934 336 1 
2934 336 1 
2934 336 1 
2934 336 1 
2934 336 1 
2934 336 1 
2934 336 1 
2934 336 1 
2934 336 1 
2934 336 1 
2934 336 1 
2934 336 1 
2934 336 1 
2934 336 1 
2934 336 1 
2934 336 1 
2934 336 1 
2934 336 1 
2934 336 1 
2934 336 1 
2934 336 1 
2934 336 1 
2934 336 1 
2934 336 1 
2934 336 1 
2934 336 1 
2934 336 1 
2934 336 1 
2934 336 1 
2934 336 1 
2934 336 1 
2934 336 1 
2934 336 1 
2934 336 1 
2934 337 1 
2934 337 1 
2934 337 1 
2934 338 1 
2934 338 1 
2934 338 1 
2934 339 1 
2934 339 1 
2934 339 1 
2934 340 1 
2934 340 1 
2934 340 1 
2934 342 1 
2934 342 1 
2934 342 1 
2934 342 1 
2934 342 1 
2934 350 1 
2934 350 1 
2934 350 1 
2934 351 1 
2934 351 1 
2934 351 1 
2934 351 1 
2934 352 1 
2934 352 1 
2934 352 1 
2934 352 1 
2934 352 1 
2935 299 1 
2936 354 1 
2936 354 1 
2937 128 1 
2938 338 1 
2938 338 1 
2939 7 1 
2939 28 1 
2939 113 1 
2939 139 1 
2939 164 1 
2939 166 1 
2939 173 1 
2939 173 1 
2939 299 1 
2939 350 1 
2940 15 1 
2940 15 1 
2940 75 1 
2940 83 1 
2940 111 1 
2940 111 1 
2940 124 1 
2940 124 1 
2940 124 1 
2940 124 1 
2940 124 1 
2940 124 1 
2940 128 1 
2940 128 1 
2940 139 1 
2940 160 1 
2940 160 1 
2940 173 1 
2940 292 1 
2940 299 1 
2940 329 1 
2940 329 3 
2940 329 2 
2940 329 1 
2940 332 1 
2940 335 1 
2940 335 1 
2940 335 1 
2940 335 1 
2940 335 1 
2940 335 1 
2940 335 1 
2940 335 1 
2940 338 1 
2940 338 1 
2940 350 1 
2940 350 1 
2940 350 1 
2940 355 1 
2941 289 1 
2941 291 1 
2941 350 1 
2941 354 1 
2942 350 1 
2942 350 3 
2943 334 1 
2943 334 1 
2943 334 1 
2943 334 1 
2943 334 1 
2943 334 1 
2943 334 1 
2943 334 1 
2943 334 1 
2943 334 3 
2943 334 1 
2943 334 1 
2943 334 1 
2943 334 1 
2943 334 1 
2943 334 1 
2943 334 1 
2943 334 1 
2943 335 1 
2943 335 1 
2943 335 1 
2943 335 1 
2943 335 1 
2943 335 1 
2943 335 1 
2943 335 1 
2943 335 1 
2943 335 1 
2943 335 1 
2943 335 1 
2943 335 1 
2943 335 3 
2943 335 1 
2943 335 1 
2943 335 1 
2943 335 1 
2943 337 1 
2943 337 1 
2943 337 3 
2943 337 1 
2943 337 1 
2943 337 1 
2943 337 1 
2943 337 1 
2943 337 1 
2943 337 1 
2943 337 1 
2943 337 1 
2943 337 1 
2943 337 1 
2943 337 1 
2943 337 1 
2943 337 1 
2943 337 1 
2943 338 1 
2943 338 1 
2943 338 1 
2943 338 1 
2943 338 1 
2943 338 1 
2943 338 1 
2943 338 1 
2943 338 1 
2943 338 1 
2943 338 1 
2943 338 1 
2943 338 1 
2943 338 1 
2943 338 1 
2943 338 1 
2943 338 1 
2943 338 3 
2943 338 3 
2943 338 1 
2943 338 1 
2943 338 1 
2943 338 1 
2943 338 1 
2943 338 1 
2943 338 1 
2943 338 1 
2943 338 1 
2943 338 1 
2943 338 1 
2943 338 1 
2943 338 1 
2943 338 1 
2943 338 1 
2943 338 1 
2943 338 1 
2943 338 1 
2943 338 1 
2943 340 1 
2944 304 1 
2944 305 1 
2945 137 1 
2945 291 1 
2945 305 1 
2946 1 2 
2946 61 2 
2947 299 1 
2947 299 1 
2947 350 1 
2948 299 1 
2948 299 1 
2949 16 1 
2949 111 1 
2949 312 1 
2950 19 1 
2950 207 1 
2951 7 1 
2951 7 1 
2951 14 1 
2951 14 1 
2951 14 1 
2951 14 1 
2951 25 1 
2951 28 1 
2951 83 1 
2951 83 1 
2951 112 1 
2951 112 1 
2951 112 1 
2951 112 1 
2951 112 1 
2951 112 1 
2951 139 1 
2951 166 1 
2951 173 1 
2951 180 1 
2951 189 1 
2951 212 1 
2951 231 1 
2951 231 1 
2951 231 1 
2951 231 1 
2951 330 1 
2951 333 1 
2951 341 1 
2951 343 1 
2951 345 1 
2951 353 1 
2951 354 1 
2951 354 1 
2951 355 1 
2951 356 1 
2952 173 1 
2953 293 1 
2953 340 1 
2953 340 1 
2953 340 1 
2954 354 1 
2955 3 1 
2955 28 1 
2955 28 1 
2955 83 1 
2955 83 1 
2955 83 1 
2955 338 1 
2956 217 1 
2957 299 1 
2958 113 1 
2959 279 1 
2959 350 1 
2960 21 1 
2960 38 1 
2960 38 1 
2960 95 1 
2961 44 1 
2961 97 1 
2961 97 1 
2961 97 1 
2962 309 1 
2962 311 1 
2962 340 1 
2962 352 1 
2963 113 1 
2964 124 1 
2965 228 1 
2966 54 1 
2967 70 1 
2968 16 1 
2968 192 1 
2969 54 1 
2970 1 1 
2970 18 2 
2970 18 3 
2970 18 1 
2970 18 1 
2970 20 1 
2970 20 1 
2970 20 1 
2970 20 1 
2970 20 1 
2970 24 1 
2970 30 1 
2970 56 3 
2970 61 1 
2970 63 3 
2970 70 1 
2970 91 1 
2970 109 1 
2970 124 1 
2970 139 2 
2970 139 1 
2970 139 1 
2970 139 3 
2970 139 1 
2970 139 1 
2970 139 1 
2970 139 1 
2970 152 2 
2970 152 1 
2970 152 3 
2970 152 1 
2970 153 2 
2970 153 1 
2970 153 3 
2970 154 1 
2970 154 2 
2970 154 2 
2970 154 2 
2970 154 3 
2970 155 2 
2970 155 3 
2970 155 1 
2970 157 2 
2970 157 1 
2970 157 3 
2970 160 1 
2970 160 2 
2970 160 2 
2970 160 3 
2970 161 2 
2970 161 1 
2970 161 3 
2970 164 1 
2970 164 2 
2970 164 1 
2970 164 1 
2970 164 3 
2970 166 3 
2970 166 1 
2970 166 2 
2970 169 1 
2970 169 2 
2970 169 3 
2970 170 1 
2970 170 3 
2970 170 2 
2970 171 1 
2970 171 2 
2970 171 3 
2970 172 1 
2970 172 3 
2970 172 2 
2970 173 2 
2970 173 3 
2970 173 1 
2970 176 2 
2970 176 1 
2970 176 1 
2970 176 3 
2970 178 2 
2970 178 3 
2970 178 1 
2970 179 3 
2970 179 2 
2970 179 1 
2970 180 1 
2970 180 3 
2970 180 2 
2970 181 3 
2970 181 2 
2970 181 1 
2970 182 3 
2970 182 2 
2970 182 1 
2970 183 1 
2970 183 2 
2970 183 3 
2970 184 1 
2970 184 2 
2970 184 3 
2970 186 3 
2970 186 1 
2970 188 1 
2970 188 2 
2970 188 3 
2970 189 1 
2970 189 1 
2970 189 1 
2970 189 1 
2970 189 2 
2970 189 3 
2970 190 1 
2970 190 2 
2970 190 3 
2970 190 1 
2970 198 1 
2970 198 2 
2970 198 3 
2970 199 1 
2970 199 1 
2970 199 2 
2970 199 3 
2970 199 1 
2970 200 3 
2970 200 2 
2970 200 1 
2970 201 1 
2970 201 2 
2970 201 3 
2970 203 3 
2970 203 1 
2970 203 2 
2970 204 2 
2970 204 3 
2970 204 1 
2970 204 1 
2970 208 1 
2970 208 1 
2970 208 1 
2970 208 1 
2970 208 1 
2970 213 2 
2970 213 3 
2970 213 1 
2970 216 1 
2970 216 2 
2970 216 3 
2970 217 1 
2970 217 2 
2970 217 3 
2970 217 1 
2970 217 1 
2970 217 1 
2970 227 1 
2970 227 2 
2970 227 3 
2970 235 3 
2970 235 2 
2970 235 1 
2970 236 1 
2970 236 2 
2970 236 3 
2970 252 3 
2970 252 2 
2970 252 1 
2970 254 1 
2970 254 1 
2970 256 1 
2970 258 1 
2970 262 1 
2970 262 3 
2970 262 2 
2970 264 1 
2970 267 3 
2970 267 1 
2970 267 2 
2970 270 1 
2970 272 1 
2970 273 1 
2970 274 1 
2970 274 2 
2970 274 3 
2970 275 1 
2970 278 3 
2970 278 2 
2970 278 1 
2970 279 1 
2970 282 1 
2970 283 1 
2970 285 1 
2970 286 3 
2970 286 2 
2970 286 1 
2970 289 1 
2970 291 1 
2970 293 1 
2970 295 3 
2970 295 2 
2970 295 1 
2970 297 1 
2970 297 3 
2970 297 2 
2970 299 1 
2970 300 3 
2970 300 2 
2970 300 1 
2970 302 1 
2970 302 1 
2970 302 1 
2970 302 2 
2970 302 3 
2970 304 1 
2970 305 1 
2970 306 1 
2970 307 1 
2970 308 1 
2970 309 1 
2970 310 1 
2970 311 1 
2970 312 1 
2970 313 1 
2970 314 1 
2970 315 1 
2970 316 1 
2970 317 1 
2970 318 1 
2970 319 1 
2970 320 1 
2970 321 1 
2970 322 1 
2970 323 1 
2970 324 1 
2970 325 1 
2970 326 2 
2970 326 3 
2970 326 1 
2970 327 1 
2970 328 1 
2970 331 1 
2970 332 1 
2970 334 1 
2970 335 1 
2970 336 1 
2970 336 1 
2970 337 1 
2970 338 1 
2970 339 1 
2970 340 1 
2970 342 1 
2970 346 2 
2970 346 3 
2970 346 1 
2970 348 2 
2970 348 3 
2970 348 1 
2970 350 1 
2970 351 1 
2970 352 1 
2971 336 1 
2972 309 1 
2972 311 1 
2972 311 1 
2973 292 1 
2974 1 2 
2974 28 1 
2974 28 1 
2974 61 2 
2974 91 2 
2974 103 1 
2974 103 1 
2974 103 1 
2974 166 1 
2974 281 1 
2974 299 1 
2974 336 1 
2974 350 1 
2974 354 1 
2975 128 1 
2975 128 1 
2975 128 1 
2975 128 1 
2975 128 1 
2975 254 1 
2975 263 1 
2975 287 1 
2975 287 1 
2975 287 1 
2975 287 1 
2975 339 1 
2976 25 1 
2976 330 1 
2976 333 1 
2976 341 1 
2976 343 1 
2976 345 1 
2976 353 1 
2976 354 1 
2976 355 1 
2976 356 1 
2977 1 2 
2977 1 2 
2977 1 2 
2977 1 2 
2977 1 2 
2977 10 2 
2977 10 2 
2977 10 2 
2977 10 2 
2977 61 2 
2977 61 2 
2977 61 2 
2977 61 2 
2977 61 2 
2977 85 2 
2977 85 2 
2977 85 2 
2977 85 2 
2978 11 1 
2978 12 1 
2978 13 1 
2978 44 1 
2978 92 1 
2978 94 1 
2978 98 1 
2978 103 1 
2978 137 1 
2978 209 1 
2978 210 1 
2978 218 1 
2978 219 1 
2978 221 1 
2978 222 1 
2978 223 1 
2978 224 1 
2978 225 1 
2978 226 1 
2978 232 1 
2978 233 1 
2978 245 1 
2978 246 1 
2978 247 1 
2978 248 1 
2978 249 1 
2978 250 1 
2978 273 1 
2978 275 1 
2978 279 1 
2978 282 1 
2978 283 1 
2978 285 1 
2978 289 1 
2978 291 1 
2978 293 1 
2978 294 1 
2978 299 1 
2978 304 1 
2978 305 1 
2978 306 1 
2978 307 1 
2978 308 1 
2978 309 1 
2978 310 1 
2978 311 1 
2978 312 1 
2978 313 1 
2978 321 1 
2978 322 1 
2978 327 1 
2978 328 1 
2978 331 1 
2978 331 1 
2978 332 1 
2978 334 1 
2978 335 1 
2978 336 1 
2978 337 1 
2978 338 1 
2978 339 1 
2978 340 1 
2978 342 1 
2978 350 1 
2978 351 1 
2978 352 1 
2979 13 1 
2980 111 1 
2980 124 1 
2980 254 1 
2980 254 1 
2980 254 1 
2981 128 1 
2981 128 1 
2982 190 1 
2982 190 3 
2982 302 1 
2983 113 1 
2983 299 1 
2983 299 1 
2983 299 1 
2983 299 1 
2983 350 1 
2983 350 1 
2983 350 1 
2984 259 1 
2985 111 1 
2985 113 1 
2986 1 2 
2986 3 1 
2986 3 1 
2986 4 1 
2986 5 1 
2986 5 1 
2986 5 1 
2986 5 1 
2986 5 1 
2986 5 1 
2986 5 1 
2986 7 1 
2986 7 1 
2986 10 1 
2986 28 1 
2986 28 1 
2986 30 1 
2986 38 1 
2986 42 3 
2986 61 2 
2986 70 1 
2986 85 1 
2986 86 1 
2986 91 1 
2986 91 1 
2986 93 1 
2986 93 2 
2986 108 1 
2986 111 1 
2986 113 1 
2986 113 1 
2986 113 1 
2986 113 1 
2986 113 1 
2986 113 1 
2986 113 1 
2986 113 1 
2986 113 1 
2986 113 1 
2986 113 1 
2986 113 1 
2986 113 1 
2986 113 1 
2986 113 2 
2986 113 1 
2986 113 1 
2986 139 1 
2986 180 1 
2986 228 1 
2986 228 1 
2986 228 1 
2986 228 1 
2986 231 1 
2986 231 1 
2986 280 1 
2986 281 1 
2986 285 1 
2986 299 1 
2986 299 1 
2986 299 1 
2986 302 1 
2986 336 1 
2986 351 1 
2987 139 1 
2987 139 1 
2987 166 1 
2987 180 1 
2988 299 1 
2988 299 1 
2989 350 1 
2990 254 1 
2990 254 1 
2990 254 1 
2990 254 1 
2990 288 1 
2991 306 1 
2992 228 1 
2992 228 1 
2992 312 1 
2992 336 1 
2992 336 1 
2992 336 1 
2993 111 2 
2993 111 2 
2993 255 1 
2994 14 1 
2994 312 1 
2995 113 1 
2995 299 1 
2996 25 1 
2996 330 1 
2996 333 1 
2996 341 1 
2996 343 1 
2996 345 1 
2996 353 1 
2996 354 1 
2996 355 1 
2996 356 1 
2997 8 1 
2997 14 1 
2997 14 1 
2997 109 1 
2997 113 1 
2997 113 1 
2997 113 2 
2997 113 1 
2997 113 1 
2997 113 1 
2997 231 1 
2997 260 1 
2997 269 1 
2997 282 1 
2997 294 1 
2997 294 1 
2997 294 3 
2997 294 1 
2997 294 2 
2997 294 3 
2997 299 1 
2998 299 1 
2998 299 1 
2998 321 1 
2998 321 1 
2999 28 1 
2999 107 1 
2999 108 1 
2999 128 1 
2999 128 1 
2999 128 1 
2999 128 1 
2999 128 1 
2999 128 1 
2999 128 1 
2999 128 1 
2999 128 1 
2999 128 1 
2999 128 1 
2999 163 1 
2999 163 3 
2999 260 1 
2999 269 1 
2999 305 1 
2999 336 1 
3000 128 1 
3000 128 1 
3000 128 1 
3000 128 1 
3000 128 1 
3000 128 1 
3001 113 1 
3001 113 1 
3001 128 1 
3001 128 1 
3001 340 1 
3002 188 1 
3002 282 1 
3003 44 1 
3003 44 1 
3003 103 1 
3003 160 1 
3003 254 1 
3003 254 1 
3003 283 1 
3003 305 1 
3003 332 1 
3003 350 1 
3004 128 1 
3004 128 1 
3004 338 1 
3004 338 1 
3005 308 1 
3005 308 1 
3005 308 1 
3006 124 1 
3006 251 1 
3006 251 1 
3006 254 1 
3007 128 1 
3007 340 1 
3008 185 1 
3008 185 1 
3008 185 1 
3009 299 1 
3010 299 1 
3010 299 1 
3011 283 1 
3011 283 1 
3011 283 1 
3011 311 1 
3011 321 1 
3011 321 1 
3011 321 1 
3011 321 1 
3011 321 1 
3011 332 1 
3011 332 1 
3011 332 1 
3011 332 1 
3011 332 1 
3011 332 1 
3011 332 1 
3011 332 1 
3011 336 1 
3011 336 1 
3011 336 1 
3011 336 1 
3011 336 1 
3011 336 3 
3011 336 1 
3012 48 1 
3013 103 2 
3013 103 2 
3013 103 1 
3013 103 1 
3013 103 1 
3013 103 3 
3013 103 1 
3013 103 1 
3013 103 1 
3013 103 1 
3013 103 2 
3014 7 1 
3015 271 1 
3016 254 1 
3017 3 1 
3017 3 1 
3017 3 1 
3017 3 1 
3017 103 1 
3018 284 1 
3019 14 2 
3019 48 1 
3019 101 3 
3019 104 2 
3019 106 2 
3019 107 2 
3019 108 2 
3019 109 2 
3019 111 2 
3019 112 2 
3019 113 2 
3019 114 2 
3019 116 2 
3019 119 2 
3019 120 2 
3019 121 2 
3019 122 2 
3019 123 2 
3019 125 2 
3019 126 2 
3019 127 2 
3019 128 2 
3019 129 2 
3019 130 2 
3019 131 2 
3019 133 1 
3019 134 2 
3019 136 1 
3019 140 2 
3019 145 2 
3019 147 2 
3019 148 2 
3019 149 2 
3019 150 2 
3019 158 2 
3019 159 2 
3019 162 2 
3019 165 2 
3019 168 2 
3019 174 2 
3019 175 2 
3019 177 2 
3019 186 3 
3019 187 2 
3019 193 2 
3019 195 2 
3019 211 2 
3019 239 2 
3019 277 2 
3019 301 2 
3019 307 1 
3019 349 2 
3020 113 1 
3020 113 1 
3020 113 1 
3020 292 1 
3020 294 1 
3020 299 1 
3020 339 1 
3020 339 1 
3020 339 1 
3020 350 1 
3020 350 1 
3021 113 1 
3021 113 1 
3022 354 1 
3023 13 1 
3023 299 1 
3023 321 1 
3023 321 1 
3023 354 1 
3024 218 1 
3025 7 1 
3025 139 1 
3025 180 1 
3025 354 1 
3026 307 1 
3027 353 1 
3028 283 1 
3028 285 1 
3028 289 1 
3028 291 1 
3028 305 1 
3028 307 1 
3028 325 3 
3028 327 1 
3028 327 1 
3028 327 1 
3028 327 1 
3028 327 1 
3028 327 1 
3028 331 1 
3028 331 1 
3028 331 1 
3028 331 1 
3028 331 1 
3028 331 1 
3028 339 1 
3028 339 1 
3028 339 1 
3028 339 1 
3028 339 1 
3028 339 1 
3028 339 1 
3028 339 1 
3028 342 3 
3028 342 3 
3028 342 1 
3028 342 1 
3028 342 1 
3028 342 1 
3028 342 1 
3028 342 1 
3028 342 1 
3028 342 1 
3028 342 1 
3028 342 1 
3028 342 1 
3028 342 1 
3028 342 1 
3028 342 1 
3028 342 1 
3029 1 1 
3029 1 1 
3029 1 1 
3029 1 1 
3029 1 1 
3029 1 1 
3029 1 1 
3029 12 1 
3029 12 1 
3029 12 1 
3029 12 1 
3029 14 1 
3029 16 1 
3029 17 1 
3029 19 1 
3029 21 1 
3029 21 1 
3029 21 1 
3029 21 1 
3029 21 1 
3029 21 1 
3029 21 1 
3029 21 1 
3029 21 1 
3029 21 1 
3029 22 1 
3029 22 1 
3029 28 1 
3029 28 1 
3029 28 1 
3029 28 1 
3029 28 1 
3029 28 1 
3029 28 1 
3029 28 1 
3029 28 1 
3029 28 1 
3029 38 1 
3029 38 1 
3029 38 1 
3029 38 1 
3029 38 1 
3029 38 1 
3029 38 1 
3029 38 1 
3029 38 1 
3029 38 1 
3029 38 1 
3029 38 1 
3029 38 1 
3029 38 1 
3029 38 1 
3029 41 1 
3029 61 1 
3029 61 1 
3029 61 1 
3029 61 1 
3029 61 1 
3029 61 1 
3029 61 1 
3029 95 1 
3029 95 1 
3029 95 1 
3029 95 1 
3029 95 1 
3029 95 1 
3029 95 1 
3029 95 1 
3029 95 1 
3029 95 1 
3029 96 1 
3029 96 1 
3029 96 1 
3029 96 1 
3029 97 1 
3029 97 1 
3029 97 1 
3029 97 1 
3029 97 1 
3029 97 1 
3029 97 1 
3029 97 1 
3029 97 1 
3029 97 1 
3029 97 1 
3029 97 1 
3029 97 1 
3029 97 1 
3029 97 1 
3029 98 1 
3029 98 1 
3029 98 1 
3029 98 1 
3029 100 1 
3029 100 1 
3029 100 1 
3029 100 1 
3029 102 1 
3029 102 1 
3029 102 1 
3029 102 1 
3029 104 1 
3029 106 1 
3029 107 1 
3029 108 1 
3029 109 1 
3029 111 1 
3029 112 1 
3029 113 1 
3029 114 1 
3029 115 1 
3029 115 1 
3029 115 1 
3029 115 1 
3029 116 1 
3029 117 1 
3029 117 1 
3029 117 1 
3029 117 1 
3029 118 1 
3029 118 1 
3029 118 1 
3029 118 1 
3029 119 1 
3029 120 1 
3029 121 1 
3029 122 1 
3029 123 1 
3029 125 1 
3029 126 1 
3029 127 1 
3029 128 1 
3029 129 1 
3029 130 1 
3029 131 1 
3029 132 1 
3029 134 1 
3029 135 1 
3029 138 1 
3029 140 1 
3029 142 1 
3029 143 1 
3029 144 1 
3029 145 1 
3029 146 1 
3029 147 1 
3029 148 1 
3029 149 1 
3029 150 1 
3029 151 1 
3029 156 1 
3029 158 1 
3029 159 1 
3029 162 1 
3029 163 1 
3029 163 1 
3029 163 1 
3029 163 1 
3029 165 1 
3029 167 1 
3029 168 1 
3029 174 1 
3029 175 1 
3029 177 1 
3029 187 1 
3029 191 1 
3029 191 1 
3029 191 1 
3029 191 1 
3029 192 1 
3029 193 1 
3029 194 1 
3029 194 1 
3029 194 1 
3029 194 1 
3029 195 1 
3029 196 1 
3029 197 1 
3029 197 1 
3029 197 1 
3029 197 1 
3029 202 1 
3029 202 1 
3029 202 1 
3029 202 1 
3029 205 1 
3029 205 1 
3029 205 1 
3029 205 1 
3029 206 1 
3029 206 1 
3029 206 1 
3029 206 1 
3029 207 1 
3029 209 1 
3029 209 1 
3029 209 1 
3029 209 1 
3029 210 1 
3029 210 1 
3029 210 1 
3029 210 1 
3029 211 1 
3029 212 1 
3029 218 1 
3029 218 1 
3029 218 1 
3029 218 1 
3029 219 1 
3029 219 1 
3029 219 1 
3029 219 1 
3029 220 1 
3029 220 1 
3029 220 1 
3029 220 1 
3029 221 1 
3029 221 1 
3029 221 1 
3029 221 1 
3029 222 1 
3029 222 1 
3029 222 1 
3029 222 1 
3029 223 1 
3029 223 1 
3029 223 1 
3029 223 1 
3029 224 1 
3029 224 1 
3029 224 1 
3029 224 1 
3029 225 1 
3029 225 1 
3029 225 1 
3029 225 1 
3029 226 1 
3029 226 1 
3029 226 1 
3029 226 1 
3029 232 1 
3029 232 1 
3029 232 1 
3029 232 1 
3029 233 1 
3029 233 1 
3029 233 1 
3029 233 1 
3029 239 1 
3029 245 1 
3029 245 1 
3029 245 1 
3029 245 1 
3029 246 1 
3029 246 1 
3029 246 1 
3029 246 1 
3029 247 1 
3029 247 1 
3029 247 1 
3029 247 1 
3029 248 1 
3029 248 1 
3029 248 1 
3029 248 1 
3029 249 1 
3029 249 1 
3029 249 1 
3029 249 1 
3029 250 1 
3029 250 1 
3029 250 1 
3029 250 1 
3029 277 1 
3029 294 1 
3029 294 1 
3029 294 1 
3029 294 1 
3029 301 1 
3029 321 1 
3029 321 1 
3029 349 1 
3030 97 1 
3030 97 1 
3030 97 1 
3030 97 1 
3030 97 1 
3030 344 1 
3030 344 1 
3030 344 1 
3030 344 1 
3030 344 1 
3031 217 1 
3031 355 1 
3032 334 1 
3033 70 1 
3034 124 1 
3034 350 1 
3035 340 1 
3036 48 1 
3037 306 1 
3038 113 1 
3039 113 1 
3039 113 1 
3039 113 1 
3039 113 1 
3039 113 1 
3039 113 1 
3039 113 1 
3039 113 1 
3039 124 1 
3039 124 1 
3039 124 1 
3039 124 1 
3039 128 1 
3039 128 1 
3039 160 1 
3039 160 1 
3039 173 1 
3039 231 1 
3039 307 1 
3039 307 1 
3039 329 1 
3039 340 1 
3039 340 1 
3039 350 1 
3039 354 1 
3040 222 1 
3041 113 1 
3041 113 1 
3041 113 1 
3041 299 1 
3041 299 1 
3041 305 1 
3041 336 1 
3041 336 1 
3041 336 1 
3042 28 1 
3042 282 1 
3043 113 1 
3044 5 1 
3045 111 2 
3046 3 1 
3046 113 1 
3046 224 2 
3046 224 3 
3046 282 1 
3046 290 1 
3046 299 1 
3046 307 1 
3046 340 1 
3046 340 1 
3046 340 1 
3046 340 1 
3046 340 1 
3046 340 1 
3046 340 1 
3046 340 1 
3046 340 1 
3046 340 1 
3046 340 1 
3046 340 1 
3046 340 1 
3046 352 1 
3047 339 1 
3049 27 1 
3049 27 2 
3049 27 2 
3049 27 1 
3049 332 1 
3049 332 1 
3049 335 1 
3049 338 1 
3049 338 1 
3049 338 1 
3049 338 1 
3050 70 1 
3051 299 1 
3052 124 1 
3052 299 1 
3052 307 1 
3053 58 1 
3053 83 1 
3054 70 1 
3055 299 1 
3056 332 1 
3057 231 1 
3057 270 1 
3057 303 1 
3058 283 1 
3058 311 1 
3058 351 1 
3059 128 1 
3060 321 1 
3061 290 1 
3061 305 1 
3061 308 1 
3061 340 1 
3061 352 1 
3062 113 1 
3062 113 1 
3063 332 1 
3064 340 1 
3065 105 1 
3065 185 1 
3066 28 1 
3066 217 1 
3067 113 1 
3067 113 1 
3067 299 1 
3067 299 1 
3067 350 1 
3068 113 1 
3068 113 1 
3068 113 1 
3068 113 1 
3068 338 1 
3069 350 1 
3069 350 1 
3069 350 1 
3069 350 1 
3070 211 1 
3071 211 1 
3072 211 1 
3073 211 1 
3074 211 1 
3075 211 1 
3076 211 1 
3077 211 1 
3078 155 1 
3079 16 1 
3079 17 1 
3079 19 1 
3079 113 1 
3079 124 1 
3079 124 1 
3079 132 1 
3079 135 1 
3079 138 1 
3079 142 1 
3079 143 1 
3079 144 1 
3079 146 1 
3079 151 1 
3079 156 1 
3079 167 1 
3079 192 1 
3079 196 1 
3079 207 1 
3079 212 1 
3080 306 1 
3081 305 1 
3082 199 1 
3083 13 1 
3084 4 1 
3084 75 1 
3084 110 2 
3084 110 2 
3084 110 2 
3084 111 1 
3084 228 1 
3084 228 1 
3084 228 1 
3084 279 1 
3084 350 1 
3084 350 1 
3084 350 1 
3085 8 1 
3085 8 1 
3085 8 1 
3085 103 1 
3085 103 2 
3085 281 1 
3085 287 1 
3085 334 1 
3085 335 1 
3085 336 1 
3085 343 3 
3086 254 1 
3086 254 1 
3087 212 1 
3087 212 1 
3087 212 1 
3088 105 1 
3089 228 1 
3090 350 1 
3090 350 1 
3091 281 1 
3091 287 1 
3092 105 1 
3092 185 1 
3093 111 1 
3093 124 1 
3093 124 1 
3093 124 1 
3093 124 1 
3094 113 1 
3095 350 1 
3095 350 1 
3096 113 1 
3097 113 1 
3097 128 1 
3097 331 1 
3097 340 1 
3097 350 1 
3098 7 1 
3098 48 1 
3098 113 1 
3098 290 1 
3099 13 1 
3099 91 2 
3099 299 1 
3099 299 1 
3100 8 1 
3100 112 1 
3100 112 1 
3101 44 1 
3101 44 1 
3102 299 1 
3102 350 1 
3103 190 1 
3104 124 1 
3104 124 1 
3105 340 1 
3106 113 1 
3106 260 1 
3106 260 3 
3107 24 1 
3107 256 1 
3107 258 1 
3107 264 1 
3107 272 1 
3107 273 1 
3107 275 1 
3107 279 1 
3107 282 1 
3107 283 1 
3107 285 1 
3107 289 1 
3107 291 1 
3107 293 1 
3107 299 1 
3107 304 1 
3107 305 1 
3107 306 1 
3107 307 1 
3107 308 1 
3107 309 1 
3107 310 1 
3107 311 1 
3107 312 1 
3107 313 1 
3107 314 1 
3107 315 1 
3107 316 1 
3107 317 1 
3107 318 1 
3107 319 1 
3107 320 1 
3107 321 1 
3107 322 1 
3107 323 1 
3107 324 1 
3107 325 1 
3107 327 1 
3107 328 1 
3107 331 1 
3107 332 1 
3107 334 1 
3107 335 1 
3107 336 1 
3107 337 1 
3107 338 1 
3107 339 1 
3107 340 1 
3107 342 1 
3107 350 1 
3107 351 1 
3107 352 1 
3108 28 1 
3109 305 1 
3110 110 1 
3110 110 1 
3110 110 1 
3110 253 1 
3110 271 1 
3110 271 1 
3111 299 1 
3112 321 1 
3112 331 1 
3112 332 1 
3112 334 1 
3112 334 1 
3112 336 1 
3112 350 1 
3113 1 2 
3113 17 1 
3113 61 2 
3113 298 1 
3114 211 1 
3115 332 1 
3115 336 1 
3116 259 1 
3117 97 1 
3118 25 1 
3118 330 1 
3118 341 1 
3119 103 1 
3119 204 3 
3119 204 1 
3120 332 1 
3121 48 1 
3122 113 1 
3123 5 1 
3124 199 1 
3125 18 1 
3125 124 1 
3125 124 1 
3125 124 1 
3125 189 1 
3125 190 1 
3125 204 1 
3125 251 1 
3125 251 1 
3125 251 1 
3125 299 1 
3125 299 1 
3125 302 1 
3126 299 1 
3127 3 1 
3127 4 1 
3127 4 1 
3127 4 1 
3127 4 1 
3127 4 1 
3127 4 1 
3127 5 1 
3127 7 1 
3127 10 1 
3127 16 2 
3127 17 2 
3127 19 2 
3127 28 1 
3127 28 1 
3127 28 1 
3127 28 1 
3127 28 1 
3127 28 1 
3127 28 1 
3127 28 1 
3127 28 1 
3127 28 1 
3127 30 1 
3127 30 1 
3127 30 1 
3127 54 1 
3127 54 1 
3127 64 3 
3127 66 1 
3127 69 3 
3127 70 1 
3127 77 2 
3127 77 1 
3127 77 1 
3127 82 1 
3127 83 1 
3127 83 1 
3127 85 1 
3127 86 1 
3127 106 1 
3127 107 1 
3127 107 1 
3127 108 1 
3127 109 1 
3127 109 1 
3127 110 2 
3127 110 2 
3127 110 2 
3127 110 2 
3127 111 1 
3127 111 1 
3127 111 1 
3127 111 1 
3127 111 1 
3127 111 1 
3127 111 1 
3127 111 1 
3127 111 1 
3127 111 1 
3127 111 1 
3127 111 1 
3127 111 1 
3127 111 1 
3127 111 1 
3127 111 1 
3127 111 1 
3127 111 1 
3127 113 1 
3127 113 1 
3127 113 1 
3127 113 1 
3127 113 1 
3127 113 1 
3127 120 3 
3127 121 1 
3127 122 3 
3127 124 1 
3127 126 3 
3127 128 1 
3127 128 1 
3127 128 1 
3127 128 1 
3127 128 1 
3127 128 1 
3127 132 2 
3127 135 2 
3127 137 1 
3127 138 2 
3127 139 1 
3127 139 2 
3127 139 1 
3127 139 1 
3127 139 1 
3127 139 1 
3127 139 1 
3127 139 1 
3127 139 1 
3127 139 1 
3127 142 2 
3127 143 2 
3127 144 2 
3127 146 2 
3127 151 2 
3127 155 2 
3127 156 2 
3127 166 1 
3127 166 1 
3127 166 1 
3127 166 1 
3127 166 1 
3127 166 1 
3127 166 1 
3127 166 1 
3127 166 1 
3127 166 1 
3127 166 1 
3127 166 1 
3127 167 2 
3127 173 1 
3127 173 1 
3127 173 1 
3127 173 1 
3127 173 1 
3127 176 3 
3127 182 3 
3127 188 1 
3127 188 1 
3127 192 2 
3127 196 2 
3127 198 3 
3127 207 2 
3127 212 2 
3127 227 1 
3127 228 1 
3127 228 1 
3127 228 1 
3127 251 1 
3127 251 1 
3127 251 1 
3127 251 1 
3127 251 1 
3127 251 1 
3127 251 3 
3127 251 1 
3127 253 1 
3127 253 1 
3127 253 1 
3127 263 1 
3127 263 1 
3127 263 1 
3127 263 1 
3127 263 1 
3127 280 1 
3127 280 1 
3127 281 1 
3127 281 1 
3127 282 1 
3127 282 1 
3127 282 3 
3127 282 1 
3127 282 1 
3127 299 1 
3127 299 1 
3127 299 1 
3127 299 1 
3127 299 1 
3127 299 1 
3127 311 1 
3127 319 3 
3127 336 1 
3127 336 1 
3127 336 1 
3127 336 1 
3127 336 1 
3127 350 1 
3127 350 1 
3127 350 1 
3127 355 1 
3128 38 1 
3128 38 1 
3129 350 1 
