3582 329 1 
3583 8 1 
3583 24 1 
3583 38 2 
3583 72 3 
3583 111 1 
3583 124 1 
3583 124 3 
3583 215 3 
3583 256 1 
3583 258 1 
3583 264 1 
3583 272 1 
3583 273 1 
3583 275 1 
3583 279 1 
3583 282 1 
3583 283 1 
3583 285 1 
3583 289 1 
3583 291 1 
3583 293 1 
3583 299 1 
3583 304 1 
3583 305 1 
3583 306 1 
3583 307 1 
3583 308 1 
3583 309 1 
3583 310 1 
3583 311 1 
3583 312 1 
3583 313 1 
3583 314 1 
3583 315 1 
3583 316 1 
3583 317 1 
3583 318 1 
3583 319 1 
3583 320 1 
3583 321 1 
3583 322 1 
3583 323 1 
3583 324 1 
3583 325 1 
3583 327 1 
3583 328 1 
3583 331 1 
3583 332 1 
3583 334 1 
3583 335 1 
3583 336 1 
3583 337 1 
3583 338 1 
3583 339 1 
3583 340 1 
3583 342 1 
3583 350 1 
3583 351 1 
3583 352 1 
3584 113 1 
3585 113 1 
3585 350 1 
3586 3 1 
3586 299 1 
3586 336 1 
3586 336 1 
3586 336 1 
3586 336 1 
3587 128 1 
3587 128 1 
3587 128 1 
3588 292 1 
3588 352 1 
3589 44 1 
3589 44 1 
3590 5 1 
3590 7 1 
3590 103 1 
3590 103 1 
3590 113 1 
3590 113 1 
3591 350 1 
3592 113 1 
3593 111 2 
3594 34 1 
3595 2 1 
3595 8 1 
3595 66 1 
3595 228 1 
3595 229 1 
3595 230 1 
3595 231 1 
3595 234 1 
3595 238 1 
3595 243 1 
3595 244 1 
3595 251 1 
3595 253 1 
3595 254 1 
3596 113 1 
3596 113 1 
3596 113 1 
3596 113 1 
3596 113 1 
3596 113 1 
3596 113 1 
3596 113 1 
3596 124 1 
3596 124 1 
3596 124 1 
3596 124 1 
3596 124 1 
3596 124 1 
3596 124 1 
3596 290 1 
3596 299 1 
3596 299 1 
3596 299 1 
3596 299 1 
3596 299 1 
3596 350 1 
3596 350 1 
3596 350 1 
3597 350 1 
3598 2 1 
3598 2 1 
3598 9 1 
3598 9 1 
3598 80 1 
3598 80 1 
3599 222 1 
3599 222 1 
3600 70 1 
3601 113 1 
3602 113 1 
3602 113 1 
3603 128 1 
3604 54 1 
3605 111 1 
3606 128 1 
3607 305 1 
3608 98 3 
3608 98 2 
3608 98 3 
3609 305 1 
3610 28 1 
3610 111 1 
3610 113 1 
3610 128 1 
3610 281 1 
3610 305 1 
3610 306 1 
3610 340 1 
3610 340 1 
3610 340 1 
3610 340 1 
3611 8 1 
3612 299 1 
3613 291 1 
3613 299 1 
3613 299 1 
3613 306 1 
3614 5 1 
3614 8 1 
3614 8 1 
3614 340 1 
3615 113 1 
3615 113 1 
3615 113 1 
3615 113 1 
3615 113 1 
3615 113 1 
3615 128 1 
3615 166 1 
3615 166 1 
3615 173 1 
3615 217 1 
3615 217 1 
3615 292 1 
3615 321 1 
3615 337 1 
3615 338 1 
3615 338 1 
3615 338 1 
3615 338 1 
3615 338 1 
3615 338 1 
3615 338 1 
3615 338 1 
3615 354 1 
3616 121 1 
3616 173 1 
3616 299 1 
3617 5 1 
3617 5 1 
3617 14 1 
3617 16 1 
3617 103 1 
3617 124 1 
3617 124 1 
3617 124 1 
3617 124 1 
3617 124 1 
3617 124 1 
3617 190 1 
3617 192 1 
3617 228 1 
3617 253 1 
3617 289 1 
3617 289 1 
3617 289 1 
3617 302 1 
3617 350 1 
3617 350 1 
3618 299 1 
3619 306 1 
3620 354 1 
3621 21 1 
3621 95 1 
3622 285 1 
3623 293 1 
3624 7 1 
3625 157 1 
3625 170 1 
3625 282 1 
3626 332 1 
3627 254 1 
3628 285 1 
3628 299 1 
3628 305 1 
3629 25 1 
3629 113 1 
3629 113 1 
3629 113 1 
3629 113 1 
3629 113 1 
3629 113 1 
3629 113 1 
3629 113 1 
3629 113 1 
3629 113 1 
3629 113 1 
3629 113 1 
3629 113 1 
3629 113 1 
3629 113 1 
3629 330 1 
3629 333 1 
3629 336 1 
3629 341 1 
3629 343 1 
3629 345 1 
3629 353 1 
3629 354 1 
3629 355 1 
3629 356 1 
3630 299 1 
3630 354 1 
3631 312 1 
3632 1 2 
3632 3 1 
3632 28 1 
3632 61 2 
3632 83 1 
3632 228 1 
3632 228 1 
3632 288 1 
3632 290 2 
3632 290 2 
3632 290 2 
3632 298 1 
3632 298 1 
3632 299 1 
3632 299 1 
3632 299 1 
3632 308 1 
3632 322 1 
3632 322 1 
3632 340 1 
3633 124 1 
3634 1 2 
3634 3 1 
3634 7 1 
3634 7 1 
3634 8 1 
3634 10 2 
3634 22 1 
3634 25 1 
3634 61 2 
3634 77 1 
3634 83 1 
3634 85 2 
3634 89 1 
3634 90 1 
3634 99 1 
3634 141 1 
3634 228 1 
3634 229 1 
3634 230 1 
3634 231 1 
3634 234 1 
3634 238 1 
3634 243 1 
3634 244 1 
3634 251 1 
3634 253 1 
3634 254 1 
3634 296 1 
3634 330 1 
3634 333 1 
3634 341 1 
3634 343 1 
3634 345 1 
3634 347 1 
3634 353 1 
3634 354 1 
3634 355 1 
3634 356 1 
3635 103 1 
3635 306 1 
3636 222 1 
3636 231 1 
3636 283 1 
3636 284 1 
3636 288 1 
3636 292 1 
3636 307 1 
3636 307 1 
3636 340 1 
3636 350 1 
3637 3 1 
3637 7 1 
3637 28 1 
3637 32 1 
3637 32 1 
3637 32 1 
3637 34 1 
3637 34 1 
3637 83 1 
3637 83 1 
3637 83 1 
3637 83 1 
3637 83 1 
3637 113 1 
3637 113 1 
3637 113 1 
3637 113 1 
3637 113 1 
3637 113 1 
3637 223 2 
3637 223 3 
3637 223 3 
3638 308 1 
3639 7 1 
3640 139 1 
3640 139 1 
3641 113 1 
3642 16 1 
3642 17 1 
3642 19 1 
3642 132 1 
3642 135 1 
3642 138 1 
3642 142 1 
3642 143 1 
3642 144 1 
3642 146 1 
3642 151 1 
3642 156 1 
3642 167 1 
3642 192 1 
3642 196 1 
3642 207 1 
3642 212 1 
3643 8 1 
3644 155 2 
3644 176 1 
3644 176 1 
3644 176 1 
3644 336 1 
3645 285 1 
3645 306 1 
3645 306 1 
3645 350 1 
3646 111 1 
3647 1 1 
3647 9 1 
3647 10 1 
3647 20 1 
3647 30 1 
3647 61 1 
3647 70 1 
3647 80 1 
3647 85 1 
3647 86 1 
3647 124 1 
3647 124 1 
3647 208 1 
3647 228 1 
3647 299 1 
3647 336 1 
3647 336 1 
3647 336 1 
3647 336 1 
3647 336 1 
3647 336 1 
3647 336 1 
3647 336 1 
3648 351 1 
3649 289 1 
3650 106 1 
3651 106 1 
3652 106 1 
3653 54 1 
3654 299 1 
3655 176 1 
3656 244 1 
3657 336 1 
3657 336 1 
3657 336 1 
3657 336 1 
3657 336 1 
3658 2 1 
3658 10 1 
3658 10 1 
3658 66 1 
3658 85 1 
3658 85 1 
3658 86 1 
3658 86 1 
3658 91 1 
3658 91 1 
3658 93 1 
3658 93 1 
3659 11 1 
3659 18 1 
3659 54 1 
3659 54 1 
3659 54 1 
3659 54 1 
3659 54 1 
3659 103 1 
3659 189 1 
3659 190 1 
3659 199 1 
3659 204 1 
3659 332 1 
3659 332 1 
3659 355 1 
3660 113 1 
3660 113 2 
3660 113 1 
3660 128 1 
3660 233 3 
3660 233 3 
3660 233 2 
3660 299 1 
3660 307 1 
3660 331 1 
3660 350 1 
3661 103 1 
3661 103 1 
3661 291 1 
3661 306 1 
3662 113 1 
3662 113 1 
3663 112 1 
3663 112 1 
3663 221 1 
3663 254 1 
3663 275 1 
3663 308 1 
3664 292 1 
3665 48 1 
3666 44 1 
3666 75 1 
3666 75 1 
3666 244 1 
3666 244 1 
3666 244 1 
3666 253 1 
3666 253 1 
3666 254 1 
3666 254 1 
3666 254 1 
3666 254 1 
3666 254 1 
3666 287 1 
3666 321 1 
3666 336 1 
3666 336 1 
3666 351 1 
3667 350 1 
3668 58 1 
3669 279 1 
3670 38 1 
3671 7 1 
3672 139 1 
3673 28 1 
3674 113 1 
3674 350 1 
3675 113 1 
3676 290 1 
3676 290 1 
3676 290 1 
3677 4 1 
3677 4 1 
3677 5 1 
3677 5 1 
3677 5 1 
3677 7 1 
3677 7 1 
3677 7 1 
3677 16 1 
3677 17 1 
3677 19 1 
3677 113 1 
3677 113 1 
3677 113 1 
3677 124 1 
3677 124 1 
3677 124 1 
3677 124 1 
3677 124 1 
3677 124 1 
3677 124 1 
3677 124 1 
3677 124 1 
3677 132 1 
3677 135 1 
3677 138 1 
3677 142 1 
3677 143 1 
3677 144 1 
3677 146 1 
3677 151 1 
3677 156 1 
3677 167 1 
3677 192 1 
3677 196 1 
3677 207 1 
3677 212 1 
3677 299 1 
3677 299 1 
3677 299 1 
3677 299 1 
3677 305 1 
3677 306 1 
3677 350 1 
3677 350 1 
3678 113 1 
3678 350 1 
3679 233 3 
3680 336 1 
3681 38 1 
3681 38 1 
3682 8 1 
3682 8 2 
3682 8 1 
3682 28 1 
3682 28 1 
3682 91 2 
3682 91 2 
3682 103 1 
3682 103 1 
3682 103 1 
3682 103 1 
3682 103 1 
3682 103 1 
3682 110 2 
3682 113 1 
3682 113 1 
3682 113 1 
3682 121 1 
3682 121 1 
3682 121 1 
3682 122 3 
3682 128 1 
3682 128 1 
3682 145 3 
3682 176 3 
3682 217 1 
3682 217 1 
3682 217 1 
3682 221 1 
3682 291 1 
3682 291 1 
3682 297 3 
3682 299 1 
3682 302 1 
3682 302 1 
3682 309 1 
3682 322 1 
3682 322 1 
3682 340 1 
3682 340 1 
3682 340 1 
3682 340 1 
3682 340 1 
3682 354 1 
3682 354 1 
3683 13 1 
3683 128 1 
3684 44 1 
3685 25 1 
3685 25 1 
3685 282 1 
3685 330 1 
3685 330 1 
3685 333 1 
3685 333 1 
3685 341 1 
3685 341 1 
3685 343 1 
3685 343 1 
3685 345 1 
3685 345 1 
3685 353 1 
3685 353 1 
3685 354 1 
3685 354 1 
3685 355 1 
3685 355 1 
3685 356 1 
3685 356 1 
3686 8 1 
3686 128 1 
3686 128 1 
3686 128 1 
3686 128 2 
3686 128 1 
3686 128 1 
3686 270 1 
3687 25 1 
3687 25 1 
3687 25 1 
3687 113 1 
3687 330 1 
3687 330 1 
3687 330 1 
3687 333 1 
3687 333 1 
3687 333 1 
3687 341 1 
3687 341 1 
3687 341 1 
3687 343 1 
3687 343 1 
3687 343 1 
3687 345 1 
3687 345 1 
3687 345 1 
3687 353 1 
3687 353 1 
3687 353 1 
3687 354 1 
3687 354 1 
3687 354 1 
3687 355 1 
3687 355 1 
3687 355 1 
3687 356 1 
3687 356 1 
3687 356 1 
3688 108 1 
3688 111 1 
3688 111 1 
3688 111 1 
3688 111 1 
3688 111 1 
3688 111 1 
3688 111 1 
3688 111 1 
3688 113 1 
3688 113 1 
3688 113 1 
3688 128 1 
3688 128 1 
3688 128 1 
3688 128 1 
3688 128 1 
3688 128 1 
3688 307 1 
3689 305 1 
3690 128 1 
3690 128 1 
3690 128 1 
3690 128 1 
3690 128 1 
3690 128 1 
3690 128 1 
3690 128 1 
3690 128 1 
3690 128 1 
3690 128 1 
3690 128 1 
3690 128 1 
3691 111 2 
3692 8 1 
3692 8 1 
3692 8 1 
3692 8 1 
3692 83 1 
3692 111 1 
3692 128 1 
3692 228 1 
3692 234 1 
3692 234 1 
3692 234 1 
3692 238 1 
3692 238 1 
3692 238 1 
3692 244 1 
3692 244 1 
3692 307 1 
3692 352 1 
3693 3 1 
3693 7 1 
3693 7 1 
3693 28 1 
3693 28 1 
3693 28 1 
3693 28 1 
3693 32 1 
3693 83 1 
3693 83 1 
3693 83 1 
3693 83 1 
3693 83 1 
3693 113 1 
3694 17 3 
3694 17 1 
3694 17 1 
3694 113 1 
3694 113 1 
3694 113 1 
3694 270 1 
3694 294 1 
3695 222 1 
3695 222 1 
3696 271 1 
3696 321 1 
3696 350 1 
3696 350 1 
3697 350 1 
3698 260 1 
3698 269 1 
3699 113 1 
3699 113 1 
3700 1 2 
3700 9 2 
3700 10 2 
3700 61 2 
3700 80 2 
3700 85 2 
3700 86 2 
3701 7 1 
3701 8 1 
3701 8 1 
3701 13 1 
3701 34 1 
3701 54 1 
3701 54 1 
3701 109 1 
3701 110 2 
3701 111 1 
3701 111 1 
3701 111 1 
3701 111 1 
3701 111 1 
3701 111 1 
3701 111 1 
3701 111 1 
3701 113 1 
3701 113 1 
3701 113 1 
3701 113 1 
3701 113 1 
3701 113 1 
3701 113 1 
3701 113 1 
3701 113 1 
3701 113 1 
3701 113 1 
3701 113 1 
3701 113 1 
3701 128 1 
3701 128 1 
3701 128 1 
3701 180 1 
3701 228 1 
3701 231 1 
3701 231 1 
3701 279 1 
3701 282 1 
3701 285 1 
3701 287 1 
3701 290 1 
3701 290 1 
3701 292 1 
3701 294 1 
3701 299 1 
3701 299 1 
3701 299 1 
3701 308 1 
3701 310 1 
3701 311 1 
3701 311 1 
3701 331 1 
3701 334 1 
3701 335 1 
3701 337 1 
3701 337 1 
3701 338 1 
3701 338 1 
3701 338 1 
3701 338 1 
3701 339 1 
3701 340 1 
3701 340 1 
3701 350 1 
3701 354 1 
3702 3 1 
3702 3 1 
3702 16 1 
3702 28 1 
3702 107 1 
3702 107 1 
3702 108 1 
3702 108 1 
3702 108 1 
3702 108 1 
3702 128 2 
3702 128 1 
3702 128 1 
3702 128 1 
3702 128 1 
3702 128 1 
3702 128 1 
3702 128 1 
3702 128 1 
3702 128 1 
3702 128 2 
3702 128 1 
3702 128 1 
3702 128 1 
3702 128 1 
3702 128 1 
3702 128 1 
3702 212 1 
3702 212 1 
3702 279 1 
3702 279 1 
3702 279 1 
3702 279 1 
3702 279 1 
3702 305 1 
3702 305 1 
3702 305 1 
3702 305 1 
3702 354 1 
3703 1 2 
3703 1 2 
3703 61 2 
3703 61 2 
3704 113 1 
3704 113 1 
3705 19 1 
3706 292 1 
3707 113 1 
3708 350 1 
3708 350 1 
3709 5 1 
3709 124 1 
3709 155 1 
3709 155 1 
3709 190 1 
3709 299 1 
3710 113 1 
3710 113 1 
3710 113 1 
3710 113 1 
3710 113 1 
3710 113 1 
3710 113 1 
3710 113 1 
3710 113 1 
3710 113 1 
3710 243 1 
3710 287 1 
3710 287 1 
3710 287 1 
3710 299 1 
3710 321 1 
3710 321 1 
3710 321 1 
3710 334 1 
3710 334 1 
3710 335 1 
3710 337 1 
3710 340 1 
3710 340 1 
3710 340 1 
3710 340 1 
3710 340 1 
3710 340 1 
3710 340 1 
3710 342 1 
3710 342 1 
3710 350 1 
3710 351 1 
3710 352 1 
3711 113 1 
3711 113 1 
3712 113 1 
3712 113 1 
3713 48 1 
3714 337 1 
3714 338 1 
3715 113 1 
3715 306 1 
3715 340 1 
3716 354 1 
3717 113 1 
3718 313 1 
3718 313 1 
3719 7 1 
3719 28 1 
3719 350 1 
3719 354 1 
3719 354 1 
3719 354 1 
3720 48 1 
3720 54 1 
3720 113 1 
3720 113 1 
3720 113 1 
3720 113 1 
3720 128 1 
3720 128 1 
3720 281 1 
3720 298 1 
3720 338 1 
3720 355 1 
3721 1 1 
3721 1 1 
3721 4 1 
3721 9 1 
3721 10 1 
3721 14 2 
3721 30 1 
3721 30 1 
3721 44 1 
3721 46 3 
3721 61 1 
3721 61 1 
3721 66 1 
3721 70 1 
3721 80 1 
3721 82 1 
3721 83 1 
3721 83 1 
3721 85 1 
3721 86 1 
3721 104 2 
3721 106 2 
3721 107 2 
3721 108 2 
3721 109 2 
3721 111 1 
3721 111 1 
3721 111 2 
3721 111 1 
3721 112 2 
3721 113 2 
3721 114 2 
3721 116 2 
3721 119 2 
3721 120 2 
3721 121 1 
3721 121 2 
3721 122 2 
3721 123 2 
3721 124 1 
3721 124 1 
3721 124 1 
3721 124 1 
3721 125 2 
3721 126 2 
3721 127 2 
3721 128 2 
3721 129 2 
3721 130 2 
3721 131 2 
3721 134 2 
3721 140 2 
3721 145 2 
3721 147 2 
3721 148 2 
3721 149 2 
3721 150 2 
3721 158 2 
3721 159 2 
3721 162 2 
3721 165 2 
3721 168 2 
3721 173 1 
3721 174 2 
3721 175 2 
3721 177 2 
3721 187 2 
3721 193 2 
3721 195 2 
3721 211 2 
3721 221 1 
3721 239 2 
3721 265 1 
3721 277 2 
3721 279 1 
3721 299 1 
3721 299 1 
3721 299 1 
3721 301 2 
3721 321 1 
3721 321 1 
3721 332 1 
3721 332 1 
3721 332 1 
3721 332 1 
3721 336 1 
3721 349 2 
3722 299 1 
3722 350 1 
3722 350 1 
3723 44 1 
3723 44 1 
3724 75 1 
3724 83 1 
3724 124 1 
3724 124 1 
3724 299 1 
3724 307 1 
3724 311 1 
3724 352 1 
3724 352 1 
3724 355 1 
3725 255 1 
3726 113 1 
3726 306 1 
3727 337 1 
3728 185 1 
3729 13 1 
3729 24 1 
3729 256 1 
3729 258 1 
3729 264 1 
3729 272 1 
3729 273 1 
3729 275 1 
3729 279 1 
3729 282 1 
3729 283 1 
3729 285 1 
3729 289 1 
3729 291 1 
3729 293 1 
3729 299 1 
3729 304 1 
3729 305 1 
3729 306 1 
3729 307 1 
3729 308 1 
3729 309 1 
3729 310 1 
3729 311 1 
3729 312 1 
3729 313 1 
3729 314 1 
3729 315 1 
3729 316 1 
3729 317 1 
3729 318 1 
3729 319 1 
3729 320 1 
3729 321 1 
3729 322 1 
3729 323 1 
3729 324 1 
3729 325 1 
3729 327 1 
3729 328 1 
3729 331 1 
3729 332 1 
3729 334 1 
3729 335 1 
3729 336 1 
3729 337 1 
3729 338 1 
3729 339 1 
3729 340 1 
3729 342 1 
3729 350 1 
3729 351 1 
3729 352 1 
3730 28 1 
3731 124 1 
3732 1 2 
3732 10 1 
3732 16 3 
3732 16 1 
3732 28 1 
3732 28 1 
3732 30 1 
3732 61 2 
3732 70 1 
3732 85 1 
3732 86 1 
3732 91 1 
3732 91 1 
3732 93 1 
3732 103 1 
3732 103 1 
3732 107 1 
3732 111 1 
3732 113 1 
3732 113 2 
3732 113 1 
3732 113 1 
3732 113 1 
3732 113 1 
3732 113 1 
3732 113 1 
3732 113 1 
3732 124 1 
3732 128 1 
3732 192 3 
3732 192 1 
3732 217 1 
3732 217 1 
3732 217 1 
3732 217 1 
3732 228 1 
3732 231 1 
3732 231 1 
3732 255 1 
3732 255 1 
3732 260 1 
3732 269 1 
3732 279 1 
3732 279 1 
3732 279 1 
3732 279 3 
3732 279 1 
3732 279 1 
3732 280 1 
3732 281 1 
3732 282 1 
3732 284 1 
3732 288 1 
3732 289 1 
3732 292 1 
3732 292 3 
3732 292 1 
3732 292 1 
3732 292 1 
3732 292 1 
3732 292 1 
3732 293 1 
3732 294 1 
3732 295 3 
3732 299 1 
3732 299 1 
3732 299 1 
3732 299 1 
3732 306 1 
3732 309 1 
3732 311 1 
3732 321 1 
3732 321 1 
3732 335 1 
3732 335 1 
3732 335 1 
3732 336 1 
3732 340 1 
3732 350 1 
3733 4 1 
3733 8 1 
3733 8 1 
3733 8 2 
3733 8 2 
3733 8 2 
3733 8 1 
3733 8 1 
3733 8 1 
3733 8 2 
3733 93 2 
3733 113 1 
3733 113 1 
3733 128 1 
3733 128 1 
3733 128 1 
3733 128 1 
3733 128 1 
3733 128 1 
3733 271 1 
3733 332 1 
3733 338 1 
3733 338 1 
3733 338 1 
3733 338 1 
3733 350 1 
3734 336 1 
3735 139 1 
3735 139 1 
3736 48 1 
3737 308 1 
3737 334 1 
3738 25 1 
3738 330 1 
3738 333 1 
3738 341 1 
3738 343 1 
3738 345 1 
3738 353 1 
3738 354 1 
3738 355 1 
3738 356 1 
3739 8 1 
3739 218 1 
3739 219 1 
3739 321 1 
3739 331 1 
3739 337 1 
3739 337 1 
3739 338 1 
3739 338 1 
3740 305 1 
3740 340 1 
3741 282 1 
3742 124 1 
3742 124 1 
3742 287 1 
3742 350 1 
3743 111 1 
3743 113 1 
3744 111 1 
3745 4 1 
3745 4 1 
3745 5 1 
3745 7 1 
3745 16 2 
3745 17 2 
3745 19 2 
3745 28 1 
3745 28 1 
3745 28 1 
3745 28 1 
3745 69 3 
3745 103 1 
3745 103 1 
3745 110 2 
3745 110 2 
3745 110 2 
3745 110 2 
3745 110 2 
3745 110 2 
3745 110 2 
3745 110 2 
3745 110 2 
3745 110 2 
3745 111 1 
3745 111 1 
3745 111 1 
3745 111 1 
3745 111 1 
3745 113 1 
3745 113 1 
3745 113 1 
3745 113 1 
3745 124 1 
3745 132 2 
3745 135 2 
3745 138 2 
3745 139 1 
3745 139 1 
3745 139 1 
3745 139 1 
3745 139 1 
3745 142 1 
3745 142 3 
3745 142 2 
3745 143 2 
3745 144 2 
3745 146 3 
3745 146 2 
3745 146 1 
3745 151 2 
3745 156 2 
3745 158 3 
3745 161 1 
3745 161 3 
3745 164 1 
3745 164 1 
3745 164 2 
3745 164 1 
3745 166 1 
3745 166 1 
3745 166 1 
3745 166 1 
3745 166 1 
3745 167 2 
3745 169 1 
3745 173 1 
3745 173 1 
3745 173 1 
3745 173 1 
3745 176 1 
3745 181 1 
3745 181 1 
3745 182 1 
3745 188 1 
3745 189 1 
3745 192 2 
3745 196 2 
3745 207 2 
3745 212 2 
3745 227 1 
3745 239 3 
3745 282 1 
3745 282 1 
3745 282 1 
3745 282 3 
3745 282 1 
3745 282 1 
3745 282 1 
3745 282 1 
3745 282 1 
3745 282 1 
3745 282 1 
3745 282 1 
3745 299 1 
3745 299 1 
3745 307 1 
3745 311 1 
3745 311 1 
3745 327 1 
3745 327 1 
3745 327 1 
3745 327 1 
3745 327 1 
3745 327 3 
3745 327 1 
3745 327 1 
3745 331 1 
3745 331 1 
3745 331 1 
3745 336 1 
3745 336 1 
3745 350 1 
3746 1 2 
3746 3 1 
3746 4 1 
3746 4 1 
3746 5 1 
3746 7 1 
3746 7 1 
3746 61 2 
3746 279 1 
3746 279 1 
3746 299 1 
3746 299 1 
3746 299 1 
3746 299 1 
3746 299 1 
3746 299 1 
3746 299 3 
3746 299 1 
3746 299 1 
3746 299 1 
3746 306 1 
3746 310 1 
3746 310 1 
3746 311 1 
3746 313 1 
3746 331 1 
3746 331 1 
3746 335 1 
3746 335 1 
3746 335 1 
3746 335 1 
3746 335 1 
3746 335 1 
3746 337 1 
3746 337 1 
3746 338 1 
3746 338 1 
3746 338 1 
3746 338 1 
3746 338 1 
3746 338 1 
3746 338 1 
3746 338 1 
3746 338 1 
3746 338 1 
3746 338 1 
3746 338 1 
3746 338 1 
3746 338 1 
3746 338 1 
3746 338 1 
3746 339 1 
3746 350 1 
3747 124 1 
3748 228 1 
3748 228 1 
3749 103 1 
3749 111 1 
3749 254 1 
3749 293 1 
3749 350 1 
3749 350 1 
3750 354 1 
3750 354 1 
3751 1 2 
3751 10 2 
3751 61 2 
3751 85 2 
3752 111 1 
3753 355 1 
3754 5 1 
3754 44 1 
3754 113 1 
3754 113 1 
3754 113 1 
3754 113 1 
3754 113 1 
3754 113 1 
3754 113 1 
3754 113 1 
3754 113 1 
3754 113 1 
3754 113 1 
3754 340 1 
3754 340 1 
3754 340 1 
3754 340 1 
3755 8 2 
3755 354 1 
3755 354 1 
3756 91 2 
3756 113 1 
3756 337 1 
3757 44 3 
3757 48 1 
3757 58 1 
3757 59 1 
3757 142 1 
3757 142 3 
3757 293 1 
3758 218 1 
3759 289 1 
3760 113 1 
3760 113 1 
3761 354 1 
3762 44 1 
3762 44 1 
3763 124 1 
3763 285 1 
3763 285 1 
3763 285 3 
3763 285 1 
3764 128 1 
3764 128 1 
3764 275 1 
3764 275 1 
3764 299 1 
3764 308 1 
3764 332 1 
3765 113 1 
3765 113 1 
3765 113 1 
3765 113 1 
3765 305 1 
3765 340 1 
3765 350 1 
3766 336 1 
3767 105 1 
3767 185 1 
3768 7 1 
3768 48 1 
3769 154 1 
3770 321 1 
3771 103 1 
3771 299 1 
3772 164 1 
3773 340 1 
3774 8 1 
3774 113 1 
3774 113 1 
3774 292 1 
3774 299 1 
3774 305 1 
3774 305 1 
3774 350 1 
3775 113 1 
3776 111 2 
3777 24 1 
3777 256 1 
3777 334 1 
3777 335 1 
3777 337 1 
3777 337 1 
3777 337 1 
3777 338 1 
3777 338 1 
3777 338 1 
3777 338 1 
3777 338 1 
3777 338 1 
3777 338 1 
3777 338 1 
3778 279 1 
3778 289 1 
3778 321 1 
3778 321 1 
3778 332 1 
3778 332 1 
3778 332 1 
3778 350 1 
3779 54 1 
3780 338 1 
3780 338 1 
3781 113 1 
3781 322 1 
3781 334 1 
3781 352 1 
3782 8 2 
3782 8 1 
3782 8 1 
3782 14 1 
3782 38 1 
3782 112 1 
3782 128 1 
3782 128 1 
3782 128 1 
3782 210 1 
3782 281 1 
3782 292 1 
3782 293 1 
3782 334 1 
3782 334 1 
3782 334 1 
3782 334 1 
3782 334 1 
3782 334 1 
3782 334 1 
3783 4 1 
3783 5 1 
3783 7 1 
3783 8 1 
3783 28 1 
3783 111 1 
3783 111 1 
3783 111 1 
3783 128 1 
3783 128 1 
3783 128 1 
3783 128 1 
3783 128 1 
3783 128 1 
3783 128 1 
3783 128 1 
3783 128 1 
3783 128 1 
3783 128 1 
3783 128 1 
3783 128 1 
3783 128 1 
3783 128 1 
3783 128 1 
3783 128 1 
3783 128 1 
3783 128 1 
3783 128 1 
3783 128 1 
3783 217 1 
3783 221 1 
3783 222 1 
3783 228 1 
3783 234 1 
3783 238 1 
3783 260 1 
3783 269 1 
3783 270 1 
3783 290 1 
3783 307 1 
3783 308 1 
3783 308 1 
3783 308 1 
3783 331 1 
3783 340 1 
3783 340 1 
3783 340 1 
3783 352 1 
3783 352 1 
3784 16 2 
3784 17 2 
3784 19 2 
3784 132 2 
3784 135 2 
3784 138 2 
3784 142 2 
3784 143 2 
3784 144 1 
3784 144 2 
3784 146 2 
3784 151 2 
3784 156 2 
3784 167 2 
3784 192 2 
3784 196 2 
3784 207 2 
3784 212 2 
3784 301 3 
3784 308 1 
3785 38 1 
3785 38 1 
3785 97 1 
3785 97 1 
3785 97 1 
3786 124 1 
3786 124 1 
3786 128 1 
3786 283 1 
3786 283 1 
3787 3 1 
3787 3 1 
3787 3 1 
3787 3 1 
3787 4 1 
3787 4 1 
3787 4 1 
3787 5 1 
3787 5 1 
3787 5 1 
3787 5 1 
3787 5 1 
3787 5 1 
3787 7 1 
3787 7 1 
3787 7 1 
3787 8 1 
3787 8 1 
3787 8 1 
3787 22 1 
3787 25 1 
3787 28 1 
3787 30 1 
3787 30 1 
3787 30 1 
3787 30 1 
3787 30 1 
3787 30 1 
3787 30 1 
3787 30 1 
3787 35 1 
3787 70 1 
3787 77 1 
3787 77 1 
3787 77 3 
3787 98 1 
3787 98 1 
3787 99 1 
3787 103 1 
3787 103 1 
3787 106 1 
3787 111 2 
3787 111 1 
3787 111 2 
3787 113 1 
3787 113 1 
3787 113 1 
3787 124 1 
3787 124 1 
3787 128 1 
3787 128 1 
3787 128 1 
3787 128 1 
3787 128 1 
3787 128 1 
3787 128 1 
3787 128 1 
3787 128 1 
3787 128 1 
3787 141 1 
3787 173 1 
3787 183 3 
3787 183 1 
3787 190 1 
3787 199 1 
3787 210 1 
3787 218 1 
3787 219 1 
3787 228 1 
3787 229 1 
3787 230 1 
3787 231 1 
3787 234 1 
3787 238 1 
3787 243 1 
3787 244 1 
3787 244 1 
3787 251 1 
3787 253 1 
3787 253 1 
3787 254 1 
3787 257 1 
3787 259 1 
3787 260 1 
3787 269 1 
3787 280 1 
3787 292 1 
3787 296 1 
3787 299 1 
3787 322 1 
3787 327 1 
3787 330 1 
3787 331 1 
3787 331 1 
3787 331 1 
3787 333 1 
3787 336 1 
3787 336 1 
3787 339 1 
3787 340 1 
3787 340 1 
3787 340 1 
3787 340 1 
3787 340 1 
3787 340 1 
3787 340 1 
3787 341 1 
3787 343 1 
3787 345 1 
3787 347 1 
3787 352 1 
3787 353 1 
3787 354 1 
3787 355 1 
3787 356 1 
3788 350 1 
3789 113 1 
3789 113 1 
3790 27 1 
3791 350 1 
3792 110 2 
3792 110 2 
3793 173 1 
3793 312 1 
3794 199 1 
3794 199 1 
3795 113 1 
3795 113 2 
3795 113 1 
3795 113 1 
3795 113 1 
3795 113 1 
3795 113 1 
3795 234 1 
3795 234 1 
3795 238 1 
3795 238 1 
3795 299 1 
3796 16 1 
3796 16 1 
3797 209 1 
3797 261 1 
3798 43 1 
3799 113 1 
3799 113 1 
3799 113 1 
3800 350 1 
3801 173 1 
3802 354 1 
3803 219 3 
3803 219 3 
3803 219 2 
3803 219 1 
3804 16 1 
3804 16 1 
3804 16 1 
3805 28 1 
3805 28 1 
3805 113 1 
3805 113 1 
3806 16 1 
3807 308 1 
3807 308 1 
3807 351 1 
3807 352 1 
3807 352 1 
3808 113 1 
3808 113 1 
3809 54 1 
3809 54 1 
3809 113 1 
3809 289 1 
3809 289 1 
3809 289 1 
3809 305 1 
3809 336 1 
3809 336 1 
3809 354 1 
3810 28 1 
3811 111 1 
3812 299 1 
3812 340 1 
3812 350 1 
3812 350 1 
3813 113 1 
3814 28 1 
3814 28 1 
3814 113 1 
3814 113 1 
3814 113 1 
3814 113 1 
3814 113 1 
3814 113 1 
3814 113 1 
3814 124 1 
3814 124 1 
3815 58 1 
3816 8 1 
3816 83 1 
3816 111 1 
3816 121 1 
3816 124 1 
3816 329 1 
3817 8 1 
3818 111 2 
3818 111 1 
3818 111 2 
3819 350 1 
3820 189 1 
3821 227 1 
3822 308 1 
3823 340 1 
3824 44 1 
3825 24 1 
3825 44 1 
3825 256 1 
3826 14 1 
3826 75 1 
3826 75 1 
3826 261 1 
3826 271 1 
3826 271 1 
3826 293 1 
3827 12 1 
3827 21 1 
3827 38 1 
3827 38 1 
3827 38 1 
3827 38 1 
3827 38 1 
3827 38 1 
3827 95 1 
3827 96 1 
3827 98 1 
3827 100 1 
3827 102 1 
3827 115 1 
3827 117 1 
3827 118 1 
3827 163 1 
3827 191 1 
3827 194 1 
3827 197 1 
3827 202 1 
3827 205 1 
3827 206 1 
3827 209 1 
3827 210 1 
3827 218 1 
3827 219 1 
3827 220 1 
3827 221 1 
3827 222 1 
3827 223 1 
3827 224 1 
3827 225 1 
3827 226 1 
3827 232 1 
3827 233 1 
3827 245 1 
3827 246 1 
3827 247 1 
3827 248 1 
3827 249 1 
3827 250 1 
3827 294 1 
3828 279 1 
3828 279 1 
3828 340 1 
3828 350 1 
3829 218 1 
3829 218 1 
3830 209 1 
3830 209 1 
3831 113 1 
3832 83 1 
3833 340 1 
3834 103 1 
3835 336 1 
3835 336 1 
3836 128 2 
3837 157 1 
3837 170 1 
3837 350 1 
3838 3 1 
3838 28 1 
3838 113 1 
3838 128 1 
3838 128 1 
3838 128 1 
3838 212 1 
3838 212 1 
3838 218 1 
3838 251 1 
3838 254 1 
3838 337 1 
3838 338 1 
3839 211 1 
3840 128 1 
3840 128 1 
3841 113 1 
3841 113 1 
3842 107 1 
3843 3 1 
3844 3 1 
3844 3 1 
3844 3 1 
3844 5 1 
3844 7 1 
3844 7 1 
3844 28 1 
3844 28 1 
3844 32 1 
3844 41 1 
3844 75 1 
3844 75 1 
3844 83 1 
3844 83 1 
3844 83 1 
3844 222 1 
3844 229 1 
3844 230 1 
3844 231 1 
3844 234 1 
3844 238 1 
3844 251 1 
3844 299 1 
3844 299 1 
3844 299 1 
3844 299 1 
3844 331 1 
3844 340 1 
3844 340 1 
3844 342 1 
3845 228 1 
3845 294 1 
3846 16 1 
3846 16 1 
3846 16 1 
3846 16 1 
3846 16 1 
3846 17 1 
3846 17 1 
3846 17 1 
3846 17 1 
3846 17 1 
3846 19 1 
3846 19 1 
3846 19 1 
3846 19 1 
3846 19 1 
3846 132 1 
3846 132 1 
3846 132 1 
3846 132 1 
3846 132 1 
3846 135 1 
3846 135 1 
3846 135 1 
3846 135 1 
3846 135 1 
3846 138 1 
3846 138 1 
3846 138 1 
3846 138 1 
3846 138 1 
3846 142 1 
3846 142 1 
3846 142 1 
3846 142 1 
3846 142 1 
3846 143 1 
3846 143 1 
3846 143 1 
3846 143 1 
3846 143 1 
3846 144 1 
3846 144 1 
3846 144 1 
3846 144 1 
3846 144 1 
3846 146 1 
3846 146 1 
3846 146 1 
3846 146 1 
3846 146 1 
3846 151 1 
3846 151 1 
3846 151 1 
3846 151 1 
3846 151 1 
3846 156 1 
3846 156 1 
3846 156 1 
3846 156 1 
3846 156 1 
3846 167 1 
3846 167 1 
3846 167 1 
3846 167 1 
3846 167 1 
3846 192 1 
3846 192 1 
3846 192 1 
3846 192 1 
3846 192 1 
3846 196 1 
3846 196 1 
3846 196 1 
3846 196 1 
3846 196 1 
3846 207 1 
3846 207 1 
3846 207 1 
3846 207 1 
3846 207 1 
3846 212 1 
3846 212 1 
3846 212 1 
3846 212 1 
3846 212 1 
3847 3 1 
3847 113 1 
3847 294 1 
3847 294 1 
3847 350 1 
3848 199 1 
3849 30 1 
3850 350 1 
3850 350 1 
3851 124 1 
3852 111 1 
3852 111 1 
3853 204 1 
3854 287 1 
3855 350 1 
3856 109 1 
3856 113 1 
3857 109 1 
3857 113 1 
3857 121 1 
3858 109 1 
3859 189 1 
3860 128 1 
3861 254 1 
3862 283 1 
3863 155 1 
3864 109 1 
3864 113 1 
3864 121 1 
3865 113 1 
3866 18 1 
3866 105 1 
3866 121 1 
3867 189 1 
3868 166 1 
3869 109 1 
3870 299 1 
3870 299 1 
3870 299 1 
3871 113 1 
3872 113 1 
3873 113 1 
3874 113 1 
3874 113 1 
3875 113 1 
3875 113 1 
3875 113 1 
3875 155 1 
3876 331 1 
3877 283 1 
3878 305 1 
3879 109 1 
3879 113 1 
3879 113 1 
3879 113 1 
3879 113 1 
3879 113 1 
3879 121 1 
3880 305 1 
3881 105 1 
3881 185 1 
3882 113 1 
3882 113 1 
3882 113 1 
3883 113 1 
3884 113 1 
3885 109 1 
3885 113 1 
3885 121 1 
3886 199 1 
3886 199 1 
3887 113 1 
3888 109 1 
3888 113 1 
3889 113 1 
3890 113 1 
3891 109 1 
3891 113 1 
3891 113 1 
3891 113 1 
3891 121 1 
3892 105 1 
3892 185 1 
3893 113 1 
3894 305 1 
3895 113 1 
3896 113 1 
3897 113 1 
3898 34 1 
3898 105 1 
3898 113 1 
3898 113 1 
3899 113 1 
3899 113 1 
3900 113 1 
3901 109 1 
3901 113 1 
3901 113 1 
3902 113 1 
3902 113 1 
3903 292 3 
3903 292 1 
3903 292 1 
3903 294 1 
3904 44 1 
3904 44 1 
3905 305 1 
3905 306 1 
3905 306 1 
3906 350 1 
3907 113 1 
3907 113 1 
3908 18 1 
3908 139 1 
3908 152 1 
3908 153 1 
3908 154 1 
3908 155 1 
3908 157 1 
3908 160 1 
3908 161 1 
3908 164 1 
3908 166 1 
3908 169 1 
3908 170 1 
3908 171 1 
3908 172 1 
3908 173 1 
3908 176 1 
3908 178 1 
3908 179 1 
3908 180 1 
3908 181 1 
3908 182 1 
3908 183 1 
3908 184 1 
3908 188 1 
3908 189 1 
3908 190 1 
3908 198 1 
3908 199 1 
3908 200 1 
3908 201 1 
3908 203 1 
3908 204 1 
3908 213 1 
3908 216 1 
3908 217 1 
3908 227 1 
3908 235 1 
3908 236 1 
3908 252 1 
3908 262 1 
3908 267 1 
3908 274 1 
3908 278 1 
3908 286 1 
3908 295 1 
3908 297 1 
3908 300 1 
3908 302 1 
3908 326 1 
3908 346 1 
3908 348 1 
3909 1 1 
3909 4 1 
3909 4 1 
3909 11 1 
3909 12 1 
3909 14 2 
3909 21 1 
3909 25 1 
3909 28 1 
3909 28 1 
3909 38 1 
3909 41 3 
3909 48 1 
3909 48 1 
3909 48 1 
3909 48 1 
3909 48 1 
3909 48 1 
3909 48 1 
3909 54 1 
3909 54 1 
3909 54 1 
3909 54 1 
3909 54 3 
3909 54 1 
3909 54 1 
3909 54 1 
3909 54 1 
3909 54 1 
3909 61 1 
3909 70 1 
3909 95 1 
3909 96 1 
3909 98 1 
3909 100 1 
3909 102 1 
3909 104 2 
3909 106 2 
3909 107 2 
3909 108 2 
3909 109 2 
3909 111 2 
3909 112 2 
3909 113 2 
3909 113 1 
3909 113 1 
3909 114 2 
3909 115 1 
3909 116 2 
3909 117 1 
3909 118 1 
3909 119 2 
3909 120 2 
3909 121 1 
3909 121 1 
3909 121 2 
3909 122 2 
3909 123 2 
3909 124 1 
3909 124 1 
3909 124 1 
3909 124 1 
3909 124 1 
3909 125 2 
3909 126 2 
3909 127 2 
3909 128 2 
3909 128 1 
3909 128 1 
3909 128 1 
3909 129 2 
3909 130 2 
3909 131 2 
3909 134 2 
3909 140 2 
3909 145 2 
3909 147 2 
3909 148 2 
3909 149 2 
3909 150 2 
3909 158 2 
3909 159 2 
3909 162 2 
3909 163 1 
3909 165 2 
3909 168 2 
3909 173 1 
3909 174 2 
3909 175 2 
3909 177 2 
3909 187 2 
3909 191 1 
3909 193 2 
3909 194 1 
3909 195 2 
3909 197 1 
3909 202 1 
3909 205 1 
3909 206 1 
3909 209 1 
3909 210 1 
3909 211 2 
3909 217 1 
3909 218 1 
3909 219 1 
3909 220 1 
3909 221 1 
3909 222 1 
3909 223 1 
3909 224 1 
3909 225 1 
3909 226 1 
3909 228 1 
3909 228 1 
3909 232 1 
3909 233 3 
3909 233 2 
3909 233 1 
3909 233 3 
3909 239 2 
3909 245 3 
3909 245 1 
3909 245 3 
3909 245 2 
3909 246 1 
3909 247 2 
3909 247 1 
3909 247 3 
3909 247 3 
3909 248 1 
3909 249 1 
3909 250 1 
3909 254 1 
3909 260 1 
3909 269 1 
3909 277 2 
3909 283 1 
3909 283 1 
3909 283 1 
3909 284 1 
3909 288 1 
3909 289 1 
3909 290 1 
3909 290 1 
3909 290 1 
3909 290 1 
3909 290 1 
3909 294 1 
3909 299 1 
3909 299 1 
3909 299 1 
3909 299 1 
3909 299 1 
3909 301 2 
3909 305 1 
3909 305 1 
3909 305 1 
3909 307 1 
3909 308 1 
3909 311 1 
3909 330 1 
3909 333 1 
3909 336 1 
3909 336 1 
3909 336 1 
3909 336 1 
3909 340 1 
3909 340 1 
3909 341 1 
3909 343 1 
3909 345 1 
3909 349 2 
3909 350 1 
3909 350 1 
3909 350 1 
3909 352 1 
3909 352 1 
3909 352 1 
3909 352 1 
3909 353 1 
3909 354 1 
3909 355 1 
3909 355 1 
3909 355 1 
3909 355 1 
3909 355 1 
3909 356 1 
3910 338 1 
3911 227 1 
3912 173 1 
3912 173 1 
3912 173 1 
3912 173 1 
3912 173 1 
3912 173 1 
3912 181 1 
3912 181 1 
3912 355 1 
3913 299 1 
3913 299 1 
3914 25 1 
3914 25 1 
3914 330 1 
3914 330 1 
3914 333 1 
3914 333 1 
3914 341 1 
3914 341 1 
3914 343 1 
3914 343 1 
3914 345 1 
3914 345 1 
3914 353 1 
3914 353 1 
3914 354 1 
3914 354 1 
3914 355 1 
3914 355 1 
3914 356 1 
3914 356 1 
3915 124 1 
3915 124 1 
3916 124 1 
3916 124 1 
3916 291 1 
3916 299 1 
3916 299 1 
3916 350 1 
3916 350 1 
3916 350 1 
3916 350 1 
3917 1 1 
3917 1 2 
3917 1 1 
3917 1 1 
3917 1 1 
3917 1 1 
3917 1 1 
3917 10 1 
3917 10 1 
3917 10 1 
3917 10 1 
3917 61 1 
3917 61 1 
3917 61 1 
3917 61 1 
3917 61 1 
3917 61 1 
3917 61 2 
3917 85 1 
3917 85 1 
3917 85 1 
3917 85 1 
3918 307 1 
3918 331 1 
3919 18 1 
3919 28 1 
3919 76 3 
3919 77 2 
3919 108 1 
3919 111 1 
3919 113 1 
3919 270 1 
3919 309 1 
3919 311 1 
3919 311 1 
3920 163 1 
3921 332 1 
3921 332 1 
3922 70 1 
3922 91 1 
3922 93 1 
3922 111 1 
3922 221 1 
3922 336 1 
3923 354 1 
3924 7 1 
3924 7 1 
3924 8 1 
3924 8 1 
3924 8 1 
3924 8 1 
3924 8 1 
3924 8 1 
3924 8 1 
3924 92 1 
3924 92 3 
3924 92 2 
3924 164 1 
3924 299 1 
3924 350 1 
3924 350 1 
3924 350 1 
3924 350 1 
3924 350 1 
3924 350 1 
3924 350 1 
3924 350 1 
3924 350 1 
3924 350 1 
3924 350 1 
3924 350 1 
3924 350 1 
3924 350 1 
3925 254 1 
3926 139 1 
3927 1 1 
3927 61 1 
3928 17 1 
3928 28 1 
3928 109 1 
3928 109 1 
3928 109 1 
3928 279 1 
3928 312 1 
3928 355 1 
3929 298 1 
3929 354 1 
3930 8 1 
3930 8 1 
3930 8 1 
3930 28 1 
3930 111 1 
3930 124 1 
3930 124 1 
3930 124 1 
3930 124 1 
3930 124 1 
3930 124 1 
3930 124 1 
3930 124 1 
3930 124 1 
3930 124 1 
3930 270 1 
3930 283 1 
3930 311 1 
3930 335 1 
3930 335 1 
3930 335 1 
3930 350 1 
3930 350 1 
3931 160 1 
3932 7 1 
3932 350 1 
3932 350 1 
3932 350 1 
3933 291 1 
3934 257 1 
3935 24 1 
3935 256 1 
3935 258 1 
3935 264 1 
3935 272 1 
3935 273 1 
3935 275 1 
3935 279 1 
3935 282 1 
3935 283 1 
3935 285 1 
3935 289 1 
3935 291 1 
3935 293 1 
3935 299 1 
3935 304 1 
3935 305 1 
3935 306 1 
3935 307 1 
3935 308 1 
3935 309 1 
3935 310 1 
3935 311 1 
3935 312 1 
3935 313 1 
3935 314 1 
3935 315 1 
3935 316 1 
3935 317 1 
3935 318 1 
3935 319 1 
3935 320 1 
3935 321 1 
3935 322 1 
3935 323 1 
3935 324 1 
3935 325 1 
3935 327 1 
3935 328 1 
3935 331 1 
3935 332 1 
3935 334 1 
3935 335 1 
3935 336 1 
3935 337 1 
3935 338 1 
3935 339 1 
3935 340 1 
3935 342 1 
3935 350 1 
3935 351 1 
3935 352 1 
3936 340 1 
3936 340 1 
3936 340 1 
3936 340 1 
3937 299 1 
3938 254 1 
3939 44 1 
3940 340 1 
3941 16 1 
3941 16 1 
3942 34 1 
3943 5 1 
3944 305 1 
3945 199 1 
3946 111 1 
3947 321 1 
3948 219 1 
3949 75 1 
3949 75 1 
3949 110 2 
3949 204 1 
3949 222 1 
3949 251 1 
3949 255 1 
3949 294 1 
3949 312 1 
3949 321 1 
3949 332 1 
3949 332 1 
3949 332 1 
3950 219 1 
3951 336 1 
3952 113 1 
3953 113 1 
3953 113 1 
3954 155 2 
3955 340 1 
3955 340 1 
3956 44 1 
3957 124 1 
3958 299 1 
3959 350 1 
3960 15 1 
3960 15 1 
3960 25 1 
3960 27 1 
3960 186 1 
3960 333 1 
3960 341 1 
3960 343 1 
3960 345 3 
3960 345 1 
3960 354 1 
3960 355 1 
3960 356 1 
3961 4 1 
3961 285 1 
3961 285 1 
3961 305 1 
3961 305 3 
3961 305 3 
3961 305 1 
3961 306 1 
3961 308 1 
3962 38 1 
3963 113 1 
3964 105 1 
3964 105 1 
3965 288 1 
3965 288 1 
3965 294 1 
3965 340 1 
3965 340 1 
3966 113 1 
3966 113 1 
3966 340 1 
3966 340 1 
3966 340 1 
3967 7 1 
3967 27 1 
3967 27 3 
3967 30 1 
3967 70 1 
3967 312 1 
3967 336 1 
3967 338 1 
3967 338 1 
3967 338 1 
3967 338 1 
3967 338 1 
3967 338 1 
3967 338 1 
3967 338 1 
3968 163 1 
3969 5 1 
3969 7 1 
3969 7 1 
3969 312 1 
3970 7 1 
3970 54 1 
3970 89 1 
3970 103 1 
3970 113 1 
3970 305 1 
3970 306 1 
3970 350 1 
3971 299 1 
3971 299 1 
3972 199 1 
3973 12 1 
3973 12 1 
3973 21 1 
3973 21 1 
3973 21 1 
3973 21 1 
3973 38 1 
3973 38 1 
3973 38 1 
3973 38 1 
3973 95 1 
3973 95 1 
3973 95 1 
3973 95 1 
3973 96 1 
3973 96 1 
3973 98 1 
3973 98 1 
3973 100 1 
3973 100 1 
3973 102 1 
3973 102 1 
3973 105 1 
3973 105 1 
3973 105 1 
3973 115 1 
3973 115 1 
3973 117 1 
3973 117 1 
3973 118 1 
3973 118 1 
3973 163 1 
3973 163 1 
3973 185 1 
3973 191 1 
3973 191 1 
3973 194 1 
3973 194 1 
3973 197 1 
3973 197 1 
3973 199 1 
3973 199 1 
3973 202 1 
3973 202 1 
3973 205 1 
3973 205 1 
3973 206 1 
3973 206 1 
3973 207 1 
3973 207 1 
3973 209 1 
3973 209 1 
3973 210 1 
3973 210 1 
3973 218 1 
3973 218 1 
3973 219 1 
3973 219 1 
3973 220 1 
3973 220 1 
3973 221 1 
3973 221 1 
3973 222 1 
3973 222 1 
3973 223 1 
3973 223 1 
3973 224 1 
3973 224 1 
3973 225 1 
3973 225 1 
3973 226 1 
3973 226 1 
3973 232 1 
3973 232 1 
3973 233 1 
3973 233 1 
3973 245 1 
3973 245 1 
3973 246 1 
3973 246 1 
3973 247 1 
3973 247 1 
3973 248 1 
3973 248 1 
3973 249 1 
3973 249 1 
3973 250 1 
3973 250 1 
3973 266 1 
3973 294 1 
3973 294 1 
3974 28 1 
3974 28 1 
3974 110 2 
3974 111 1 
3974 336 1 
3974 336 1 
3975 38 1 
3975 38 1 
3976 113 1 
3976 113 1 
3976 283 1 
3976 340 1 
3976 340 1 
3976 340 1 
3977 106 1 
3977 111 2 
3977 219 1 
3977 299 1 
3977 308 1 
3977 336 1 
3977 336 1 
3977 336 1 
3978 299 1 
3979 299 1 
3979 336 1 
3979 336 1 
3979 350 1 
3980 28 1 
3980 124 1 
3980 327 1 
3980 327 1 
3980 327 1 
3980 331 1 
3981 28 1 
3981 113 1 
3982 128 1 
3982 128 1 
3982 350 1 
3982 352 1 
3983 8 1 
3983 350 1 
3983 350 1 
3984 350 1 
3985 128 1 
3986 128 1 
3987 113 1 
3987 281 1 
3987 287 1 
3987 289 1 
3987 299 1 
3988 35 1 
3989 293 1 
3989 293 3 
3989 299 1 
3989 306 1 
3989 350 1 
3990 83 1 
3990 292 1 
3991 226 3 
3991 226 2 
3991 226 3 
3991 350 1 
3991 351 1 
3992 105 1 
3993 44 1 
3994 336 1 
3995 4 1 
3995 7 1 
3995 28 1 
3995 28 1 
3995 109 1 
3995 109 1 
3995 109 1 
3995 113 1 
3995 113 1 
3995 113 1 
3995 113 1 
3995 113 1 
3995 113 1 
3995 113 1 
3995 113 1 
3995 113 1 
3995 113 1 
3995 113 1 
3995 113 1 
3995 113 1 
3995 139 1 
3995 166 1 
3995 173 1 
3995 173 1 
3995 181 1 
3995 228 1 
3995 229 1 
3995 230 1 
3995 234 1 
3995 238 1 
3995 350 1 
3995 350 1 
3995 352 1 
3996 336 1 
3997 160 1 
3997 160 1 
3997 160 1 
3997 160 1 
3997 160 1 
3998 124 1 
3998 124 1 
3999 25 1 
3999 330 1 
3999 333 1 
3999 341 1 
3999 343 1 
3999 345 1 
3999 353 1 
3999 354 1 
3999 355 1 
3999 356 1 
4000 113 1 
4000 113 1 
4000 285 1 
4000 305 1 
4000 336 1 
4000 340 1 
4000 340 1 
4000 340 1 
4000 340 1 
4000 340 1 
4000 340 1 
4000 340 1 
4000 340 1 
4001 103 1 
4001 103 1 
4001 354 1 
4002 124 1 
4003 4 1 
4003 5 1 
4003 7 1 
4003 54 1 
4003 54 1 
4003 54 1 
4003 54 1 
4003 54 1 
4003 54 1 
4003 54 1 
4003 54 1 
4003 54 1 
4004 8 1 
4004 16 1 
4004 128 1 
4004 128 1 
4004 173 1 
4004 299 1 
4004 350 1 
4005 128 1 
4006 199 1 
4006 199 1 
4007 350 1 
4008 305 3 
4008 305 1 
4009 113 1 
4009 113 1 
4009 113 1 
4009 113 1 
4009 113 1 
4009 113 1 
4009 113 1 
4009 113 1 
4009 113 1 
4009 113 1 
4010 17 1 
4011 9 1 
4011 80 1 
4011 82 1 
4011 86 1 
4012 8 1 
4012 228 1 
4012 229 1 
4012 230 1 
4012 231 1 
4012 234 1 
4012 238 1 
4012 243 1 
4012 244 1 
4012 251 1 
4012 253 1 
4012 254 1 
4013 2 1 
4013 8 1 
4013 66 1 
4013 228 1 
4013 229 1 
4013 230 1 
4013 231 1 
4013 234 1 
4013 238 1 
4013 243 1 
4013 244 1 
4013 251 1 
4013 253 1 
4013 254 1 
4014 190 1 
4015 124 1 
4015 308 1 
4016 350 1 
4017 77 1 
4018 8 1 
4018 8 1 
4018 113 1 
4018 128 1 
4018 128 1 
4018 128 1 
4018 128 1 
4018 128 1 
4018 128 1 
4018 128 1 
4018 128 1 
4018 128 1 
4018 166 1 
4018 293 1 
4018 331 1 
4018 331 1 
4018 331 1 
4018 331 1 
4018 350 1 
4019 128 2 
4020 8 1 
4020 8 1 
4020 8 1 
4020 99 1 
4020 113 1 
4020 113 1 
4020 121 1 
4020 164 1 
4020 164 1 
4020 173 1 
4020 173 1 
4020 173 1 
4020 181 1 
4020 181 1 
4021 289 1 
4022 5 1 
4022 5 1 
4022 25 1 
4022 25 1 
4022 25 1 
4022 25 1 
4022 25 1 
4022 28 1 
4022 28 1 
4022 28 1 
4022 28 1 
4022 28 1 
4022 38 1 
4022 48 1 
4022 113 1 
4022 124 1 
4022 139 1 
4022 166 1 
4022 166 1 
4022 204 1 
4022 229 1 
4022 230 1 
4022 299 1 
4022 330 1 
4022 330 1 
4022 330 1 
4022 330 1 
4022 330 1 
4022 333 1 
4022 333 1 
4022 333 1 
4022 333 1 
4022 333 1 
4022 341 1 
4022 341 1 
4022 341 1 
4022 341 1 
4022 341 1 
4022 343 1 
4022 343 1 
4022 343 1 
4022 343 1 
4022 343 1 
4022 345 1 
4022 345 1 
4022 345 1 
4022 345 1 
4022 345 1 
4022 350 1 
4022 350 1 
4022 353 1 
4022 353 1 
4022 353 1 
4022 353 1 
4022 353 1 
4022 354 1 
4022 354 1 
4022 354 1 
4022 354 1 
4022 354 1 
4022 355 1 
4022 355 1 
4022 355 1 
4022 355 1 
4022 355 1 
4022 356 1 
4022 356 1 
4022 356 1 
4022 356 1 
4022 356 1 
4023 48 1 
4023 243 1 
4023 243 1 
4023 350 1 
4023 350 1 
4023 350 1 
4024 28 1 
4025 299 1 
4026 228 1 
4026 299 1 
4027 38 1 
4028 113 1 
4029 124 1 
4029 124 1 
4030 260 1 
4030 269 1 
4030 299 1 
4030 340 1 
4030 340 1 
4030 350 1 
4031 3 1 
4031 5 1 
4031 7 1 
4031 8 1 
4031 8 1 
4031 17 1 
4031 28 1 
4031 28 1 
4031 32 1 
4031 75 1 
4031 75 1 
4031 83 1 
4031 83 1 
4031 83 1 
4031 107 1 
4031 107 1 
4031 108 1 
4031 109 1 
4031 109 1 
4031 109 1 
4031 109 1 
4031 113 1 
4031 113 1 
4031 113 1 
4031 113 1 
4031 113 1 
4031 113 1 
4031 113 1 
4031 121 1 
4031 121 1 
4031 121 1 
4031 121 1 
4031 121 1 
4031 121 1 
4031 121 1 
4031 121 1 
4031 121 1 
4031 121 1 
4031 121 1 
4031 128 1 
4031 128 1 
4031 128 1 
4031 128 1 
4031 128 1 
4031 139 1 
4031 155 2 
4031 155 2 
4031 155 2 
4031 170 1 
4031 170 1 
4031 170 1 
4031 173 1 
4031 173 1 
4031 173 1 
4031 173 1 
4031 173 3 
4031 173 1 
4031 173 1 
4031 173 1 
4031 173 1 
4031 173 1 
4031 173 1 
4031 173 1 
4031 173 1 
4031 173 1 
4031 173 1 
4031 173 1 
4031 173 1 
4031 173 1 
4031 173 1 
4031 173 1 
4031 173 1 
4031 173 1 
4031 180 1 
4031 180 3 
4031 180 1 
4031 180 1 
4031 181 1 
4031 181 1 
4031 181 1 
4031 181 3 
4031 181 1 
4031 183 1 
4031 188 1 
4031 188 1 
4031 188 1 
4031 188 1 
4031 188 3 
4031 190 1 
4031 199 1 
4031 199 1 
4031 199 1 
4031 210 2 
4031 260 1 
4031 269 1 
4031 288 1 
4031 289 1 
4031 291 1 
4031 291 1 
4031 302 1 
4031 302 1 
4031 302 1 
4031 306 1 
4031 311 1 
4031 331 1 
4031 336 1 
4031 336 1 
4031 336 1 
4031 336 1 
4031 336 1 
4031 336 1 
4031 336 1 
4031 336 1 
4031 336 1 
4031 336 1 
4031 336 1 
4031 336 1 
4031 336 1 
4031 336 1 
4031 336 1 
4031 336 1 
4031 336 1 
4031 336 1 
4031 336 1 
4031 336 1 
4031 336 1 
4031 337 1 
4031 340 1 
4031 352 1 
4032 28 1 
4032 28 1 
4032 128 1 
4032 299 1 
4032 299 1 
4032 299 1 
4032 299 1 
4032 299 1 
4032 299 1 
4033 1 2 
4033 1 1 
4033 7 1 
4033 15 1 
4033 15 1 
4033 15 1 
4033 61 2 
4033 61 1 
4033 302 1 
4033 302 1 
4033 332 1 
4033 332 1 
4033 332 1 
4033 332 1 
4033 336 1 
4033 338 1 
4034 210 1 
4035 113 1 
4036 281 1 
4037 285 3 
4038 124 1 
4038 124 1 
4038 254 1 
4038 254 1 
4039 83 1 
4040 350 1 
4041 48 1 
4042 336 1 
4043 113 1 
4043 113 1 
4043 124 1 
4044 113 1 
4045 124 1 
4045 217 1 
4046 28 1 
4047 25 1 
4047 330 1 
4047 333 1 
4047 341 1 
4047 343 1 
4047 345 1 
4047 353 1 
4047 354 1 
4047 355 1 
4047 356 1 
4048 1 2 
4048 4 1 
4048 25 1 
4048 44 1 
4048 61 2 
4048 93 2 
4048 113 1 
4048 124 1 
4048 299 3 
4048 299 1 
4048 299 1 
4048 299 1 
4048 330 1 
4048 333 1 
4048 341 1 
4048 343 1 
4048 345 1 
4048 353 1 
4048 354 1 
4048 354 1 
4048 355 1 
4048 356 1 
4049 14 2 
4049 104 2 
4049 106 2 
4049 107 2 
4049 108 2 
4049 109 2 
4049 110 3 
4049 111 2 
4049 112 2 
4049 113 2 
4049 114 2 
4049 116 2 
4049 119 2 
4049 120 2 
4049 121 2 
4049 122 2 
4049 123 2 
4049 124 1 
4049 125 2 
4049 126 2 
4049 127 2 
4049 128 2 
4049 129 2 
4049 130 2 
4049 131 2 
4049 134 2 
4049 140 2 
4049 145 2 
4049 147 2 
4049 148 2 
4049 149 2 
4049 150 2 
4049 158 2 
4049 159 2 
4049 162 2 
4049 165 2 
4049 168 2 
4049 174 2 
4049 175 2 
4049 177 2 
4049 187 2 
4049 193 2 
4049 195 2 
4049 211 2 
4049 239 2 
4049 277 2 
4049 301 2 
4049 349 2 
4050 28 1 
4051 254 1 
4052 254 1 
4053 305 1 
4054 113 1 
4055 109 1 
4055 355 1 
4056 113 1 
4057 113 1 
4057 113 1 
4057 124 1 
4057 124 1 
4057 164 1 
4057 306 1 
4057 306 1 
4057 354 1 
4058 139 1 
4058 139 1 
4058 155 2 
4058 160 1 
4058 160 1 
4058 160 1 
4058 170 1 
4058 170 1 
4058 176 1 
4058 176 1 
4058 176 1 
4058 176 1 
4058 176 1 
4058 188 3 
4058 188 1 
4058 188 1 
4058 188 1 
4058 188 1 
4058 188 1 
4058 188 1 
4058 188 1 
4058 188 1 
4058 188 1 
4058 188 1 
4058 188 1 
4058 302 1 
4058 336 1 
4058 336 1 
4058 336 1 
4059 44 1 
4060 172 1 
4060 308 1 
4061 5 1 
4061 54 1 
4061 113 1 
4061 243 1 
4061 282 1 
4061 350 1 
4062 7 1 
4062 34 1 
4062 54 1 
4062 54 1 
4062 299 1 
4063 108 1 
4063 222 1 
4063 222 1 
4063 336 1 
4064 113 1 
4064 306 1 
4065 3 1 
4065 7 1 
4065 8 1 
4065 8 1 
4065 8 1 
4065 8 1 
4065 8 1 
4065 17 1 
4065 28 1 
4065 32 1 
4065 83 1 
4065 83 1 
4065 83 1 
4065 83 1 
4065 113 1 
4065 113 1 
4065 124 1 
4065 124 1 
4065 128 1 
4065 128 1 
4065 128 1 
4065 128 1 
4065 128 1 
4065 128 1 
4065 128 2 
4065 128 1 
4065 154 1 
4065 154 1 
4065 270 1 
4065 305 1 
4065 307 1 
4065 309 1 
4065 310 1 
4065 310 1 
4065 310 1 
4065 313 1 
4065 313 1 
4065 334 1 
4065 334 1 
4065 335 1 
4065 335 1 
4065 337 1 
4065 337 1 
4065 337 1 
4065 338 1 
4065 338 1 
4065 338 1 
4065 350 1 
4065 352 1 
4066 7 1 
4066 205 3 
4067 24 1 
4067 28 1 
4067 109 1 
4067 128 1 
4067 128 1 
4067 128 1 
4067 128 1 
4067 128 1 
4067 152 1 
4067 154 1 
4067 204 1 
4067 256 1 
4067 258 1 
4067 264 1 
4067 272 1 
4067 273 1 
4067 275 1 
4067 279 1 
4067 282 1 
4067 283 1 
4067 285 1 
4067 289 1 
4067 291 1 
4067 293 1 
4067 299 1 
4067 299 1 
4067 304 1 
4067 305 1 
4067 306 1 
4067 307 1 
4067 308 1 
4067 309 1 
4067 310 1 
4067 311 1 
4067 312 1 
4067 313 1 
4067 314 1 
4067 315 1 
4067 316 1 
4067 317 1 
4067 318 1 
4067 319 1 
4067 320 1 
4067 321 1 
4067 321 1 
4067 322 1 
4067 323 1 
4067 324 1 
4067 325 1 
4067 327 1 
4067 328 1 
4067 331 1 
4067 332 1 
4067 334 1 
4067 334 1 
4067 335 1 
4067 335 1 
4067 335 1 
4067 336 1 
4067 337 1 
4067 338 1 
4067 338 1 
4067 339 1 
4067 340 1 
4067 342 1 
4067 350 1 
4067 351 1 
4067 352 1 
4068 24 1 
4068 113 1 
4068 113 1 
4068 113 1 
4068 113 1 
4068 113 1 
4068 113 1 
4068 113 1 
4068 152 1 
4068 154 1 
4068 256 1 
4068 258 1 
4068 264 1 
4068 272 1 
4068 273 1 
4068 275 1 
4068 279 1 
4068 282 1 
4068 283 1 
4068 285 1 
4068 289 1 
4068 291 1 
4068 293 1 
4068 299 1 
4068 304 1 
4068 305 1 
4068 306 1 
4068 307 1 
4068 308 1 
4068 309 1 
4068 310 1 
4068 311 1 
4068 312 1 
4068 313 1 
4068 314 1 
4068 315 1 
4068 316 1 
4068 317 1 
4068 318 1 
4068 319 1 
4068 320 1 
4068 321 1 
4068 322 1 
4068 323 1 
4068 324 1 
4068 325 1 
4068 327 1 
4068 328 1 
4068 331 1 
4068 332 1 
4068 334 1 
4068 335 1 
4068 336 1 
4068 337 1 
4068 338 1 
4068 339 1 
4068 340 1 
4068 342 1 
4068 350 1 
4068 351 1 
4068 352 1 
4069 1 1 
4069 61 1 
4069 113 1 
4070 3 1 
4070 3 1 
4070 4 1 
4070 5 1 
4070 11 1 
4070 13 1 
4070 28 1 
4070 28 1 
4070 103 1 
4070 103 1 
4070 113 1 
4070 113 1 
4070 124 1 
4070 124 1 
4070 231 1 
4070 282 1 
4070 292 1 
4070 299 1 
4070 299 1 
4070 303 1 
4070 306 1 
4070 306 1 
4070 332 1 
4070 332 1 
4070 340 1 
4070 350 1 
4070 350 1 
4070 350 1 
4070 350 1 
4070 350 1 
4070 350 1 
4070 350 1 
4070 350 1 
4070 350 1 
4070 350 1 
4070 354 1 
4071 34 1 
4071 306 1 
4072 124 3 
4073 11 1 
4073 75 1 
4073 75 1 
4073 209 1 
4073 210 1 
4073 254 1 
4074 155 1 
4075 4 1 
4075 5 1 
4075 7 1 
4075 48 1 
4075 55 3 
4075 89 1 
4075 89 1 
4075 113 1 
4075 139 1 
4075 139 1 
4075 350 1 
4075 350 1 
4075 355 1 
4076 8 2 
4076 8 1 
4076 8 1 
4076 8 2 
4076 54 1 
4076 75 1 
4076 108 1 
4076 109 1 
4076 109 1 
4076 109 1 
4076 109 1 
4076 109 1 
4076 109 1 
4076 111 1 
4076 121 1 
4076 121 1 
4076 121 1 
4076 121 1 
4076 128 1 
4076 128 1 
4076 128 1 
4076 128 1 
4076 128 2 
4076 128 1 
4076 128 1 
4076 128 1 
4076 128 1 
4076 128 1 
4076 128 1 
4076 128 1 
4076 128 1 
4076 128 1 
4076 128 1 
4076 128 1 
4076 128 1 
4076 128 1 
4076 128 1 
4076 128 1 
4076 128 1 
4076 128 1 
4076 128 1 
4076 128 1 
4076 128 1 
4076 128 1 
4076 128 1 
4076 128 1 
4076 128 1 
4076 128 1 
4076 128 1 
4076 128 1 
4076 128 1 
4076 128 1 
4076 128 1 
4076 128 1 
4076 128 1 
4076 128 1 
4076 128 1 
4076 128 1 
4076 128 1 
4076 128 1 
4076 128 1 
4076 128 1 
4076 139 1 
4076 166 1 
4076 166 1 
4076 176 1 
4076 176 1 
4076 176 1 
4076 176 1 
4076 176 1 
4076 176 1 
4076 176 1 
4076 176 1 
4076 176 1 
4076 176 1 
4076 176 1 
4076 176 1 
4076 176 1 
4076 176 1 
4076 176 1 
4076 176 1 
4076 176 1 
4076 176 1 
4076 176 1 
4076 176 1 
4076 176 1 
4076 176 1 
4076 176 1 
4076 176 1 
4076 176 1 
4076 176 1 
4076 176 1 
4076 190 1 
4076 244 1 
4076 244 1 
4076 254 1 
4076 254 1 
4076 254 1 
4076 254 1 
4076 254 1 
4076 254 1 
4076 254 1 
4076 254 1 
4076 254 1 
4076 254 1 
4076 254 1 
4076 254 1 
4076 254 1 
4076 254 1 
4076 254 1 
4076 254 1 
4076 254 1 
4076 254 1 
4076 254 1 
4076 279 1 
4076 282 1 
4076 282 1 
4076 282 1 
4076 282 1 
4076 290 1 
4076 327 1 
4076 327 1 
4076 327 1 
4076 327 1 
4076 327 1 
4076 334 1 
4076 334 1 
4076 334 1 
4076 334 1 
4076 334 1 
4076 334 1 
4076 334 1 
4076 334 1 
4076 335 1 
4076 335 1 
4076 335 1 
4076 335 1 
4076 335 1 
4076 336 1 
4076 336 1 
4076 337 1 
4076 337 1 
4076 337 1 
4076 338 1 
4076 338 1 
4077 124 1 
4077 154 1 
4077 170 1 
4077 170 1 
4077 176 1 
4077 285 1 
4077 285 1 
4077 285 3 
4077 285 1 
4077 289 1 
4077 289 1 
4077 336 1 
4077 336 1 
4077 336 1 
4077 350 1 
4077 350 1 
4078 75 2 
4078 128 1 
4078 164 1 
4078 321 1 
4078 322 1 
4078 322 1 
4078 322 1 
4078 322 3 
4078 322 3 
4078 322 1 
4078 322 1 
4078 322 1 
4079 124 1 
4079 124 1 
4079 124 1 
4079 124 1 
4079 124 1 
4080 48 1 
4081 164 1 
4082 336 1 
4082 336 1 
4083 128 1 
4083 331 1 
4083 338 1 
4084 113 1 
4085 170 1 
4086 44 1 
4086 212 1 
4087 124 1 
4087 289 1 
4088 154 1 
4088 154 1 
4088 176 1 
4088 176 1 
4088 176 1 
4089 1 2 
4089 1 2 
4089 1 2 
4089 1 2 
4089 8 1 
4089 10 2 
4089 10 2 
4089 10 2 
4089 10 2 
4089 61 2 
4089 61 2 
4089 61 2 
4089 61 2 
4089 85 2 
4089 85 2 
4089 85 2 
4089 85 2 
4089 86 2 
4089 91 2 
4089 221 1 
4089 310 1 
4089 331 1 
4089 331 1 
4089 331 1 
4089 332 1 
4089 332 1 
4089 332 1 
4089 336 3 
4089 336 1 
4089 336 1 
4089 336 1 
4089 336 1 
4090 170 1 
4091 28 1 
4091 336 1 
4091 355 1 
4091 355 1 
4091 355 1 
4092 113 1 
4092 186 1 
4092 337 1 
4093 124 1 
4094 154 1 
4094 154 1 
4094 176 1 
4094 280 1 
4095 111 1 
4096 1 2 
4096 7 1 
4096 61 2 
4096 83 1 
4096 111 1 
4096 111 1 
4096 111 2 
4096 124 1 
4096 124 1 
4096 124 1 
4096 124 1 
4096 124 1 
4096 124 1 
4096 160 1 
4096 163 1 
4096 163 1 
4096 163 1 
4096 163 1 
4096 163 1 
4096 163 1 
4096 163 1 
4096 163 1 
4096 163 1 
4096 163 1 
4096 163 1 
4096 163 1 
4096 163 1 
4096 163 1 
4096 163 1 
4096 163 1 
4096 166 1 
4096 254 1 
4096 288 1 
4096 288 1 
4096 288 1 
4096 311 3 
4096 311 3 
4096 311 1 
4096 336 1 
4097 38 1 
4097 124 1 
4097 124 1 
4098 113 1 
4098 113 1 
4098 299 1 
4099 107 1 
4099 108 1 
4099 154 1 
4099 154 1 
4100 299 1 
4101 107 1 
4101 108 1 
4101 108 1 
4101 113 1 
4102 7 1 
4102 7 1 
4102 103 1 
4102 103 1 
4102 103 1 
4102 103 1 
4102 113 1 
4102 113 1 
4102 113 1 
4102 113 1 
4102 113 1 
4102 121 1 
4102 124 1 
4102 299 1 
4102 299 1 
4102 299 1 
4102 350 1 
4102 350 1 
4102 350 1 
4102 350 1 
4102 355 1 
4102 355 1 
4102 355 1 
4102 355 1 
4102 355 1 
4102 355 1 
4102 355 1 
4102 355 1 
4102 355 1 
4102 355 1 
4102 355 1 
4103 251 1 
4103 251 1 
4103 251 1 
4103 251 3 
4103 251 1 
4104 22 1 
4104 22 1 
4104 22 1 
4104 22 1 
4104 28 1 
4104 28 1 
4104 28 1 
4104 28 1 
4104 28 1 
4104 83 1 
4104 83 1 
4104 83 1 
4104 108 1 
4104 108 1 
4104 108 1 
4104 109 1 
4104 139 1 
4104 229 1 
4104 229 1 
4104 230 1 
4104 230 1 
4104 243 1 
4105 199 1 
4106 113 1 
4106 113 1 
4106 299 1 
4106 299 1 
4107 8 1 
4107 111 1 
4107 128 1 
4107 128 1 
4107 299 1 
4107 306 1 
4107 342 1 
4107 350 1 
4107 350 1 
4108 19 1 
4108 207 1 
4108 212 1 
4108 212 1 
4108 212 1 
4108 212 1 
4108 212 1 
4108 212 1 
4108 336 1 
4109 299 1 
4110 16 1 
4110 17 1 
4110 19 1 
4110 192 1 
4110 196 1 
4110 207 1 
4110 332 1 
4110 354 1 
