0 105 3 
4111 124 1 
4111 350 1 
4112 218 1 
4112 337 1 
4113 8 1 
4113 8 1 
4113 8 1 
4113 8 2 
4113 8 1 
4113 8 1 
4113 204 1 
4114 279 1 
4115 113 1 
4116 311 1 
4116 311 1 
4117 299 1 
4118 17 1 
4119 8 1 
4119 8 2 
4119 8 1 
4119 8 1 
4119 8 1 
4119 8 2 
4119 21 1 
4119 21 1 
4119 25 1 
4119 25 1 
4119 28 1 
4119 77 1 
4119 95 1 
4119 95 1 
4119 113 1 
4119 113 1 
4119 135 3 
4119 135 1 
4119 139 1 
4119 149 3 
4119 160 1 
4119 166 1 
4119 173 1 
4119 234 1 
4119 237 1 
4119 238 1 
4119 241 1 
4119 312 1 
4119 330 1 
4119 330 1 
4119 333 1 
4119 333 1 
4119 341 1 
4119 341 1 
4119 343 1 
4119 343 1 
4119 345 1 
4119 345 1 
4119 350 1 
4119 350 1 
4119 353 1 
4119 353 1 
4119 354 1 
4119 354 1 
4119 355 1 
4119 355 1 
4119 356 1 
4119 356 1 
4120 9 1 
4120 12 1 
4120 15 1 
4120 21 1 
4120 48 1 
4120 70 2 
4120 70 2 
4120 70 2 
4120 80 1 
4120 82 1 
4120 86 1 
4120 95 1 
4120 96 1 
4120 97 1 
4120 98 1 
4120 100 1 
4120 102 1 
4120 115 1 
4120 117 1 
4120 118 1 
4120 133 1 
4120 136 1 
4120 163 1 
4120 186 1 
4120 191 1 
4120 194 1 
4120 197 1 
4120 202 1 
4120 205 1 
4120 206 1 
4120 209 1 
4120 210 1 
4120 218 1 
4120 219 1 
4120 220 1 
4120 221 1 
4120 222 1 
4120 223 1 
4120 224 1 
4120 225 1 
4120 226 1 
4120 232 1 
4120 233 1 
4120 245 1 
4120 246 1 
4120 247 1 
4120 248 1 
4120 249 1 
4120 250 1 
4120 294 1 
4120 344 1 
4121 7 1 
4122 293 1 
4123 4 1 
4123 4 1 
4123 5 1 
4123 5 1 
4123 7 1 
4123 7 1 
4123 110 2 
4123 110 2 
4123 111 1 
4123 345 1 
4123 345 1 
4124 260 1 
4124 269 1 
4125 124 1 
4125 124 1 
4125 124 1 
4125 124 1 
4125 124 1 
4125 192 1 
4126 299 1 
4127 289 1 
4127 289 1 
4127 289 1 
4127 289 1 
4128 3 1 
4128 3 1 
4128 4 1 
4128 4 1 
4128 4 1 
4128 4 1 
4128 7 1 
4128 7 1 
4128 7 1 
4128 8 1 
4128 8 1 
4128 8 1 
4128 8 1 
4128 8 1 
4128 8 1 
4128 8 1 
4128 8 1 
4128 8 1 
4128 13 1 
4128 14 1 
4128 17 1 
4128 28 1 
4128 28 1 
4128 28 1 
4128 28 1 
4128 28 1 
4128 28 1 
4128 28 1 
4128 28 1 
4128 28 1 
4128 28 1 
4128 28 1 
4128 28 1 
4128 30 1 
4128 30 1 
4128 30 1 
4128 34 1 
4128 44 1 
4128 48 1 
4128 48 1 
4128 48 1 
4128 48 1 
4128 54 1 
4128 83 1 
4128 103 1 
4128 103 1 
4128 103 1 
4128 103 1 
4128 109 1 
4128 109 1 
4128 109 1 
4128 110 2 
4128 111 1 
4128 111 1 
4128 111 1 
4128 111 1 
4128 111 1 
4128 111 1 
4128 111 1 
4128 111 1 
4128 111 1 
4128 111 1 
4128 111 1 
4128 111 1 
4128 111 1 
4128 111 1 
4128 111 1 
4128 111 1 
4128 111 1 
4128 112 1 
4128 113 1 
4128 113 1 
4128 113 1 
4128 113 1 
4128 113 1 
4128 113 1 
4128 113 1 
4128 113 1 
4128 113 1 
4128 113 1 
4128 113 1 
4128 113 1 
4128 113 1 
4128 113 1 
4128 113 1 
4128 113 1 
4128 113 1 
4128 113 1 
4128 113 1 
4128 113 1 
4128 113 1 
4128 113 1 
4128 113 1 
4128 113 1 
4128 113 1 
4128 113 1 
4128 113 1 
4128 113 1 
4128 113 1 
4128 113 1 
4128 121 1 
4128 124 1 
4128 124 1 
4128 124 1 
4128 124 1 
4128 124 1 
4128 124 1 
4128 124 1 
4128 124 1 
4128 128 1 
4128 128 1 
4128 128 1 
4128 128 1 
4128 128 1 
4128 128 1 
4128 128 1 
4128 128 1 
4128 128 1 
4128 128 1 
4128 128 1 
4128 128 1 
4128 128 1 
4128 139 1 
4128 139 1 
4128 160 1 
4128 160 1 
4128 166 1 
4128 166 1 
4128 166 1 
4128 166 1 
4128 173 1 
4128 173 1 
4128 173 1 
4128 173 1 
4128 173 1 
4128 173 1 
4128 173 1 
4128 173 1 
4128 181 1 
4128 189 1 
4128 189 1 
4128 204 1 
4128 217 1 
4128 217 1 
4128 217 1 
4128 217 1 
4128 217 1 
4128 221 1 
4128 221 1 
4128 221 1 
4128 227 1 
4128 227 1 
4128 228 1 
4128 228 1 
4128 231 1 
4128 231 1 
4128 234 1 
4128 234 1 
4128 238 1 
4128 238 1 
4128 242 3 
4128 242 3 
4128 242 1 
4128 243 1 
4128 253 1 
4128 254 1 
4128 259 1 
4128 260 1 
4128 268 3 
4128 268 1 
4128 268 3 
4128 269 1 
4128 270 1 
4128 270 1 
4128 270 1 
4128 270 1 
4128 271 1 
4128 271 3 
4128 279 1 
4128 280 1 
4128 281 1 
4128 281 1 
4128 281 1 
4128 281 1 
4128 281 1 
4128 281 1 
4128 282 1 
4128 282 1 
4128 282 1 
4128 282 1 
4128 282 1 
4128 285 1 
4128 285 1 
4128 287 1 
4128 288 1 
4128 289 1 
4128 290 1 
4128 290 1 
4128 291 1 
4128 292 1 
4128 292 1 
4128 293 1 
4128 293 1 
4128 293 1 
4128 294 2 
4128 294 1 
4128 294 1 
4128 294 3 
4128 294 3 
4128 299 1 
4128 299 1 
4128 299 1 
4128 299 1 
4128 299 1 
4128 299 1 
4128 299 1 
4128 299 1 
4128 305 1 
4128 305 1 
4128 305 1 
4128 305 1 
4128 306 1 
4128 306 1 
4128 307 1 
4128 307 1 
4128 307 1 
4128 307 1 
4128 307 1 
4128 309 1 
4128 311 1 
4128 311 1 
4128 311 1 
4128 312 1 
4128 312 1 
4128 321 1 
4128 321 1 
4128 321 1 
4128 327 1 
4128 331 1 
4128 331 1 
4128 331 1 
4128 332 1 
4128 334 1 
4128 334 1 
4128 335 1 
4128 335 1 
4128 335 1 
4128 335 1 
4128 336 1 
4128 337 1 
4128 337 1 
4128 337 1 
4128 338 1 
4128 338 1 
4128 338 1 
4128 338 1 
4128 338 1 
4128 338 1 
4128 338 1 
4128 338 1 
4128 338 1 
4128 338 1 
4128 338 1 
4128 338 1 
4128 339 1 
4128 342 1 
4128 350 1 
4128 350 1 
4128 350 1 
4128 350 1 
4128 350 1 
4128 351 1 
4128 351 1 
4128 354 1 
4128 354 1 
4128 354 1 
4128 354 1 
4128 355 1 
4128 355 1 
4128 355 1 
4128 355 1 
4129 1 2 
4129 9 2 
4129 10 2 
4129 61 2 
4129 80 2 
4129 85 2 
4129 86 2 
4130 299 1 
4130 354 1 
4131 350 1 
4132 13 1 
4132 113 1 
4132 306 1 
4132 350 1 
4132 354 1 
4132 354 1 
4133 10 1 
4133 10 1 
4133 20 1 
4133 20 1 
4133 85 1 
4133 85 1 
4133 91 1 
4133 91 1 
4133 93 1 
4133 93 1 
4133 110 1 
4133 110 1 
4133 110 1 
4133 110 1 
4133 110 1 
4133 110 1 
4133 110 1 
4133 110 1 
4133 110 1 
4133 110 1 
4133 110 1 
4133 110 1 
4133 124 1 
4133 124 1 
4133 128 2 
4133 208 1 
4133 208 1 
4133 308 1 
4133 308 1 
4133 308 1 
4133 308 1 
4133 335 1 
4133 337 1 
4133 337 1 
4133 338 1 
4134 211 1 
4135 110 2 
4135 299 1 
4135 299 1 
4136 185 1 
4137 338 1 
4138 305 1 
4139 305 1 
4140 17 1 
4140 28 1 
4140 28 1 
4140 28 1 
4140 28 1 
4140 28 1 
4140 28 1 
4140 112 1 
4140 139 1 
4140 139 1 
4140 139 1 
4140 139 1 
4140 166 1 
4140 166 1 
4140 166 1 
4140 166 1 
4140 173 1 
4140 189 1 
4140 243 1 
4140 243 1 
4140 243 1 
4140 243 1 
4140 243 1 
4140 243 3 
4140 243 1 
4140 243 1 
4140 299 1 
4140 354 1 
4140 354 1 
4140 354 1 
4140 354 1 
4140 354 1 
4140 354 1 
4140 354 1 
4141 113 1 
4141 113 1 
4142 231 1 
4143 54 1 
4143 54 1 
4143 124 1 
4143 124 1 
4143 222 1 
4143 299 1 
4143 321 1 
4143 322 1 
4143 322 1 
4143 350 1 
4143 350 1 
4143 350 1 
4143 350 1 
4143 350 1 
4143 350 1 
4143 350 1 
4144 48 1 
4145 155 2 
4145 170 1 
4145 170 1 
4145 189 1 
4145 189 1 
4145 336 1 
4145 336 1 
4145 336 1 
4146 124 1 
4146 124 1 
4146 354 1 
4147 139 1 
4148 1 2 
4148 10 2 
4148 61 2 
4148 85 2 
4148 350 1 
4149 28 1 
4149 83 1 
4149 106 1 
4149 124 1 
4149 124 1 
4149 128 1 
4149 128 1 
4149 128 1 
4149 234 1 
4149 238 1 
4149 255 1 
4149 336 1 
4149 340 1 
4149 340 1 
4149 340 1 
4149 340 1 
4149 340 1 
4150 113 1 
4150 337 1 
4150 350 1 
4151 133 1 
4151 136 1 
4151 338 1 
4152 299 1 
4153 113 1 
4153 113 1 
4154 218 1 
4155 222 1 
4155 222 1 
4155 340 1 
4156 8 2 
4156 8 2 
4156 8 1 
4156 34 1 
4156 34 1 
4156 34 1 
4156 93 2 
4156 93 2 
4156 281 1 
4156 287 1 
4156 287 1 
4156 287 1 
4156 287 1 
4156 287 1 
4156 287 1 
4156 323 3 
4156 340 1 
4157 350 1 
4158 1 2 
4158 16 1 
4158 22 1 
4158 26 3 
4158 28 1 
4158 28 1 
4158 30 1 
4158 30 1 
4158 38 2 
4158 44 1 
4158 61 2 
4158 83 1 
4158 83 1 
4158 86 2 
4158 91 2 
4158 91 2 
4158 111 1 
4158 121 1 
4158 133 1 
4158 136 1 
4158 139 1 
4158 166 1 
4158 189 1 
4158 279 1 
4158 289 1 
4158 289 3 
4158 289 3 
4158 289 1 
4158 289 1 
4158 289 1 
4158 289 1 
4158 289 1 
4158 289 1 
4158 289 1 
4158 289 1 
4158 289 1 
4158 289 1 
4158 289 1 
4158 299 1 
4158 299 1 
4158 299 1 
4158 305 1 
4158 316 3 
4158 331 1 
4158 350 1 
4158 350 1 
4159 299 1 
4160 128 1 
4160 328 3 
4160 328 1 
4160 328 1 
4160 328 1 
4160 328 3 
4161 121 1 
4161 210 1 
4161 221 1 
4161 221 1 
4161 247 2 
4161 247 3 
4161 261 1 
4161 299 1 
4161 299 1 
4161 299 1 
4161 299 1 
4161 299 1 
4161 306 1 
4161 308 1 
4161 312 1 
4161 340 1 
4161 340 1 
4162 128 2 
4162 128 2 
4162 128 2 
4162 128 2 
4162 128 2 
4162 128 2 
4162 128 2 
4162 128 2 
4162 128 2 
4162 128 2 
4162 128 2 
4162 128 2 
4162 128 2 
4162 128 2 
4162 128 2 
4162 128 2 
4162 128 2 
4162 128 2 
4163 113 1 
4163 113 1 
4163 340 1 
4164 17 1 
4164 147 3 
4164 236 3 
4164 236 1 
4164 332 1 
4164 332 1 
4165 44 1 
4165 124 1 
4165 124 1 
4166 113 1 
4166 128 1 
4167 58 1 
4167 113 1 
4168 350 1 
4169 336 1 
4170 28 1 
4170 113 1 
4170 113 1 
4170 113 1 
4171 228 1 
4172 354 1 
4172 354 1 
4172 355 1 
4173 16 1 
4173 16 1 
4174 307 1 
4175 25 1 
4175 341 1 
4175 354 1 
4175 355 1 
4176 58 1 
4176 225 3 
4176 225 3 
4176 225 2 
4177 1 2 
4177 4 1 
4177 5 1 
4177 10 2 
4177 25 1 
4177 54 1 
4177 54 1 
4177 54 1 
4177 54 1 
4177 54 1 
4177 61 2 
4177 85 2 
4177 111 1 
4177 113 1 
4177 113 1 
4177 113 1 
4177 113 1 
4177 113 1 
4177 124 1 
4177 124 1 
4177 124 1 
4177 124 1 
4177 124 1 
4177 124 1 
4177 124 1 
4177 124 1 
4177 124 1 
4177 124 1 
4177 124 1 
4177 124 1 
4177 128 1 
4177 128 1 
4177 128 1 
4177 160 1 
4177 217 1 
4177 228 1 
4177 299 1 
4177 299 1 
4177 306 1 
4177 330 1 
4177 333 1 
4177 336 1 
4177 339 1 
4177 340 1 
4177 340 1 
4177 341 1 
4177 343 1 
4177 345 1 
4177 350 1 
4177 350 1 
4177 350 1 
4177 350 1 
4177 350 1 
4177 350 1 
4177 353 1 
4177 354 1 
4177 355 1 
4177 356 1 
4178 108 1 
4178 299 1 
4179 3 1 
4179 4 1 
4179 4 1 
4179 4 1 
4179 4 1 
4179 7 1 
4179 8 1 
4179 8 1 
4179 8 1 
4179 8 1 
4179 8 1 
4179 8 1 
4179 8 1 
4179 8 1 
4179 8 1 
4179 8 1 
4179 8 1 
4179 8 1 
4179 8 1 
4179 8 1 
4179 12 1 
4179 12 1 
4179 14 1 
4179 22 1 
4179 28 1 
4179 83 1 
4179 103 1 
4179 107 1 
4179 107 1 
4179 107 1 
4179 108 1 
4179 108 1 
4179 108 1 
4179 108 1 
4179 109 1 
4179 109 1 
4179 110 2 
4179 113 1 
4179 113 1 
4179 113 2 
4179 113 1 
4179 113 1 
4179 113 1 
4179 113 1 
4179 121 1 
4179 124 1 
4179 124 1 
4179 128 1 
4179 128 1 
4179 128 1 
4179 128 1 
4179 128 1 
4179 128 1 
4179 128 1 
4179 128 1 
4179 128 1 
4179 128 1 
4179 128 1 
4179 128 1 
4179 128 1 
4179 128 1 
4179 128 1 
4179 128 1 
4179 128 1 
4179 128 1 
4179 128 1 
4179 128 1 
4179 128 1 
4179 128 1 
4179 128 1 
4179 128 1 
4179 128 1 
4179 128 1 
4179 128 1 
4179 128 1 
4179 128 1 
4179 128 2 
4179 128 1 
4179 128 1 
4179 128 2 
4179 128 1 
4179 128 1 
4179 128 1 
4179 128 1 
4179 128 1 
4179 128 1 
4179 128 1 
4179 139 1 
4179 166 1 
4179 180 1 
4179 218 1 
4179 218 1 
4179 219 1 
4179 219 1 
4179 219 1 
4179 228 1 
4179 228 1 
4179 231 1 
4179 260 1 
4179 269 1 
4179 279 1 
4179 281 1 
4179 288 1 
4179 289 1 
4179 298 1 
4179 305 1 
4179 334 1 
4179 334 1 
4179 334 1 
4179 334 1 
4179 334 1 
4179 334 1 
4179 335 1 
4179 335 1 
4179 335 1 
4179 335 1 
4179 335 1 
4179 337 1 
4179 337 1 
4179 337 1 
4179 337 1 
4179 338 1 
4179 338 1 
4179 338 1 
4179 340 1 
4179 342 1 
4179 342 1 
4179 342 1 
4179 350 1 
4179 350 1 
4179 350 1 
4179 354 1 
4180 124 1 
4180 222 1 
4180 222 1 
4181 212 1 
4181 212 1 
4181 212 1 
4182 1 1 
4182 1 2 
4182 5 1 
4182 10 2 
4182 24 1 
4182 61 2 
4182 61 1 
4182 77 1 
4182 85 2 
4182 91 1 
4182 124 1 
4182 124 1 
4182 155 1 
4182 254 1 
4182 256 1 
4182 258 1 
4182 264 1 
4182 272 1 
4182 273 1 
4182 275 1 
4182 279 1 
4182 282 1 
4182 283 1 
4182 285 1 
4182 289 1 
4182 291 1 
4182 293 1 
4182 299 1 
4182 304 1 
4182 305 1 
4182 306 1 
4182 307 1 
4182 308 1 
4182 309 1 
4182 310 1 
4182 311 1 
4182 312 1 
4182 313 1 
4182 314 1 
4182 315 1 
4182 316 1 
4182 317 1 
4182 318 1 
4182 319 1 
4182 320 1 
4182 321 1 
4182 322 1 
4182 323 1 
4182 324 1 
4182 325 1 
4182 327 1 
4182 328 1 
4182 331 1 
4182 332 1 
4182 334 1 
4182 335 1 
4182 336 1 
4182 337 1 
4182 338 1 
4182 339 1 
4182 340 1 
4182 342 1 
4182 350 1 
4182 351 1 
4182 352 1 
4183 28 1 
4183 113 1 
4183 113 1 
4184 176 1 
4184 176 1 
4184 176 1 
4184 176 1 
4185 113 1 
4185 350 1 
4186 299 1 
4187 8 1 
4187 8 1 
4187 8 1 
4187 8 1 
4187 8 2 
4187 8 1 
4187 8 1 
4187 8 1 
4187 8 1 
4187 8 1 
4187 8 2 
4187 16 1 
4187 16 1 
4187 16 1 
4187 16 1 
4187 16 1 
4187 16 1 
4187 16 1 
4187 16 1 
4187 24 1 
4187 28 1 
4187 28 1 
4187 30 1 
4187 77 2 
4187 77 2 
4187 83 1 
4187 108 1 
4187 108 1 
4187 111 1 
4187 155 2 
4187 164 1 
4187 212 1 
4187 212 1 
4187 217 1 
4187 234 1 
4187 238 1 
4187 254 1 
4187 256 1 
4187 299 1 
4187 336 1 
4187 336 1 
4187 336 1 
4187 349 3 
4187 354 1 
4187 354 1 
4187 354 1 
4187 354 1 
4187 354 3 
4187 354 1 
4187 354 3 
4187 354 1 
4187 354 1 
4187 354 1 
4187 354 1 
4187 354 1 
4187 354 1 
4187 354 1 
4187 354 1 
4187 354 1 
4187 354 1 
4187 354 1 
4187 354 1 
4187 354 1 
4188 93 2 
4189 188 1 
4190 7 1 
4190 14 1 
4190 16 1 
4190 17 1 
4190 19 1 
4190 25 1 
4190 34 1 
4190 75 1 
4190 83 1 
4190 99 1 
4190 104 1 
4190 106 1 
4190 107 1 
4190 108 1 
4190 109 1 
4190 111 1 
4190 112 1 
4190 113 1 
4190 114 1 
4190 116 1 
4190 119 1 
4190 120 1 
4190 121 1 
4190 122 1 
4190 123 1 
4190 125 1 
4190 126 1 
4190 127 1 
4190 128 1 
4190 129 1 
4190 130 1 
4190 131 1 
4190 132 1 
4190 134 1 
4190 135 1 
4190 138 1 
4190 140 1 
4190 141 1 
4190 142 1 
4190 143 1 
4190 144 1 
4190 145 1 
4190 146 1 
4190 147 1 
4190 148 1 
4190 149 1 
4190 150 1 
4190 151 1 
4190 156 1 
4190 158 1 
4190 159 1 
4190 162 1 
4190 165 1 
4190 167 1 
4190 168 1 
4190 174 1 
4190 175 1 
4190 177 1 
4190 192 1 
4190 195 1 
4190 196 1 
4190 207 1 
4190 211 1 
4190 212 1 
4190 239 1 
4190 270 1 
4190 277 1 
4190 296 1 
4190 299 1 
4190 301 1 
4190 330 1 
4190 333 1 
4190 340 1 
4190 341 1 
4190 343 1 
4190 345 1 
4190 347 1 
4190 349 1 
4190 350 1 
4190 353 1 
4190 354 1 
4190 355 1 
4190 356 1 
4191 336 1 
4191 336 1 
4191 355 1 
4192 25 1 
4192 341 1 
4192 354 1 
4192 355 1 
4193 228 1 
4193 228 1 
4194 19 1 
4194 19 3 
4194 19 1 
4195 227 1 
4196 106 1 
4196 111 2 
4196 170 1 
4196 336 1 
4196 336 1 
4197 337 1 
4198 113 1 
4199 192 1 
4200 336 1 
4201 83 1 
4201 121 1 
4201 121 1 
4201 155 1 
4201 155 1 
4201 166 1 
4201 170 1 
4201 189 1 
4201 212 1 
4201 217 1 
4201 267 3 
4201 299 1 
4201 302 1 
4201 336 1 
4201 336 1 
4201 336 1 
4201 336 1 
4201 336 1 
4201 336 1 
4201 336 1 
4202 299 1 
4203 207 1 
4203 207 1 
4204 44 1 
4205 25 1 
4205 330 1 
4205 333 1 
4205 341 1 
4205 343 1 
4205 345 1 
4205 353 1 
4205 354 1 
4205 355 1 
4205 356 1 
4206 350 1 
4207 1 2 
4207 30 1 
4207 30 1 
4207 30 1 
4207 41 3 
4207 41 3 
4207 41 3 
4207 41 1 
4207 41 1 
4207 54 1 
4207 61 2 
4207 70 1 
4207 111 1 
4207 111 1 
4207 209 1 
4207 221 1 
4207 222 1 
4207 271 1 
4207 271 1 
4207 280 1 
4207 285 1 
4207 312 1 
4208 340 1 
4209 113 1 
4209 113 1 
4210 299 1 
4211 113 1 
4212 196 1 
4213 124 1 
4213 124 1 
4213 124 1 
4213 350 1 
4214 7 1 
4214 7 1 
4214 28 1 
4214 28 1 
4214 28 1 
4214 44 1 
4214 54 1 
4214 103 1 
4214 103 1 
4214 113 1 
4214 113 1 
4214 113 1 
4214 113 1 
4214 113 1 
4214 113 1 
4214 113 1 
4214 113 1 
4214 113 1 
4214 113 1 
4214 124 1 
4214 124 1 
4214 124 1 
4214 124 1 
4214 124 1 
4214 124 1 
4214 124 1 
4214 124 1 
4214 173 1 
4214 217 1 
4214 228 1 
4214 244 1 
4214 283 1 
4214 285 1 
4214 285 1 
4214 285 1 
4214 285 1 
4214 290 1 
4214 290 1 
4214 299 1 
4214 299 1 
4214 299 1 
4214 299 1 
4214 299 1 
4214 299 1 
4214 299 1 
4214 299 1 
4214 299 1 
4214 305 1 
4214 306 1 
4214 306 1 
4214 306 1 
4214 306 1 
4214 350 1 
4214 350 1 
4214 350 1 
4214 350 1 
4214 350 1 
4214 350 1 
4214 350 1 
4214 350 1 
4214 350 1 
4214 350 1 
4214 350 1 
4214 350 1 
4214 350 1 
4214 354 1 
4214 354 1 
4214 354 1 
4214 354 1 
4214 354 1 
4214 354 1 
4214 354 1 
4214 354 1 
4214 354 1 
4214 354 1 
4215 228 1 
4215 228 1 
4215 228 1 
4215 228 3 
4215 228 1 
4215 228 1 
4215 228 1 
4215 228 1 
4215 228 1 
4215 228 1 
4215 228 1 
4215 320 3 
4215 325 3 
4216 124 1 
4216 160 1 
4216 160 1 
4216 160 2 
4216 160 1 
4216 160 1 
4216 160 1 
4216 306 1 
4216 306 1 
4216 306 1 
4216 306 1 
4217 5 1 
4217 5 1 
4217 5 1 
4217 5 1 
4217 17 1 
4217 83 1 
4217 113 1 
4217 124 1 
4217 124 1 
4217 124 1 
4217 124 1 
4217 124 1 
4217 124 1 
4217 124 1 
4217 124 1 
4217 124 1 
4217 299 3 
4217 299 3 
4217 299 1 
4217 299 1 
4217 306 1 
4217 306 1 
4217 306 1 
4217 350 1 
4217 350 1 
4217 350 1 
4217 350 1 
4217 350 1 
4217 350 1 
4217 350 1 
4217 350 1 
4218 7 1 
4218 28 1 
4218 28 1 
4218 299 1 
4218 335 1 
4219 350 1 
4220 355 1 
4221 5 1 
4221 210 1 
4221 212 1 
4221 212 1 
4221 261 1 
4222 299 1 
4222 354 1 
4223 24 1 
4223 121 1 
4223 121 1 
4223 128 1 
4223 256 1 
4223 257 1 
4223 257 3 
4223 259 3 
4223 259 1 
4223 261 3 
4223 261 1 
4223 263 3 
4223 263 1 
4223 265 3 
4223 265 1 
4223 266 3 
4223 280 1 
4223 280 3 
4223 299 1 
4223 306 1 
4223 306 1 
4223 354 1 
4224 17 1 
4225 48 1 
4226 128 1 
4227 354 1 
4227 354 1 
4228 307 1 
4228 350 1 
4229 113 1 
4229 113 1 
4229 113 1 
4229 113 1 
4229 113 1 
4229 113 1 
4229 260 1 
4229 269 1 
4229 291 1 
4229 299 1 
4229 305 1 
4229 305 1 
4229 306 1 
4229 340 1 
4229 340 1 
4229 340 1 
4229 340 1 
4229 354 1 
4230 7 1 
4230 7 1 
4230 7 1 
4230 28 1 
4230 28 1 
4230 28 1 
4230 28 1 
4230 83 1 
4230 83 1 
4230 124 1 
4230 212 1 
4230 212 1 
4230 212 2 
4230 219 1 
4230 219 1 
4230 244 1 
4230 289 1 
4230 289 1 
4230 313 1 
4230 354 1 
4230 354 1 
4230 354 1 
4230 354 1 
4230 354 1 
4231 1 2 
4231 9 2 
4231 10 2 
4231 61 2 
4231 80 2 
4231 85 2 
4231 86 2 
4232 28 1 
4232 48 1 
4232 83 1 
4232 113 1 
4232 124 1 
4232 139 1 
4232 173 1 
4232 173 1 
4232 350 1 
4232 354 1 
4232 354 1 
4232 355 1 
4233 170 1 
4233 350 1 
4234 332 1 
4235 105 1 
4235 185 1 
4236 113 1 
4236 160 1 
4237 128 1 
4238 299 1 
4239 124 1 
4239 299 1 
4239 299 1 
4240 336 1 
4241 335 1 
4242 124 1 
4242 254 1 
4242 299 1 
4242 331 1 
4243 24 1 
4243 113 1 
4243 113 1 
4243 113 1 
4243 113 1 
4243 256 1 
4243 258 1 
4243 264 1 
4243 272 1 
4243 273 1 
4243 275 1 
4243 279 1 
4243 282 1 
4243 283 1 
4243 285 1 
4243 289 1 
4243 291 1 
4243 293 1 
4243 299 1 
4243 299 1 
4243 299 1 
4243 304 1 
4243 305 1 
4243 305 1 
4243 306 1 
4243 307 1 
4243 308 1 
4243 309 1 
4243 310 1 
4243 311 1 
4243 312 1 
4243 313 1 
4243 314 1 
4243 315 1 
4243 316 1 
4243 317 1 
4243 318 1 
4243 319 1 
4243 320 1 
4243 321 1 
4243 322 1 
4243 323 1 
4243 324 1 
4243 325 1 
4243 327 1 
4243 328 1 
4243 331 1 
4243 332 1 
4243 334 1 
4243 335 1 
4243 336 1 
4243 337 1 
4243 338 1 
4243 339 1 
4243 340 1 
4243 340 1 
4243 340 1 
4243 342 1 
4243 350 1 
4243 351 1 
4243 352 1 
4244 17 1 
4244 34 1 
4245 8 1 
4246 8 2 
4246 8 1 
4246 8 1 
4246 8 1 
4246 8 1 
4246 108 1 
4246 113 1 
4246 113 1 
4246 299 1 
4246 299 1 
4246 321 1 
4247 113 1 
4248 113 1 
4248 350 1 
4249 25 1 
4249 341 1 
4250 299 1 
4250 299 1 
4250 299 1 
4251 1 3 
4251 1 2 
4251 1 2 
4251 1 2 
4251 1 2 
4251 1 2 
4251 1 2 
4251 1 2 
4251 1 2 
4251 1 2 
4251 3 1 
4251 3 1 
4251 3 1 
4251 3 1 
4251 3 1 
4251 3 1 
4251 3 1 
4251 3 1 
4251 3 1 
4251 3 1 
4251 3 1 
4251 3 1 
4251 3 1 
4251 3 1 
4251 3 1 
4251 3 1 
4251 3 1 
4251 3 1 
4251 3 1 
4251 3 1 
4251 3 1 
4251 3 1 
4251 3 1 
4251 3 1 
4251 3 1 
4251 3 1 
4251 3 1 
4251 3 1 
4251 3 1 
4251 3 1 
4251 3 1 
4251 3 1 
4251 3 1 
4251 3 1 
4251 3 1 
4251 3 1 
4251 3 1 
4251 3 1 
4251 3 1 
4251 4 1 
4251 4 1 
4251 4 1 
4251 4 1 
4251 4 1 
4251 4 1 
4251 4 1 
4251 4 1 
4251 4 1 
4251 4 1 
4251 4 1 
4251 4 1 
4251 4 1 
4251 4 1 
4251 4 1 
4251 4 1 
4251 4 1 
4251 4 1 
4251 4 1 
4251 4 1 
4251 4 1 
4251 4 1 
4251 4 1 
4251 4 1 
4251 4 1 
4251 4 1 
4251 4 1 
4251 4 1 
4251 4 1 
4251 4 1 
4251 4 1 
4251 4 1 
4251 4 1 
4251 4 1 
4251 4 1 
4251 4 1 
4251 4 1 
4251 4 1 
4251 4 1 
4251 4 1 
4251 4 1 
4251 4 1 
4251 4 1 
4251 5 1 
4251 5 1 
4251 5 1 
4251 5 1 
4251 5 1 
4251 5 1 
4251 5 1 
4251 5 1 
4251 5 1 
4251 5 1 
4251 5 1 
4251 5 1 
4251 5 1 
4251 5 1 
4251 5 1 
4251 5 1 
4251 5 1 
4251 5 1 
4251 5 1 
4251 5 1 
4251 5 1 
4251 5 1 
4251 5 1 
4251 5 1 
4251 5 1 
4251 5 1 
4251 5 1 
4251 5 1 
4251 5 1 
4251 5 1 
4251 5 1 
4251 5 1 
4251 5 1 
4251 5 1 
4251 5 1 
4251 5 1 
4251 5 1 
4251 5 1 
4251 5 1 
4251 5 1 
4251 7 1 
4251 7 1 
4251 7 1 
4251 7 1 
4251 7 1 
4251 7 1 
4251 7 1 
4251 7 1 
4251 7 1 
4251 7 1 
4251 7 1 
4251 7 1 
4251 7 1 
4251 7 1 
4251 7 1 
4251 7 1 
4251 7 1 
4251 7 1 
4251 7 1 
4251 7 1 
4251 7 1 
4251 7 1 
4251 7 1 
4251 7 1 
4251 7 1 
4251 7 1 
4251 7 1 
4251 7 1 
4251 7 1 
4251 7 1 
4251 7 1 
4251 7 1 
4251 7 1 
4251 7 1 
4251 7 1 
4251 7 1 
4251 7 1 
4251 7 1 
4251 7 1 
4251 7 1 
4251 7 1 
4251 7 1 
4251 7 1 
4251 7 1 
4251 7 1 
4251 7 1 
4251 7 1 
4251 7 1 
4251 7 1 
4251 7 1 
4251 7 1 
4251 7 1 
4251 7 1 
4251 7 1 
4251 8 1 
4251 8 1 
4251 8 1 
4251 8 1 
4251 8 1 
4251 8 1 
4251 8 2 
4251 8 1 
4251 8 1 
4251 8 2 
4251 8 2 
4251 8 1 
4251 8 2 
4251 8 1 
4251 8 1 
4251 8 1 
4251 8 1 
4251 8 1 
4251 8 1 
4251 8 2 
4251 8 2 
4251 8 2 
4251 8 1 
4251 8 1 
4251 8 2 
4251 8 2 
4251 8 1 
4251 8 1 
4251 8 2 
4251 8 1 
4251 8 2 
4251 8 1 
4251 8 2 
4251 8 2 
4251 8 2 
4251 8 1 
4251 8 1 
4251 8 1 
4251 8 1 
4251 8 1 
4251 8 1 
4251 8 1 
4251 8 1 
4251 8 1 
4251 8 1 
4251 8 1 
4251 8 1 
4251 8 1 
4251 8 1 
4251 8 1 
4251 8 1 
4251 8 1 
4251 8 1 
4251 8 1 
4251 8 1 
4251 8 1 
4251 8 1 
4251 8 1 
4251 8 1 
4251 8 1 
4251 8 1 
4251 8 1 
4251 8 1 
4251 8 1 
4251 8 1 
4251 8 1 
4251 8 1 
4251 8 1 
4251 8 1 
4251 8 1 
4251 9 2 
4251 9 2 
4251 10 2 
4251 10 2 
4251 10 2 
4251 11 1 
4251 12 1 
4251 12 2 
4251 12 3 
4251 12 3 
4251 12 1 
4251 12 1 
4251 12 1 
4251 13 1 
4251 13 1 
4251 13 1 
4251 13 1 
4251 13 1 
4251 13 1 
4251 13 1 
4251 13 1 
4251 13 1 
4251 13 1 
4251 13 1 
4251 13 1 
4251 13 1 
4251 13 1 
4251 15 1 
4251 15 1 
4251 15 1 
4251 15 1 
4251 15 1 
4251 15 1 
4251 16 1 
4251 16 1 
4251 16 1 
4251 16 1 
4251 17 3 
4251 17 1 
4251 17 1 
4251 17 1 
4251 17 1 
4251 17 1 
4251 17 1 
4251 17 1 
4251 18 1 
4251 18 1 
4251 18 3 
4251 18 1 
4251 19 1 
4251 19 1 
4251 21 1 
4251 21 1 
4251 21 1 
4251 21 1 
4251 21 1 
4251 21 1 
4251 21 1 
4251 21 1 
4251 22 1 
4251 28 1 
4251 28 1 
4251 28 1 
4251 28 1 
4251 28 1 
4251 28 1 
4251 28 1 
4251 28 1 
4251 28 1 
4251 28 1 
4251 28 1 
4251 28 1 
4251 28 1 
4251 28 1 
4251 28 1 
4251 28 1 
4251 28 1 
4251 28 1 
4251 28 1 
4251 28 1 
4251 28 1 
4251 28 1 
4251 28 1 
4251 28 1 
4251 28 1 
4251 28 1 
4251 28 1 
4251 28 1 
4251 28 1 
4251 28 1 
4251 28 1 
4251 28 1 
4251 28 1 
4251 28 1 
4251 28 1 
4251 28 1 
4251 28 1 
4251 28 1 
4251 28 1 
4251 28 1 
4251 28 1 
4251 28 1 
4251 28 1 
4251 28 1 
4251 28 1 
4251 28 1 
4251 28 1 
4251 28 1 
4251 28 1 
4251 28 1 
4251 28 1 
4251 28 1 
4251 28 1 
4251 28 1 
4251 32 1 
4251 32 1 
4251 32 1 
4251 32 1 
4251 34 1 
4251 34 1 
4251 34 1 
4251 34 1 
4251 34 1 
4251 34 1 
4251 34 1 
4251 34 1 
4251 34 1 
4251 34 1 
4251 35 1 
4251 44 1 
4251 44 1 
4251 44 1 
4251 44 1 
4251 44 1 
4251 44 1 
4251 44 1 
4251 44 1 
4251 44 1 
4251 44 1 
4251 48 1 
4251 48 1 
4251 48 1 
4251 48 1 
4251 48 1 
4251 48 1 
4251 48 1 
4251 48 1 
4251 48 1 
4251 54 1 
4251 54 1 
4251 54 1 
4251 54 1 
4251 54 1 
4251 54 1 
4251 54 1 
4251 54 1 
4251 59 1 
4251 61 2 
4251 61 2 
4251 61 2 
4251 61 2 
4251 61 2 
4251 61 2 
4251 61 2 
4251 61 3 
4251 61 2 
4251 61 2 
4251 66 1 
4251 75 1 
4251 75 1 
4251 80 2 
4251 80 2 
4251 82 1 
4251 83 1 
4251 83 1 
4251 83 1 
4251 83 1 
4251 83 1 
4251 83 1 
4251 83 1 
4251 83 1 
4251 83 1 
4251 83 1 
4251 83 1 
4251 83 1 
4251 83 1 
4251 83 1 
4251 83 1 
4251 83 1 
4251 83 1 
4251 83 1 
4251 83 1 
4251 83 1 
4251 85 2 
4251 85 2 
4251 85 2 
4251 86 2 
4251 86 2 
4251 86 2 
4251 91 2 
4251 91 2 
4251 91 2 
4251 91 2 
4251 91 2 
4251 91 2 
4251 91 2 
4251 91 2 
4251 93 2 
4251 93 2 
4251 93 2 
4251 93 2 
4251 93 2 
4251 93 2 
4251 93 2 
4251 93 2 
4251 93 2 
4251 94 1 
4251 94 3 
4251 95 1 
4251 95 1 
4251 95 1 
4251 95 1 
4251 95 1 
4251 95 1 
4251 95 1 
4251 95 1 
4251 96 1 
4251 96 1 
4251 96 1 
4251 98 1 
4251 98 1 
4251 98 1 
4251 98 1 
4251 99 1 
4251 100 1 
4251 100 1 
4251 100 1 
4251 102 1 
4251 102 1 
4251 102 1 
4251 103 1 
4251 103 1 
4251 103 1 
4251 103 1 
4251 103 1 
4251 103 1 
4251 103 1 
4251 103 1 
4251 103 1 
4251 103 1 
4251 103 1 
4251 103 1 
4251 103 1 
4251 103 1 
4251 103 1 
4251 103 1 
4251 103 1 
4251 103 1 
4251 103 1 
4251 103 1 
4251 103 1 
4251 103 1 
4251 103 1 
4251 103 1 
4251 103 1 
4251 103 1 
4251 103 1 
4251 103 1 
4251 103 1 
4251 103 1 
4251 103 1 
4251 103 1 
4251 103 1 
4251 103 1 
4251 103 1 
4251 103 1 
4251 103 1 
4251 103 1 
4251 103 1 
4251 103 1 
4251 103 1 
4251 103 1 
4251 103 1 
4251 103 1 
4251 103 1 
4251 103 1 
4251 103 1 
4251 103 1 
4251 103 1 
4251 103 1 
4251 103 1 
4251 103 1 
4251 107 1 
4251 107 1 
4251 107 1 
4251 107 1 
4251 107 1 
4251 107 2 
4251 107 1 
4251 107 1 
4251 107 1 
4251 107 1 
4251 107 1 
4251 108 1 
4251 108 1 
4251 108 1 
4251 108 1 
4251 108 1 
4251 108 1 
4251 108 1 
4251 108 1 
4251 108 1 
4251 108 1 
4251 109 1 
4251 109 1 
4251 109 1 
4251 109 1 
4251 109 1 
4251 111 1 
4251 111 1 
4251 111 1 
4251 111 1 
4251 111 1 
4251 111 1 
4251 111 1 
4251 111 1 
4251 111 1 
4251 111 1 
4251 111 1 
4251 111 1 
4251 111 1 
4251 111 1 
4251 111 1 
4251 111 1 
4251 111 1 
4251 111 1 
4251 111 1 
4251 111 1 
4251 111 1 
4251 111 1 
4251 111 1 
4251 111 1 
4251 111 1 
4251 111 1 
4251 111 1 
4251 111 1 
4251 111 1 
4251 111 1 
4251 111 1 
4251 111 1 
4251 111 1 
4251 111 1 
4251 111 1 
4251 111 1 
4251 111 1 
4251 111 1 
4251 111 1 
4251 111 1 
4251 111 1 
4251 111 1 
4251 111 1 
4251 111 1 
4251 111 1 
4251 111 1 
4251 111 1 
4251 111 1 
4251 111 1 
4251 111 1 
4251 111 1 
4251 111 1 
4251 111 1 
4251 111 1 
4251 111 1 
4251 111 1 
4251 111 1 
4251 111 1 
4251 111 1 
4251 111 1 
4251 112 1 
4251 112 1 
4251 113 1 
4251 113 1 
4251 113 1 
4251 113 1 
4251 113 1 
4251 113 1 
4251 113 1 
4251 113 1 
4251 113 1 
4251 113 1 
4251 113 1 
4251 113 1 
4251 113 1 
4251 113 1 
4251 113 1 
4251 113 1 
4251 113 1 
4251 113 1 
4251 113 1 
4251 113 1 
4251 113 1 
4251 113 1 
4251 113 1 
4251 113 1 
4251 113 1 
4251 113 1 
4251 113 1 
4251 113 1 
4251 113 1 
4251 113 1 
4251 113 1 
4251 113 1 
4251 113 1 
4251 113 1 
4251 113 1 
4251 113 1 
4251 113 1 
4251 113 1 
4251 113 1 
4251 113 1 
4251 113 1 
4251 113 1 
4251 113 1 
4251 113 1 
4251 113 1 
4251 113 1 
4251 113 1 
4251 113 1 
4251 113 1 
4251 113 1 
4251 113 1 
4251 113 1 
4251 113 1 
4251 113 1 
4251 113 1 
4251 113 1 
4251 113 1 
4251 113 1 
4251 113 1 
4251 113 1 
4251 113 1 
4251 113 1 
4251 113 1 
4251 113 1 
4251 113 1 
4251 113 1 
4251 113 1 
4251 113 1 
4251 113 1 
4251 113 1 
4251 113 1 
4251 113 1 
4251 113 1 
4251 113 1 
4251 113 1 
4251 113 1 
4251 113 1 
4251 113 1 
4251 113 1 
4251 113 1 
4251 113 1 
4251 113 1 
4251 113 1 
4251 113 1 
4251 113 1 
4251 113 1 
4251 113 1 
4251 113 1 
4251 113 1 
4251 113 1 
4251 113 1 
4251 113 1 
4251 113 1 
4251 113 1 
4251 113 1 
4251 113 1 
4251 113 1 
4251 113 1 
4251 113 1 
4251 113 1 
4251 113 1 
4251 113 1 
4251 113 1 
4251 113 1 
4251 113 1 
4251 113 1 
4251 113 1 
4251 113 1 
4251 113 1 
4251 113 1 
4251 113 1 
4251 113 1 
4251 113 1 
4251 113 2 
4251 113 1 
4251 113 1 
4251 113 1 
4251 113 1 
4251 113 1 
4251 113 1 
4251 113 1 
4251 113 1 
4251 113 1 
4251 113 1 
4251 113 1 
4251 113 1 
4251 113 1 
4251 113 1 
4251 113 1 
4251 113 1 
4251 113 1 
4251 113 1 
4251 113 1 
4251 113 1 
4251 113 1 
4251 113 1 
4251 113 1 
4251 113 1 
4251 113 1 
4251 113 1 
4251 113 1 
4251 113 1 
4251 113 1 
4251 113 1 
4251 113 1 
4251 113 1 
4251 113 1 
4251 113 1 
4251 113 1 
4251 113 1 
4251 113 1 
4251 113 1 
4251 113 1 
4251 113 1 
4251 113 1 
4251 113 1 
4251 113 1 
4251 113 1 
4251 113 1 
4251 113 1 
4251 113 1 
4251 113 1 
4251 113 1 
4251 113 1 
4251 113 1 
4251 113 1 
4251 113 1 
4251 113 1 
4251 113 1 
4251 113 1 
4251 113 1 
4251 113 1 
4251 113 1 
4251 113 1 
4251 113 1 
4251 113 1 
4251 113 1 
4251 113 1 
4251 113 1 
4251 113 1 
4251 113 1 
4251 113 1 
4251 113 1 
4251 113 1 
4251 113 1 
4251 113 1 
4251 113 1 
4251 113 1 
4251 113 1 
4251 113 1 
4251 113 1 
4251 113 1 
4251 113 1 
4251 113 1 
4251 113 1 
4251 113 1 
4251 113 1 
4251 113 1 
4251 113 1 
4251 113 1 
4251 113 1 
4251 113 1 
4251 113 2 
4251 113 1 
4251 113 1 
4251 113 1 
4251 113 1 
4251 113 1 
4251 113 1 
4251 113 1 
4251 113 1 
4251 113 1 
4251 113 1 
4251 113 1 
4251 113 1 
4251 113 1 
4251 113 1 
4251 113 1 
4251 113 1 
4251 113 1 
4251 113 1 
4251 113 1 
4251 113 1 
4251 113 1 
4251 113 1 
4251 113 1 
4251 113 1 
4251 113 1 
4251 113 1 
4251 113 1 
4251 113 1 
4251 113 1 
4251 113 1 
4251 113 1 
4251 113 1 
4251 113 1 
4251 113 1 
4251 113 1 
4251 113 1 
4251 113 1 
4251 113 1 
4251 113 1 
4251 113 1 
4251 113 1 
4251 113 1 
4251 113 1 
4251 113 1 
4251 113 1 
4251 113 1 
4251 113 1 
4251 113 1 
4251 113 1 
4251 113 1 
4251 113 1 
4251 113 1 
4251 113 1 
4251 113 1 
4251 113 1 
4251 113 1 
4251 113 1 
4251 113 1 
4251 113 1 
4251 113 1 
4251 113 1 
4251 113 1 
4251 113 1 
4251 113 1 
4251 113 1 
4251 113 1 
4251 113 1 
4251 113 1 
4251 113 1 
4251 113 1 
4251 113 1 
4251 113 1 
4251 113 1 
4251 113 1 
4251 113 1 
4251 113 1 
4251 113 1 
4251 113 1 
4251 113 1 
4251 113 1 
4251 113 1 
4251 113 1 
4251 113 1 
4251 113 1 
4251 113 1 
4251 113 1 
4251 113 1 
4251 113 1 
4251 113 1 
4251 113 1 
4251 113 1 
4251 113 1 
4251 113 1 
4251 113 1 
4251 113 1 
4251 113 1 
4251 113 1 
4251 113 1 
4251 113 1 
4251 113 1 
4251 113 1 
4251 113 1 
4251 113 1 
4251 113 1 
4251 113 1 
4251 113 1 
4251 113 1 
4251 113 1 
4251 113 1 
4251 113 1 
4251 113 1 
4251 113 2 
4251 113 1 
4251 113 2 
4251 113 1 
4251 113 1 
4251 113 1 
4251 113 1 
4251 113 1 
4251 113 1 
4251 113 1 
4251 113 2 
4251 113 1 
4251 113 1 
4251 113 1 
4251 113 1 
4251 113 1 
4251 113 1 
4251 113 1 
4251 113 1 
4251 113 1 
4251 113 1 
4251 113 1 
4251 113 1 
4251 113 1 
4251 113 1 
4251 113 1 
4251 113 1 
4251 113 2 
4251 113 1 
4251 113 1 
4251 113 1 
4251 113 1 
4251 113 1 
4251 113 1 
4251 113 1 
4251 113 1 
4251 113 1 
4251 113 1 
4251 113 1 
4251 113 1 
4251 113 1 
4251 113 1 
4251 113 1 
4251 113 2 
4251 113 1 
4251 113 1 
4251 113 1 
4251 113 1 
4251 113 1 
4251 113 1 
4251 113 1 
4251 113 1 
4251 113 1 
4251 113 1 
4251 113 1 
4251 113 1 
4251 113 1 
4251 113 1 
4251 113 1 
4251 113 1 
4251 113 1 
4251 113 1 
4251 113 1 
4251 113 1 
4251 113 1 
4251 113 1 
4251 113 1 
4251 113 1 
4251 113 1 
4251 113 1 
4251 113 1 
4251 113 1 
4251 113 1 
4251 113 1 
4251 113 1 
4251 113 1 
4251 113 1 
4251 113 1 
4251 113 1 
4251 113 1 
4251 113 1 
4251 113 1 
4251 113 1 
4251 113 1 
4251 113 1 
4251 113 1 
4251 113 1 
4251 113 1 
4251 113 1 
4251 113 1 
4251 113 1 
4251 113 1 
4251 113 1 
4251 113 1 
4251 113 1 
4251 113 1 
4251 113 1 
4251 113 1 
4251 113 1 
4251 113 1 
4251 113 1 
4251 113 1 
4251 113 1 
4251 113 1 
4251 113 1 
4251 113 1 
4251 113 2 
4251 113 1 
4251 113 1 
4251 113 1 
4251 113 1 
4251 113 1 
4251 113 1 
4251 113 1 
4251 113 1 
4251 113 1 
4251 113 1 
4251 113 1 
4251 113 1 
4251 113 1 
4251 113 1 
4251 113 1 
4251 113 1 
4251 113 1 
4251 113 1 
4251 113 1 
4251 113 1 
4251 113 1 
4251 113 1 
4251 113 1 
4251 113 1 
4251 113 1 
4251 113 1 
4251 113 1 
4251 113 1 
4251 113 1 
4251 113 1 
4251 113 1 
4251 113 1 
4251 113 1 
4251 113 1 
4251 113 1 
4251 113 1 
4251 113 1 
4251 113 2 
4251 113 1 
4251 113 1 
4251 113 1 
4251 113 1 
4251 113 1 
4251 113 1 
4251 113 1 
4251 113 1 
4251 113 1 
4251 113 1 
4251 113 1 
4251 113 1 
4251 113 1 
4251 113 1 
4251 113 1 
4251 113 1 
4251 113 1 
4251 113 1 
4251 113 1 
4251 113 1 
4251 113 1 
4251 113 1 
4251 113 1 
4251 113 1 
4251 113 1 
4251 113 1 
4251 113 1 
4251 113 1 
4251 113 1 
4251 113 1 
4251 113 1 
4251 113 1 
4251 113 1 
4251 113 1 
4251 113 1 
4251 113 1 
4251 113 1 
4251 113 2 
4251 113 1 
4251 113 1 
4251 113 1 
4251 113 1 
4251 113 1 
4251 113 1 
4251 113 2 
4251 113 2 
4251 113 2 
4251 115 1 
4251 115 1 
4251 115 1 
4251 117 1 
4251 117 1 
4251 117 1 
4251 118 1 
4251 118 1 
4251 118 1 
4251 121 1 
4251 121 1 
4251 121 1 
4251 121 1 
4251 121 1 
4251 121 1 
4251 121 1 
4251 121 1 
4251 121 1 
4251 121 1 
4251 121 1 
4251 121 1 
4251 121 1 
4251 121 1 
4251 121 1 
4251 121 1 
4251 121 1 
4251 121 1 
4251 121 1 
4251 121 1 
4251 121 1 
4251 121 1 
4251 121 1 
4251 121 1 
4251 124 1 
4251 124 1 
4251 124 1 
4251 124 1 
4251 124 1 
4251 124 1 
4251 124 1 
4251 124 1 
4251 124 1 
4251 124 1 
4251 124 1 
4251 124 1 
4251 124 1 
4251 124 1 
4251 124 1 
4251 124 1 
4251 124 3 
4251 124 1 
4251 124 3 
4251 124 1 
4251 124 1 
4251 124 1 
4251 124 1 
4251 124 1 
4251 124 1 
4251 124 1 
4251 124 1 
4251 124 1 
4251 124 1 
4251 124 1 
4251 124 1 
4251 124 1 
4251 124 1 
4251 124 1 
4251 124 1 
4251 124 1 
4251 124 1 
4251 124 1 
4251 124 1 
4251 124 1 
4251 124 1 
4251 124 1 
4251 124 1 
4251 124 1 
4251 124 1 
4251 124 1 
4251 124 1 
4251 124 1 
4251 124 1 
4251 124 1 
4251 124 1 
4251 124 1 
4251 124 1 
4251 124 1 
4251 124 1 
4251 124 1 
4251 124 1 
4251 124 1 
4251 124 1 
4251 124 1 
4251 124 1 
4251 124 1 
4251 124 1 
4251 124 1 
4251 124 1 
4251 124 1 
4251 124 1 
4251 124 1 
4251 124 1 
4251 124 1 
4251 124 1 
4251 124 1 
4251 124 1 
4251 124 1 
4251 124 1 
4251 124 1 
4251 124 1 
4251 124 1 
4251 124 1 
4251 124 1 
4251 124 1 
4251 124 1 
4251 124 1 
4251 124 1 
4251 124 1 
4251 124 1 
4251 124 1 
4251 124 1 
4251 124 1 
4251 124 1 
4251 124 1 
4251 124 1 
4251 124 1 
4251 124 1 
4251 124 1 
4251 124 1 
4251 124 1 
4251 124 1 
4251 124 1 
4251 124 1 
4251 124 1 
4251 124 1 
4251 124 1 
4251 124 1 
4251 124 1 
4251 124 1 
4251 124 1 
4251 124 1 
4251 124 1 
4251 124 1 
4251 124 1 
4251 124 1 
4251 124 1 
4251 124 1 
4251 124 1 
4251 124 1 
4251 124 1 
4251 124 1 
4251 124 1 
4251 124 1 
4251 124 1 
4251 124 1 
4251 124 1 
4251 124 1 
4251 124 1 
4251 124 1 
4251 124 1 
4251 124 1 
4251 124 1 
4251 124 1 
4251 124 1 
4251 124 1 
4251 124 1 
4251 124 1 
4251 124 1 
4251 124 1 
4251 124 1 
4251 124 1 
4251 124 1 
4251 124 1 
4251 124 1 
4251 124 1 
4251 124 1 
4251 124 1 
4251 124 1 
4251 124 1 
4251 124 1 
4251 124 1 
4251 124 1 
4251 124 1 
4251 124 1 
4251 124 1 
4251 124 1 
4251 124 1 
4251 124 1 
4251 124 1 
4251 124 1 
4251 124 1 
4251 124 1 
4251 124 1 
4251 124 1 
4251 124 1 
4251 124 1 
4251 124 1 
4251 124 1 
4251 124 1 
4251 124 1 
4251 124 1 
4251 124 1 
4251 124 1 
4251 124 1 
4251 124 1 
4251 124 1 
4251 124 1 
4251 124 1 
4251 124 1 
4251 124 1 
4251 124 1 
4251 128 1 
4251 128 1 
4251 128 1 
4251 128 1 
4251 128 1 
4251 128 1 
4251 128 1 
4251 128 1 
4251 128 1 
4251 128 1 
4251 128 1 
4251 128 1 
4251 128 1 
4251 128 1 
4251 128 1 
4251 128 1 
4251 128 1 
4251 128 1 
4251 128 1 
4251 128 1 
4251 128 1 
4251 128 1 
4251 128 1 
4251 128 1 
4251 128 1 
4251 128 1 
4251 128 1 
4251 128 1 
4251 128 1 
4251 128 1 
4251 128 1 
4251 128 1 
4251 128 1 
4251 128 1 
4251 128 1 
4251 128 1 
4251 128 1 
4251 128 1 
4251 128 1 
4251 128 1 
4251 128 1 
4251 128 1 
4251 128 1 
4251 128 1 
4251 128 1 
4251 128 1 
4251 128 1 
4251 128 1 
4251 128 1 
4251 128 1 
4251 128 1 
4251 128 1 
4251 128 1 
4251 128 1 
4251 128 1 
4251 128 1 
4251 128 1 
4251 128 1 
4251 128 1 
4251 128 1 
4251 128 1 
4251 128 1 
4251 128 1 
4251 128 1 
4251 128 1 
4251 128 1 
4251 128 1 
4251 128 1 
4251 128 1 
4251 128 1 
4251 128 1 
4251 128 1 
4251 128 1 
4251 128 1 
4251 128 1 
4251 128 1 
4251 128 1 
4251 128 1 
4251 128 1 
4251 128 1 
4251 128 1 
4251 128 1 
4251 128 1 
4251 128 1 
4251 128 1 
4251 128 1 
4251 128 1 
4251 128 1 
4251 128 1 
4251 128 1 
4251 128 1 
4251 128 1 
4251 128 1 
4251 128 1 
4251 128 1 
4251 128 1 
4251 128 1 
4251 128 1 
4251 128 1 
4251 128 1 
4251 128 1 
4251 128 1 
4251 128 1 
4251 128 1 
4251 128 1 
4251 128 1 
4251 128 1 
4251 128 1 
4251 128 1 
4251 128 1 
4251 128 1 
4251 128 1 
4251 128 1 
4251 128 1 
4251 128 1 
4251 128 1 
4251 128 1 
4251 128 1 
4251 128 1 
4251 128 1 
4251 128 1 
4251 128 1 
4251 128 1 
4251 128 1 
4251 128 1 
4251 128 1 
4251 128 1 
4251 128 1 
4251 128 1 
4251 128 1 
4251 128 1 
4251 128 1 
4251 128 1 
4251 128 1 
4251 128 1 
4251 128 1 
4251 128 1 
4251 128 1 
4251 128 1 
4251 128 1 
4251 128 1 
4251 128 1 
4251 128 1 
4251 128 1 
4251 128 1 
4251 128 1 
4251 128 1 
4251 128 1 
4251 128 1 
4251 128 1 
4251 128 1 
4251 128 1 
4251 128 1 
4251 128 1 
4251 128 1 
4251 128 1 
4251 128 1 
4251 128 1 
4251 128 1 
4251 128 1 
4251 128 1 
4251 128 1 
4251 128 1 
4251 128 1 
4251 128 1 
4251 128 1 
4251 128 1 
4251 128 1 
4251 128 1 
4251 128 1 
4251 128 1 
4251 128 1 
4251 128 1 
4251 128 1 
4251 128 1 
4251 128 1 
4251 128 1 
4251 128 1 
4251 128 1 
4251 128 1 
4251 128 1 
4251 128 1 
4251 128 2 
4251 128 1 
4251 128 1 
4251 128 1 
4251 128 1 
4251 128 1 
4251 128 1 
4251 128 1 
4251 128 1 
4251 128 1 
4251 128 1 
4251 128 1 
4251 128 1 
4251 128 1 
4251 128 1 
4251 128 1 
4251 128 1 
4251 128 1 
4251 128 1 
4251 128 1 
4251 128 1 
4251 128 1 
4251 128 1 
4251 128 1 
4251 128 1 
4251 128 1 
4251 128 1 
4251 128 1 
4251 128 1 
4251 128 1 
4251 128 1 
4251 128 1 
4251 128 1 
4251 128 1 
4251 128 1 
4251 128 1 
4251 128 1 
4251 128 1 
4251 128 1 
4251 128 1 
4251 128 1 
4251 128 1 
4251 128 1 
4251 128 1 
4251 128 1 
4251 128 1 
4251 128 1 
4251 128 1 
4251 128 1 
4251 128 1 
4251 128 1 
4251 128 1 
4251 128 1 
4251 128 1 
4251 128 1 
4251 128 1 
4251 128 1 
4251 128 1 
4251 128 1 
4251 128 1 
4251 128 1 
4251 128 2 
4251 128 1 
4251 128 1 
4251 128 2 
4251 128 1 
4251 128 1 
4251 128 1 
4251 128 1 
4251 128 1 
4251 128 1 
4251 128 1 
4251 128 1 
4251 128 1 
4251 128 2 
4251 128 1 
4251 128 1 
4251 128 1 
4251 128 1 
4251 128 1 
4251 128 1 
4251 128 1 
4251 128 1 
4251 128 1 
4251 128 1 
4251 128 1 
4251 128 1 
4251 128 1 
4251 128 1 
4251 128 1 
4251 128 1 
4251 128 1 
4251 128 1 
4251 128 1 
4251 128 1 
4251 128 1 
4251 128 2 
4251 132 1 
4251 132 1 
4251 135 1 
4251 135 1 
4251 137 1 
4251 137 1 
4251 137 1 
4251 137 1 
4251 138 1 
4251 138 1 
4251 139 1 
4251 139 1 
4251 139 1 
4251 139 1 
4251 139 1 
4251 139 1 
4251 139 1 
4251 139 1 
4251 139 1 
4251 139 1 
4251 141 1 
4251 142 1 
4251 142 1 
4251 143 1 
4251 143 1 
4251 144 1 
4251 144 1 
4251 146 1 
4251 146 1 
4251 151 1 
4251 151 1 
4251 156 1 
4251 156 1 
4251 160 1 
4251 160 1 
4251 160 2 
4251 160 2 
4251 160 1 
4251 160 1 
4251 160 1 
4251 160 1 
4251 160 1 
4251 160 1 
4251 160 1 
4251 160 1 
4251 160 1 
4251 160 1 
4251 160 1 
4251 160 1 
4251 160 1 
4251 160 1 
4251 160 1 
4251 160 1 
4251 160 1 
4251 160 1 
4251 160 1 
4251 160 1 
4251 160 1 
4251 160 1 
4251 160 1 
4251 160 1 
4251 163 1 
4251 163 1 
4251 163 1 
4251 166 1 
4251 166 1 
4251 166 1 
4251 166 1 
4251 166 1 
4251 166 1 
4251 166 1 
4251 166 1 
4251 166 1 
4251 166 1 
4251 166 1 
4251 166 1 
4251 166 1 
4251 166 1 
4251 166 1 
4251 166 1 
4251 166 1 
4251 166 1 
4251 166 1 
4251 166 1 
4251 166 1 
4251 166 1 
4251 166 1 
4251 166 1 
4251 166 1 
4251 166 1 
4251 166 1 
4251 166 1 
4251 166 1 
4251 167 1 
4251 167 1 
4251 173 1 
4251 173 1 
4251 173 1 
4251 173 1 
4251 173 1 
4251 173 1 
4251 173 1 
4251 173 1 
4251 173 1 
4251 173 1 
4251 173 1 
4251 173 1 
4251 173 1 
4251 173 1 
4251 173 1 
4251 173 1 
4251 173 1 
4251 173 1 
4251 173 1 
4251 173 1 
4251 173 1 
4251 173 1 
4251 173 1 
4251 173 1 
4251 173 1 
4251 173 1 
4251 173 1 
4251 173 1 
4251 173 1 
4251 173 1 
4251 173 1 
4251 173 1 
4251 173 1 
4251 173 1 
4251 173 1 
4251 173 1 
4251 173 1 
4251 173 1 
4251 173 1 
4251 173 1 
4251 173 1 
4251 173 1 
4251 173 1 
4251 173 1 
4251 173 1 
4251 173 1 
4251 173 1 
4251 173 1 
4251 173 1 
4251 173 1 
4251 173 1 
4251 173 1 
4251 173 1 
4251 180 1 
4251 180 1 
4251 180 1 
4251 180 1 
4251 180 1 
4251 180 1 
4251 181 1 
4251 181 1 
4251 181 1 
4251 188 1 
4251 188 1 
4251 189 1 
4251 189 1 
4251 189 3 
4251 189 1 
4251 190 1 
4251 191 1 
4251 191 1 
4251 191 1 
4251 192 1 
4251 192 1 
4251 192 1 
4251 192 1 
4251 194 1 
4251 194 1 
4251 194 1 
4251 196 1 
4251 196 3 
4251 196 1 
4251 196 1 
4251 196 1 
4251 197 1 
4251 197 1 
4251 197 1 
4251 199 1 
4251 199 3 
4251 202 1 
4251 202 1 
4251 202 1 
4251 204 1 
4251 204 1 
4251 204 1 
4251 204 1 
4251 205 1 
4251 205 1 
4251 205 1 
4251 206 1 
4251 206 1 
4251 206 1 
4251 207 1 
4251 207 1 
4251 209 1 
4251 209 1 
4251 209 1 
4251 209 3 
4251 209 1 
4251 209 2 
4251 209 3 
4251 210 1 
4251 210 1 
4251 210 3 
4251 210 3 
4251 210 2 
4251 210 1 
4251 212 1 
4251 212 1 
4251 212 1 
4251 212 1 
4251 212 1 
4251 217 1 
4251 217 1 
4251 217 1 
4251 217 1 
4251 217 1 
4251 217 1 
4251 217 1 
4251 217 1 
4251 217 1 
4251 217 1 
4251 217 1 
4251 217 1 
4251 217 1 
4251 217 1 
4251 217 1 
4251 217 1 
4251 217 1 
4251 217 1 
4251 217 1 
4251 217 1 
4251 217 1 
4251 217 1 
4251 217 1 
4251 217 1 
4251 217 1 
4251 217 1 
4251 217 1 
4251 217 1 
4251 217 1 
4251 218 3 
4251 218 1 
4251 218 2 
4251 218 1 
4251 218 1 
4251 218 3 
4251 218 1 
4251 218 1 
4251 219 1 
4251 219 1 
4251 219 3 
4251 219 1 
4251 219 3 
4251 219 1 
4251 219 2 
4251 220 1 
4251 220 1 
4251 220 1 
4251 221 1 
4251 221 1 
4251 221 1 
4251 221 3 
4251 221 1 
4251 221 3 
4251 221 1 
4251 221 1 
4251 221 1 
4251 221 2 
4251 221 1 
4251 222 1 
4251 222 1 
4251 222 1 
4251 222 1 
4251 222 2 
4251 222 3 
4251 222 1 
4251 222 3 
4251 222 1 
4251 222 1 
4251 222 1 
4251 222 1 
4251 222 1 
4251 223 1 
4251 223 1 
4251 223 1 
4251 224 1 
4251 224 1 
4251 224 1 
4251 225 1 
4251 225 1 
4251 225 1 
4251 226 1 
4251 226 1 
4251 226 1 
4251 228 1 
4251 228 1 
4251 228 1 
4251 228 1 
4251 228 1 
4251 228 1 
4251 228 1 
4251 228 1 
4251 228 1 
4251 228 1 
4251 228 1 
4251 228 1 
4251 228 1 
4251 228 1 
4251 228 1 
4251 228 1 
4251 228 1 
4251 228 1 
4251 228 1 
4251 228 1 
4251 228 1 
4251 228 1 
4251 228 1 
4251 228 1 
4251 228 1 
4251 228 1 
4251 228 1 
4251 228 1 
4251 228 1 
4251 228 1 
4251 229 1 
4251 230 1 
4251 231 1 
4251 231 1 
4251 231 1 
4251 231 1 
4251 231 1 
4251 231 1 
4251 231 1 
4251 231 1 
4251 231 1 
4251 231 1 
4251 231 1 
4251 231 1 
4251 231 1 
4251 231 1 
4251 232 1 
4251 232 1 
4251 232 1 
4251 233 1 
4251 233 1 
4251 233 1 
4251 234 1 
4251 234 1 
4251 234 1 
4251 234 1 
4251 237 1 
4251 237 1 
4251 237 3 
4251 237 1 
4251 237 3 
4251 238 1 
4251 238 1 
4251 238 1 
4251 238 1 
4251 240 1 
4251 240 3 
4251 240 3 
4251 240 1 
4251 240 1 
4251 241 1 
4251 241 1 
4251 241 3 
4251 241 3 
4251 241 1 
4251 242 1 
4251 242 3 
4251 242 3 
4251 242 1 
4251 242 1 
4251 243 1 
4251 243 1 
4251 243 1 
4251 243 1 
4251 243 1 
4251 243 1 
4251 243 1 
4251 243 1 
4251 243 1 
4251 243 1 
4251 243 1 
4251 243 1 
4251 243 1 
4251 243 1 
4251 243 1 
4251 243 1 
4251 243 1 
4251 243 1 
4251 243 1 
4251 244 1 
4251 244 1 
4251 245 1 
4251 245 1 
4251 245 1 
4251 246 1 
4251 246 1 
4251 246 1 
4251 247 1 
4251 247 1 
4251 247 2 
4251 247 3 
4251 247 1 
4251 248 1 
4251 248 1 
4251 248 1 
4251 249 1 
4251 249 1 
4251 249 1 
4251 250 1 
4251 250 1 
4251 250 1 
4251 251 1 
4251 251 1 
4251 251 1 
4251 251 1 
4251 251 1 
4251 251 1 
4251 251 1 
4251 251 3 
4251 251 1 
4251 251 1 
4251 251 1 
4251 253 1 
4251 253 1 
4251 254 1 
4251 254 1 
4251 254 1 
4251 254 1 
4251 254 1 
4251 254 1 
4251 254 1 
4251 254 1 
4251 254 1 
4251 254 1 
4251 254 1 
4251 254 1 
4251 254 1 
4251 254 1 
4251 254 1 
4251 254 1 
4251 254 1 
4251 254 1 
4251 254 1 
4251 254 1 
4251 260 3 
4251 260 1 
4251 260 1 
4251 260 1 
4251 260 1 
4251 260 1 
4251 260 1 
4251 260 1 
4251 260 1 
4251 260 1 
4251 260 1 
4251 261 1 
4251 263 1 
4251 265 1 
4251 265 1 
4251 268 1 
4251 268 1 
4251 268 3 
4251 268 1 
4251 268 3 
4251 269 1 
4251 269 1 
4251 269 3 
4251 269 1 
4251 269 1 
4251 269 1 
4251 269 1 
4251 269 1 
4251 269 1 
4251 269 1 
4251 269 1 
4251 270 1 
4251 270 1 
4251 270 1 
4251 270 1 
4251 270 1 
4251 270 1 
4251 270 1 
4251 270 1 
4251 270 1 
4251 270 3 
4251 270 1 
4251 270 1 
4251 271 1 
4251 271 3 
4251 271 1 
4251 271 1 
4251 271 1 
4251 275 1 
4251 275 1 
4251 275 1 
4251 276 3 
4251 276 1 
4251 276 1 
4251 279 1 
4251 279 1 
4251 279 1 
4251 279 1 
4251 279 1 
4251 279 1 
4251 279 1 
4251 279 1 
4251 279 1 
4251 279 1 
4251 279 1 
4251 279 1 
4251 279 1 
4251 279 1 
4251 279 1 
4251 279 1 
4251 279 1 
4251 281 1 
4251 281 1 
4251 281 1 
4251 281 1 
4251 281 1 
4251 281 1 
4251 281 1 
4251 281 1 
4251 281 1 
4251 281 1 
4251 281 1 
4251 281 1 
4251 281 1 
4251 281 1 
4251 281 1 
4251 281 1 
4251 281 1 
4251 281 1 
4251 281 1 
4251 281 1 
4251 281 1 
4251 281 1 
4251 281 1 
4251 281 1 
4251 281 1 
4251 282 1 
4251 282 1 
4251 282 1 
4251 282 1 
4251 282 1 
4251 282 1 
4251 282 1 
4251 282 1 
4251 282 1 
4251 282 1 
4251 282 1 
4251 282 1 
4251 282 1 
4251 282 1 
4251 282 1 
4251 283 1 
4251 283 1 
4251 283 1 
4251 283 1 
4251 283 1 
4251 283 1 
4251 283 1 
4251 283 1 
4251 283 1 
4251 283 1 
4251 283 1 
4251 283 1 
4251 283 1 
4251 283 1 
4251 283 1 
4251 283 1 
4251 283 1 
4251 283 1 
4251 283 1 
4251 283 1 
4251 283 1 
4251 284 1 
4251 284 1 
4251 284 1 
4251 284 1 
4251 284 1 
4251 284 1 
4251 284 1 
4251 284 1 
4251 284 1 
4251 284 1 
4251 284 1 
4251 284 1 
4251 284 1 
4251 284 1 
4251 284 1 
4251 284 1 
4251 284 1 
4251 284 1 
4251 284 1 
4251 284 1 
4251 284 1 
4251 284 1 
4251 284 1 
4251 284 1 
4251 285 1 
4251 285 1 
4251 285 1 
4251 285 1 
4251 285 1 
4251 285 1 
4251 285 1 
4251 285 1 
4251 285 1 
4251 285 1 
4251 285 1 
4251 285 1 
4251 285 1 
4251 285 1 
4251 285 1 
4251 285 1 
4251 285 1 
4251 285 1 
4251 285 1 
4251 285 1 
4251 285 1 
4251 287 1 
4251 287 1 
4251 287 1 
4251 287 1 
4251 287 1 
4251 287 1 
4251 287 1 
4251 287 1 
4251 287 1 
4251 287 1 
4251 287 1 
4251 287 1 
4251 287 1 
4251 288 1 
4251 288 1 
4251 288 1 
4251 288 1 
4251 288 1 
4251 288 1 
4251 288 1 
4251 288 1 
4251 288 1 
4251 288 1 
4251 288 1 
4251 288 1 
4251 288 1 
4251 288 1 
4251 288 1 
4251 289 1 
4251 289 1 
4251 289 1 
4251 289 1 
4251 289 1 
4251 289 1 
4251 289 1 
4251 289 1 
4251 289 1 
4251 289 1 
4251 289 1 
4251 289 1 
4251 289 1 
4251 289 1 
4251 289 1 
4251 289 1 
4251 289 1 
4251 289 1 
4251 289 1 
4251 289 1 
4251 289 1 
4251 289 1 
4251 289 1 
4251 289 1 
4251 289 1 
4251 289 1 
4251 289 1 
4251 289 1 
4251 289 1 
4251 289 1 
4251 289 1 
4251 289 1 
4251 289 1 
4251 289 1 
4251 289 1 
4251 290 1 
4251 290 1 
4251 290 1 
4251 290 1 
4251 290 1 
4251 290 1 
4251 290 1 
4251 290 1 
4251 290 1 
4251 290 1 
4251 290 1 
4251 290 1 
4251 290 1 
4251 290 1 
4251 290 1 
4251 290 1 
4251 290 1 
4251 290 1 
4251 290 1 
4251 290 1 
4251 290 1 
4251 290 1 
4251 290 1 
4251 290 1 
4251 291 1 
4251 291 1 
4251 291 1 
4251 291 1 
4251 291 1 
4251 291 1 
4251 291 1 
4251 291 1 
4251 291 1 
4251 291 1 
4251 291 1 
4251 291 1 
4251 291 1 
4251 291 1 
4251 292 1 
4251 292 1 
4251 292 1 
4251 292 1 
4251 292 1 
4251 292 1 
4251 292 1 
4251 292 1 
4251 292 1 
4251 292 1 
4251 292 1 
4251 292 1 
4251 292 1 
4251 292 1 
4251 292 1 
4251 292 1 
4251 292 1 
4251 292 1 
4251 293 1 
4251 293 1 
4251 293 1 
4251 293 1 
4251 293 1 
4251 293 1 
4251 293 1 
4251 294 1 
4251 294 1 
4251 294 1 
4251 294 1 
4251 294 1 
4251 294 1 
4251 294 1 
4251 294 1 
4251 294 1 
4251 294 1 
4251 294 1 
4251 294 1 
4251 294 1 
4251 294 1 
4251 294 1 
4251 294 2 
4251 294 3 
4251 294 3 
4251 296 1 
4251 298 1 
4251 298 1 
4251 298 1 
4251 298 1 
4251 298 1 
4251 298 1 
4251 298 1 
4251 298 1 
4251 298 1 
4251 298 1 
4251 298 1 
4251 298 1 
4251 298 1 
4251 298 1 
4251 298 1 
4251 298 1 
4251 298 1 
4251 298 1 
4251 298 1 
4251 298 1 
4251 298 1 
4251 298 1 
4251 299 1 
4251 299 1 
4251 299 1 
4251 299 1 
4251 299 1 
4251 299 1 
4251 299 1 
4251 299 1 
4251 299 1 
4251 299 1 
4251 299 1 
4251 299 1 
4251 299 1 
4251 299 1 
4251 299 1 
4251 299 1 
4251 299 1 
4251 299 1 
4251 299 1 
4251 299 1 
4251 299 1 
4251 299 1 
4251 299 1 
4251 299 1 
4251 299 1 
4251 299 1 
4251 299 1 
4251 299 1 
4251 299 1 
4251 299 1 
4251 299 1 
4251 299 1 
4251 299 1 
4251 299 1 
4251 299 1 
4251 299 1 
4251 299 1 
4251 299 1 
4251 299 1 
4251 299 1 
4251 299 1 
4251 299 1 
4251 299 1 
4251 299 1 
4251 299 1 
4251 299 1 
4251 299 1 
4251 299 1 
4251 299 1 
4251 299 1 
4251 299 1 
4251 299 1 
4251 299 1 
4251 299 1 
4251 299 1 
4251 299 1 
4251 299 1 
4251 299 1 
4251 299 1 
4251 299 1 
4251 299 1 
4251 299 1 
4251 299 1 
4251 299 1 
4251 299 1 
4251 299 1 
4251 299 1 
4251 299 1 
4251 299 1 
4251 299 1 
4251 299 1 
4251 299 1 
4251 299 1 
4251 299 1 
4251 299 1 
4251 299 1 
4251 299 1 
4251 299 1 
4251 299 1 
4251 299 1 
4251 299 1 
4251 299 1 
4251 299 1 
4251 299 1 
4251 299 1 
4251 299 1 
4251 299 1 
4251 299 1 
4251 299 1 
4251 299 1 
4251 299 1 
4251 299 1 
4251 299 1 
4251 299 1 
4251 299 1 
4251 299 1 
4251 299 1 
4251 299 1 
4251 299 1 
4251 299 1 
4251 299 1 
4251 299 1 
4251 299 1 
4251 299 1 
4251 299 1 
4251 299 1 
4251 299 1 
4251 299 1 
4251 299 1 
4251 299 1 
4251 299 1 
4251 299 1 
4251 299 1 
4251 299 1 
4251 299 1 
4251 299 1 
4251 299 1 
4251 299 1 
4251 299 1 
4251 299 1 
4251 299 1 
4251 299 1 
4251 299 1 
4251 299 1 
4251 299 1 
4251 299 1 
4251 299 1 
4251 299 1 
4251 299 1 
4251 299 1 
4251 299 1 
4251 299 1 
4251 299 1 
4251 299 1 
4251 299 1 
4251 299 1 
4251 299 1 
4251 299 1 
4251 299 1 
4251 299 1 
4251 299 1 
4251 299 1 
4251 299 1 
4251 299 1 
4251 299 1 
4251 299 1 
4251 299 1 
4251 299 1 
4251 299 1 
4251 299 1 
4251 299 1 
4251 299 1 
4251 299 1 
4251 299 1 
4251 299 1 
4251 299 1 
4251 299 1 
4251 299 1 
4251 299 1 
4251 299 1 
4251 299 1 
4251 299 1 
4251 299 1 
4251 299 1 
4251 299 1 
4251 299 1 
4251 299 1 
4251 299 1 
4251 299 1 
4251 299 1 
4251 299 1 
4251 299 1 
4251 299 1 
4251 299 1 
4251 299 1 
4251 299 1 
4251 299 1 
4251 299 1 
4251 299 1 
4251 299 1 
4251 299 1 
4251 299 1 
4251 299 1 
4251 299 1 
4251 299 1 
4251 299 1 
4251 299 1 
4251 299 1 
4251 299 1 
4251 299 1 
4251 299 1 
4251 299 1 
4251 299 1 
4251 299 1 
4251 299 1 
4251 299 1 
4251 299 1 
4251 299 1 
4251 303 3 
4251 303 1 
4251 303 1 
4251 305 1 
4251 305 1 
4251 305 1 
4251 305 1 
4251 305 1 
4251 305 1 
4251 305 1 
4251 305 1 
4251 305 1 
4251 305 1 
4251 305 1 
4251 305 1 
4251 305 1 
4251 305 1 
4251 305 1 
4251 305 1 
4251 305 1 
4251 305 1 
4251 305 1 
4251 305 1 
4251 305 1 
4251 305 1 
4251 305 1 
4251 305 1 
4251 305 1 
4251 305 1 
4251 305 1 
4251 305 1 
4251 305 1 
4251 305 1 
4251 305 1 
4251 305 1 
4251 305 1 
4251 305 1 
4251 305 1 
4251 305 1 
4251 305 1 
4251 305 1 
4251 305 1 
4251 305 1 
4251 305 1 
4251 305 1 
4251 305 1 
4251 305 1 
4251 305 1 
4251 305 1 
4251 305 1 
4251 305 1 
4251 305 1 
4251 305 1 
4251 305 1 
4251 305 1 
4251 305 1 
4251 305 1 
4251 305 1 
4251 305 1 
4251 305 1 
4251 305 1 
4251 305 1 
4251 305 1 
4251 305 1 
4251 305 1 
4251 305 1 
4251 306 1 
4251 306 1 
4251 306 1 
4251 306 1 
4251 306 1 
4251 306 1 
4251 306 1 
4251 306 1 
4251 306 1 
4251 306 1 
4251 306 1 
4251 306 1 
4251 306 1 
4251 306 1 
4251 306 1 
4251 306 1 
4251 306 1 
4251 306 1 
4251 306 1 
4251 306 1 
4251 306 1 
4251 306 1 
4251 306 1 
4251 306 1 
4251 306 1 
4251 306 1 
4251 306 1 
4251 306 1 
4251 306 1 
4251 306 1 
4251 306 1 
4251 306 1 
4251 306 1 
4251 306 1 
4251 306 1 
4251 306 1 
4251 306 1 
4251 306 1 
4251 306 1 
4251 306 1 
4251 306 1 
4251 306 1 
4251 306 1 
4251 306 1 
4251 306 1 
4251 306 1 
4251 306 1 
4251 306 1 
4251 306 1 
4251 306 1 
4251 306 1 
4251 306 1 
4251 306 1 
4251 306 1 
4251 306 1 
4251 306 1 
4251 306 1 
4251 306 1 
4251 306 1 
4251 306 1 
4251 306 1 
4251 306 1 
4251 306 1 
4251 306 1 
4251 307 1 
4251 307 1 
4251 307 1 
4251 307 1 
4251 307 1 
4251 307 1 
4251 307 1 
4251 307 1 
4251 307 1 
4251 307 1 
4251 307 1 
4251 307 1 
4251 307 1 
4251 307 1 
4251 307 1 
4251 307 1 
4251 307 1 
4251 307 1 
4251 307 1 
4251 307 1 
4251 307 1 
4251 307 1 
4251 307 1 
4251 307 1 
4251 307 1 
4251 307 1 
4251 307 1 
4251 307 1 
4251 307 1 
4251 307 1 
4251 307 1 
4251 307 1 
4251 307 1 
4251 307 1 
4251 307 1 
4251 307 1 
4251 307 1 
4251 308 1 
4251 308 1 
4251 308 1 
4251 308 1 
4251 308 1 
4251 308 1 
4251 308 1 
4251 308 1 
4251 308 1 
4251 308 1 
4251 308 1 
4251 308 1 
4251 308 1 
4251 308 1 
4251 308 1 
4251 308 1 
4251 308 1 
4251 308 1 
4251 308 1 
4251 308 1 
4251 308 1 
4251 308 1 
4251 308 1 
4251 308 1 
4251 308 1 
4251 308 1 
4251 308 1 
4251 308 1 
4251 308 1 
4251 308 1 
4251 308 1 
4251 308 1 
4251 308 1 
4251 308 1 
4251 308 1 
4251 309 1 
4251 309 1 
4251 309 1 
4251 309 1 
4251 309 1 
4251 309 1 
4251 309 1 
4251 309 1 
4251 310 1 
4251 310 1 
4251 311 1 
4251 311 1 
4251 311 1 
4251 311 1 
4251 311 1 
4251 311 1 
4251 312 1 
4251 312 1 
4251 312 1 
4251 312 1 
4251 312 1 
4251 312 1 
4251 313 1 
4251 321 1 
4251 321 1 
4251 321 3 
4251 321 1 
4251 321 1 
4251 321 1 
4251 321 1 
4251 321 1 
4251 321 3 
4251 321 1 
4251 321 1 
4251 321 1 
4251 321 3 
4251 321 1 
4251 321 1 
4251 321 1 
4251 321 1 
4251 321 1 
4251 321 1 
4251 321 1 
4251 321 1 
4251 321 1 
4251 322 1 
4251 322 1 
4251 322 1 
4251 322 1 
4251 322 1 
4251 322 1 
4251 322 1 
4251 322 1 
4251 322 3 
4251 322 1 
4251 322 1 
4251 322 1 
4251 322 1 
4251 322 3 
4251 322 1 
4251 322 1 
4251 322 1 
4251 322 1 
4251 322 1 
4251 322 1 
4251 323 3 
4251 327 3 
4251 327 1 
4251 327 1 
4251 327 1 
4251 327 1 
4251 327 1 
4251 327 1 
4251 327 1 
4251 329 1 
4251 329 1 
4251 329 3 
4251 329 1 
4251 329 1 
4251 329 1 
4251 330 1 
4251 331 1 
4251 331 1 
4251 331 1 
4251 331 1 
4251 331 1 
4251 331 1 
4251 331 1 
4251 331 1 
4251 331 1 
4251 331 1 
4251 331 1 
4251 331 1 
4251 331 1 
4251 331 1 
4251 331 1 
4251 331 3 
4251 331 1 
4251 332 1 
4251 332 1 
4251 332 1 
4251 332 1 
4251 332 1 
4251 332 1 
4251 332 3 
4251 332 1 
4251 332 3 
4251 332 1 
4251 332 1 
4251 332 1 
4251 332 1 
4251 332 1 
4251 332 1 
4251 332 1 
4251 332 1 
4251 332 1 
4251 332 1 
4251 332 1 
4251 332 1 
4251 332 1 
4251 332 1 
4251 332 1 
4251 332 1 
4251 332 1 
4251 332 1 
4251 332 1 
4251 332 1 
4251 334 1 
4251 334 1 
4251 334 1 
4251 334 1 
4251 334 1 
4251 334 1 
4251 334 1 
4251 334 1 
4251 334 1 
4251 334 1 
4251 334 1 
4251 334 1 
4251 334 1 
4251 334 1 
4251 334 1 
4251 334 1 
4251 334 1 
4251 334 1 
4251 334 1 
4251 334 1 
4251 334 1 
4251 334 1 
4251 334 1 
4251 334 1 
4251 334 1 
4251 334 1 
4251 334 1 
4251 334 1 
4251 334 1 
4251 334 1 
4251 334 1 
4251 334 1 
4251 334 1 
4251 335 1 
4251 335 1 
4251 335 1 
4251 335 1 
4251 335 1 
4251 335 1 
4251 335 1 
4251 335 1 
4251 335 1 
4251 335 1 
4251 335 1 
4251 335 1 
4251 335 1 
4251 335 1 
4251 335 1 
4251 335 1 
4251 335 1 
4251 335 1 
4251 335 1 
4251 335 1 
4251 335 1 
4251 335 1 
4251 335 1 
4251 335 1 
4251 335 1 
4251 335 1 
4251 335 1 
4251 335 1 
4251 335 1 
4251 335 1 
4251 335 1 
4251 335 1 
4251 335 1 
4251 335 1 
4251 335 1 
4251 335 1 
4251 335 1 
4251 335 1 
4251 335 1 
4251 335 1 
4251 335 1 
4251 335 1 
4251 335 1 
4251 335 1 
4251 336 3 
4251 336 3 
4251 336 1 
4251 336 3 
4251 336 1 
4251 336 1 
4251 336 1 
4251 336 1 
4251 336 1 
4251 336 1 
4251 337 1 
4251 337 1 
4251 337 1 
4251 337 1 
4251 337 1 
4251 337 1 
4251 337 1 
4251 337 1 
4251 337 1 
4251 337 1 
4251 337 1 
4251 337 1 
4251 337 1 
4251 337 1 
4251 337 1 
4251 337 1 
4251 337 1 
4251 337 1 
4251 337 1 
4251 337 1 
4251 337 1 
4251 337 1 
4251 337 1 
4251 337 1 
4251 337 1 
4251 337 1 
4251 337 1 
4251 337 1 
4251 337 1 
4251 337 1 
4251 338 1 
4251 338 1 
4251 338 1 
4251 338 1 
4251 338 1 
4251 338 1 
4251 338 1 
4251 338 1 
4251 338 1 
4251 338 1 
4251 338 1 
4251 338 1 
4251 338 1 
4251 338 1 
4251 338 1 
4251 338 1 
4251 338 1 
4251 338 1 
4251 338 1 
4251 338 1 
4251 338 1 
4251 338 1 
4251 338 1 
4251 338 1 
4251 338 1 
4251 338 1 
4251 338 1 
4251 338 1 
4251 338 1 
4251 338 1 
4251 338 1 
4251 338 1 
4251 338 1 
4251 338 1 
4251 338 1 
4251 338 1 
4251 338 1 
4251 338 1 
4251 338 1 
4251 338 1 
4251 338 1 
4251 338 1 
4251 338 1 
4251 338 1 
4251 338 1 
4251 338 1 
4251 338 1 
4251 338 1 
4251 338 1 
4251 338 1 
4251 338 1 
4251 338 1 
4251 338 1 
4251 338 1 
4251 338 1 
4251 338 1 
4251 338 1 
4251 338 1 
4251 338 1 
4251 338 1 
4251 338 1 
4251 338 1 
4251 338 1 
4251 338 1 
4251 338 1 
4251 338 1 
4251 338 1 
4251 338 1 
4251 338 1 
4251 338 1 
4251 338 1 
4251 338 1 
4251 338 1 
4251 338 1 
4251 338 1 
4251 338 1 
4251 338 1 
4251 338 1 
4251 338 1 
4251 338 1 
4251 338 1 
4251 338 1 
4251 338 1 
4251 338 1 
4251 338 1 
4251 338 1 
4251 338 1 
4251 338 1 
4251 338 1 
4251 338 1 
4251 338 1 
4251 338 1 
4251 338 1 
4251 338 1 
4251 338 1 
4251 338 1 
4251 338 1 
4251 338 1 
4251 338 1 
4251 338 1 
4251 338 1 
4251 338 1 
4251 338 1 
4251 338 1 
4251 338 1 
4251 338 1 
4251 338 1 
4251 338 1 
4251 338 1 
4251 338 1 
4251 338 1 
4251 338 1 
4251 339 3 
4251 339 1 
4251 339 1 
4251 339 1 
4251 339 1 
4251 339 1 
4251 339 1 
4251 339 1 
4251 339 1 
4251 339 1 
4251 339 1 
4251 339 1 
4251 339 1 
4251 339 1 
4251 339 1 
4251 339 3 
4251 339 1 
4251 339 1 
4251 339 1 
4251 339 1 
4251 339 1 
4251 339 1 
4251 340 1 
4251 340 1 
4251 340 1 
4251 340 1 
4251 340 1 
4251 340 1 
4251 340 1 
4251 340 1 
4251 340 1 
4251 340 1 
4251 340 1 
4251 340 1 
4251 340 1 
4251 340 1 
4251 340 1 
4251 340 1 
4251 340 1 
4251 340 1 
4251 340 1 
4251 340 1 
4251 340 1 
4251 340 1 
4251 340 1 
4251 340 1 
4251 340 1 
4251 340 1 
4251 340 1 
4251 340 1 
4251 340 1 
4251 340 1 
4251 340 1 
4251 340 1 
4251 340 1 
4251 340 1 
4251 340 1 
4251 340 1 
4251 340 1 
4251 340 1 
4251 340 1 
4251 340 1 
4251 340 1 
4251 340 1 
4251 340 1 
4251 340 1 
4251 340 1 
4251 340 1 
4251 340 1 
4251 340 1 
4251 340 1 
4251 340 1 
4251 340 1 
4251 340 1 
4251 340 1 
4251 340 1 
4251 340 1 
4251 340 1 
4251 340 1 
4251 340 1 
4251 340 1 
4251 340 1 
4251 340 1 
4251 340 1 
4251 340 1 
4251 340 1 
4251 340 1 
4251 340 1 
4251 340 1 
4251 340 1 
4251 340 1 
4251 340 1 
4251 340 1 
4251 340 1 
4251 340 1 
4251 340 1 
4251 340 1 
4251 340 1 
4251 340 1 
4251 340 1 
4251 340 1 
4251 340 1 
4251 340 1 
4251 340 1 
4251 340 1 
4251 340 1 
4251 340 1 
4251 340 1 
4251 340 1 
4251 340 1 
4251 340 1 
4251 340 1 
4251 340 1 
4251 340 1 
4251 340 1 
4251 340 1 
4251 340 1 
4251 340 1 
4251 340 1 
4251 340 1 
4251 340 1 
4251 340 1 
4251 340 1 
4251 340 1 
4251 340 1 
4251 340 1 
4251 340 1 
4251 340 1 
4251 340 1 
4251 340 1 
4251 340 1 
4251 340 1 
4251 340 1 
4251 340 1 
4251 340 1 
4251 340 1 
4251 340 1 
4251 340 1 
4251 340 1 
4251 340 1 
4251 340 1 
4251 340 1 
4251 340 1 
4251 340 1 
4251 340 1 
4251 340 1 
4251 340 1 
4251 340 1 
4251 340 1 
4251 340 1 
4251 340 1 
4251 340 1 
4251 340 1 
4251 340 1 
4251 340 1 
4251 340 1 
4251 340 1 
4251 340 1 
4251 340 1 
4251 340 1 
4251 340 1 
4251 340 1 
4251 340 1 
4251 342 1 
4251 342 1 
4251 342 1 
4251 342 1 
4251 342 1 
4251 342 1 
4251 342 1 
4251 342 1 
4251 342 1 
4251 342 1 
4251 342 1 
4251 342 1 
4251 342 1 
4251 345 1 
4251 345 1 
4251 347 1 
4251 350 1 
4251 350 1 
4251 350 1 
4251 350 1 
4251 350 1 
4251 350 1 
4251 350 1 
4251 350 1 
4251 350 1 
4251 350 1 
4251 350 1 
4251 350 1 
4251 350 1 
4251 350 1 
4251 350 1 
4251 350 1 
4251 350 1 
4251 350 1 
4251 350 1 
4251 350 1 
4251 350 1 
4251 350 1 
4251 350 1 
4251 350 1 
4251 350 1 
4251 350 1 
4251 350 1 
4251 350 1 
4251 350 1 
4251 350 1 
4251 350 1 
4251 350 1 
4251 350 1 
4251 350 1 
4251 350 1 
4251 350 1 
4251 350 1 
4251 350 1 
4251 350 1 
4251 350 1 
4251 350 1 
4251 350 1 
4251 350 1 
4251 350 1 
4251 350 1 
4251 350 1 
4251 350 1 
4251 350 1 
4251 350 1 
4251 350 1 
4251 350 1 
4251 350 1 
4251 350 1 
4251 350 1 
4251 350 1 
4251 350 1 
4251 350 1 
4251 350 1 
4251 350 1 
4251 350 1 
4251 350 1 
4251 350 1 
4251 350 1 
4251 350 1 
4251 350 1 
4251 350 1 
4251 350 1 
4251 350 1 
4251 350 1 
4251 350 1 
4251 350 1 
4251 350 1 
4251 350 1 
4251 350 1 
4251 350 1 
4251 350 1 
4251 350 1 
4251 350 1 
4251 350 1 
4251 350 1 
4251 350 1 
4251 350 1 
4251 350 1 
4251 350 1 
4251 350 1 
4251 350 1 
4251 350 1 
4251 350 1 
4251 350 1 
4251 350 1 
4251 350 1 
4251 350 1 
4251 350 1 
4251 350 1 
4251 350 1 
4251 350 1 
4251 350 1 
4251 350 1 
4251 350 1 
4251 350 1 
4251 350 1 
4251 350 1 
4251 350 1 
4251 350 1 
4251 350 1 
4251 350 1 
4251 350 1 
4251 350 1 
4251 350 1 
4251 350 1 
4251 350 1 
4251 350 1 
4251 350 1 
4251 350 1 
4251 350 1 
4251 350 1 
4251 350 1 
4251 350 1 
4251 350 1 
4251 350 1 
4251 350 1 
4251 350 1 
4251 350 1 
4251 350 1 
4251 350 1 
4251 350 1 
4251 350 1 
4251 350 1 
4251 350 1 
4251 350 1 
4251 350 1 
4251 350 1 
4251 350 1 
4251 350 1 
4251 350 1 
4251 350 1 
4251 350 1 
4251 350 1 
4251 350 1 
4251 350 1 
4251 350 1 
4251 350 1 
4251 350 1 
4251 350 1 
4251 350 1 
4251 350 1 
4251 350 1 
4251 350 1 
4251 350 1 
4251 350 1 
4251 350 1 
4251 350 1 
4251 350 1 
4251 350 1 
4251 350 1 
4251 350 1 
4251 350 1 
4251 350 1 
4251 350 1 
4251 350 1 
4251 350 1 
4251 350 1 
4251 350 1 
4251 350 1 
4251 350 1 
4251 350 1 
4251 350 1 
4251 350 1 
4251 350 1 
4251 350 1 
4251 350 1 
4251 350 1 
4251 350 1 
4251 350 1 
4251 350 1 
4251 350 1 
4251 350 1 
4251 350 1 
4251 350 1 
4251 350 1 
4251 350 1 
4251 350 1 
4251 350 1 
4251 350 1 
4251 350 1 
4251 350 1 
4251 350 1 
4251 350 1 
4251 350 1 
4251 350 1 
4251 350 1 
4251 350 1 
4251 350 1 
4251 350 1 
4251 350 1 
4251 350 1 
4251 350 1 
4251 350 1 
4251 350 1 
4251 350 1 
4251 350 1 
4251 350 1 
4251 350 1 
4251 350 1 
4251 350 1 
4251 350 1 
4251 350 1 
4251 350 1 
4251 350 1 
4251 350 1 
4251 350 1 
4251 350 1 
4251 350 1 
4251 350 1 
4251 350 1 
4251 350 1 
4251 350 1 
4251 350 1 
4251 350 1 
4251 350 1 
4251 350 1 
4251 350 1 
4251 350 1 
4251 350 1 
4251 350 1 
4251 350 1 
4251 350 1 
4251 350 1 
4251 350 1 
4251 350 1 
4251 350 1 
4251 350 1 
4251 350 1 
4251 350 1 
4251 350 1 
4251 350 1 
4251 350 1 
4251 350 1 
4251 350 1 
4251 350 1 
4251 350 1 
4251 350 1 
4251 350 1 
4251 350 1 
4251 350 1 
4251 350 1 
4251 350 1 
4251 350 1 
4251 350 1 
4251 350 1 
4251 350 1 
4251 350 1 
4251 350 1 
4251 350 1 
4251 350 1 
4251 350 1 
4251 350 1 
4251 350 1 
4251 350 1 
4251 350 1 
4251 350 1 
4251 350 1 
4251 350 1 
4251 350 1 
4251 350 1 
4251 350 1 
4251 350 1 
4251 350 1 
4251 350 1 
4251 350 1 
4251 350 1 
4251 350 1 
4251 350 1 
4251 350 1 
4251 350 1 
4251 350 1 
4251 350 1 
4251 350 1 
4251 350 1 
4251 350 1 
4251 350 1 
4251 350 1 
4251 350 1 
4251 350 1 
4251 350 1 
4251 350 1 
4251 350 1 
4251 350 1 
4251 350 1 
4251 350 1 
4251 350 1 
4251 350 1 
4251 350 1 
4251 350 1 
4251 350 1 
4251 350 1 
4251 350 1 
4251 350 1 
4251 350 1 
4251 350 1 
4251 350 1 
4251 350 1 
4251 350 1 
4251 350 1 
4251 350 1 
4251 350 1 
4251 350 1 
4251 350 1 
4251 350 1 
4251 350 1 
4251 350 1 
4251 350 1 
4251 350 1 
4251 350 1 
4251 350 1 
4251 350 1 
4251 350 1 
4251 350 1 
4251 350 1 
4251 350 1 
4251 350 1 
4251 350 1 
4251 350 1 
4251 350 1 
4251 350 1 
4251 350 1 
4251 350 1 
4251 350 1 
4251 350 1 
4251 350 1 
4251 350 1 
4251 350 1 
4251 350 1 
4251 350 1 
4251 350 1 
4251 350 1 
4251 350 1 
4251 350 1 
4251 350 1 
4251 350 1 
4251 350 1 
4251 350 1 
4251 350 1 
4251 350 1 
4251 350 1 
4251 350 1 
4251 350 1 
4251 350 1 
4251 350 1 
4251 350 1 
4251 350 1 
4251 350 1 
4251 350 1 
4251 350 1 
4251 350 1 
4251 350 1 
4251 350 1 
4251 350 1 
4251 350 1 
4251 350 1 
4251 350 1 
4251 350 1 
4251 350 1 
4251 350 1 
4251 350 1 
4251 350 1 
4251 350 1 
4251 350 1 
4251 350 1 
4251 350 1 
4251 350 1 
4251 350 1 
4251 350 1 
4251 350 1 
4251 350 1 
4251 350 1 
4251 350 1 
4251 350 1 
4251 350 1 
4251 350 1 
4251 350 1 
4251 350 1 
4251 350 1 
4251 350 1 
4251 350 1 
4251 350 1 
4251 350 1 
4251 350 1 
4251 351 3 
4251 351 1 
4251 351 1 
4251 351 1 
4251 351 1 
4251 351 1 
4251 351 1 
4251 351 1 
4251 351 1 
4251 351 1 
4251 351 1 
4251 351 1 
4251 351 1 
4251 352 1 
4251 352 1 
4251 352 1 
4251 352 1 
4251 352 1 
4251 352 3 
4251 352 1 
4251 352 1 
4251 352 1 
4251 352 1 
4251 352 1 
4251 352 1 
4251 352 1 
4251 352 1 
4251 352 1 
4251 352 1 
4251 352 1 
4251 352 1 
4251 353 3 
4251 353 1 
4251 353 1 
4251 353 1 
4251 354 1 
4251 354 1 
4251 354 1 
4251 354 1 
4251 354 1 
4251 354 1 
4251 354 1 
4251 354 1 
4251 354 1 
4251 354 1 
4251 354 1 
4251 354 1 
4251 354 1 
4251 354 1 
4251 354 1 
4251 354 1 
4251 354 1 
4251 354 1 
4251 354 1 
4251 354 1 
4251 354 1 
4251 354 1 
4251 354 1 
4251 354 1 
4251 354 1 
4251 354 1 
4251 354 1 
4251 354 1 
4251 354 1 
4251 354 1 
4251 354 1 
4251 354 1 
4251 354 1 
4251 354 1 
4251 354 1 
4251 354 1 
4251 354 1 
4251 354 1 
4251 354 1 
4251 354 1 
4251 354 1 
4251 354 1 
4251 354 1 
4251 354 1 
4251 354 1 
4251 354 1 
4251 354 1 
4251 354 1 
4251 354 1 
4251 354 1 
4251 354 1 
4251 354 1 
4251 354 1 
4251 354 1 
4251 354 1 
4251 354 1 
4251 354 1 
4251 354 1 
4251 354 1 
4251 354 1 
4251 354 1 
4251 354 1 
4251 354 1 
4251 354 1 
4251 354 1 
4251 354 1 
4251 354 1 
4251 354 1 
4251 354 1 
4251 354 1 
4251 354 1 
4251 354 1 
4251 354 1 
4251 354 1 
4251 354 1 
4251 354 1 
4251 354 1 
4251 354 1 
4251 354 1 
4251 354 1 
4251 354 1 
4251 354 1 
4251 354 1 
4251 354 1 
4251 354 1 
4251 354 1 
4251 354 1 
4251 354 1 
4251 354 1 
4251 354 1 
4251 354 1 
4251 354 1 
4251 354 1 
4251 354 1 
4251 354 1 
4251 354 1 
4251 354 1 
4251 354 1 
4251 354 1 
4251 354 1 
4251 354 1 
4251 354 1 
4251 354 1 
4251 354 1 
4251 354 1 
4251 354 1 
4251 354 1 
4251 354 1 
4251 354 1 
4251 354 1 
4251 354 1 
4251 355 1 
4251 355 1 
4251 355 1 
4251 355 1 
4251 355 1 
4251 355 1 
4251 355 1 
4251 355 1 
4251 355 1 
4251 355 1 
4251 355 1 
4251 355 1 
4251 355 1 
4251 355 1 
4251 355 1 
4251 355 1 
4251 355 1 
4251 355 1 
4251 355 1 
4251 355 1 
4251 355 1 
4251 355 1 
4251 355 1 
4251 355 1 
4251 355 1 
4251 355 1 
4251 355 1 
4251 355 1 
4251 355 1 
4251 355 1 
4251 355 1 
4251 355 1 
4251 355 1 
4251 355 1 
4251 355 1 
4251 355 1 
4251 355 1 
4252 7 1 
4252 113 1 
4252 113 1 
4252 321 1 
4252 350 1 
4252 350 1 
4253 155 2 
4254 8 1 
4254 173 1 
4254 306 1 
4254 310 1 
4254 313 1 
4254 313 1 
4254 313 1 
4254 332 1 
4255 124 1 
4256 19 1 
4256 105 1 
4257 211 1 
4257 211 1 
4257 211 1 
4257 211 1 
4257 211 1 
4257 211 1 
4257 211 1 
4257 211 1 
4258 170 1 
4258 336 1 
4258 350 1 
4259 24 1 
4259 176 1 
4259 256 1 
4259 258 1 
4259 258 3 
4260 124 1 
4261 48 1 
4261 170 1 
4262 13 1 
4263 113 1 
4263 113 1 
4264 113 1 
4265 334 1 
4265 335 1 
4265 337 1 
4265 338 1 
4266 124 1 
4267 103 1 
4267 103 1 
4267 103 1 
4267 103 1 
4267 251 1 
4268 12 1 
4268 21 1 
4268 41 1 
4268 95 1 
4268 96 1 
4268 98 1 
4268 100 1 
4268 102 1 
4268 115 1 
4268 117 1 
4268 118 1 
4268 163 1 
4268 191 1 
4268 194 1 
4268 197 1 
4268 202 1 
4268 205 1 
4268 206 1 
4268 209 1 
4268 210 1 
4268 218 1 
4268 219 1 
4268 220 1 
4268 221 1 
4268 222 1 
4268 223 1 
4268 224 1 
4268 225 1 
4268 226 1 
4268 232 1 
4268 233 1 
4268 237 1 
4268 240 1 
4268 241 1 
4268 242 1 
4268 245 1 
4268 246 1 
4268 247 1 
4268 248 1 
4268 249 1 
4268 250 1 
4268 268 1 
4268 294 1 
4269 305 1 
4269 305 1 
4269 305 1 
4269 306 1 
4269 306 1 
4269 306 1 
4269 308 1 
4269 340 1 
4270 8 1 
4270 28 1 
4270 107 1 
4270 108 1 
4270 128 1 
4270 128 1 
4270 128 1 
4270 128 1 
4270 128 1 
4270 128 1 
4270 279 1 
4270 334 1 
4270 337 1 
4270 338 1 
4271 299 1 
4272 340 1 
4273 350 1 
4274 210 1 
4275 199 1 
4276 113 1 
4277 199 1 
4277 199 1 
4278 350 1 
4279 28 1 
4279 299 1 
4279 336 1 
4280 124 1 
4280 124 1 
4281 113 1 
4281 113 1 
4281 128 1 
4282 16 1 
4282 16 1 
4282 16 1 
4282 16 1 
4282 16 1 
4282 16 1 
4282 16 1 
4282 16 1 
4282 16 1 
4283 3 1 
4283 4 1 
4283 18 1 
4283 19 1 
4283 22 1 
4283 22 1 
4283 28 1 
4283 28 1 
4283 83 1 
4283 83 1 
4283 108 1 
4283 108 1 
4283 108 1 
4283 109 1 
4283 109 1 
4283 109 1 
4283 111 1 
4283 112 1 
4283 121 1 
4283 124 1 
4283 139 1 
4283 139 1 
4283 139 1 
4283 139 1 
4283 166 1 
4283 166 1 
4283 166 1 
4283 173 1 
4283 173 1 
4283 173 1 
4283 173 1 
4283 173 1 
4283 173 1 
4283 173 1 
4283 173 1 
4283 181 1 
4283 181 1 
4283 181 1 
4283 188 1 
4283 188 1 
4283 189 1 
4283 190 1 
4283 196 1 
4283 199 1 
4283 204 1 
4283 207 1 
4283 217 1 
4283 229 1 
4283 230 1 
4283 263 1 
4283 270 1 
4283 279 1 
4283 299 1 
4283 299 1 
4283 306 1 
4283 350 1 
4284 113 1 
4285 243 3 
4285 243 1 
4286 279 1 
4286 279 1 
4287 25 1 
4287 330 1 
4287 333 1 
4287 341 1 
4287 343 1 
4287 345 1 
4287 353 1 
4287 354 1 
4287 355 1 
4287 356 1 
4288 311 1 
4289 1 2 
4289 61 2 
4289 228 1 
4289 299 1 
4289 308 1 
4289 340 1 
4289 354 1 
4290 4 1 
4290 4 1 
4290 4 1 
4290 42 3 
4290 54 1 
4290 54 1 
4290 86 2 
4290 91 2 
4290 91 2 
4290 113 1 
4290 124 1 
4290 124 1 
4290 166 1 
4290 173 1 
4290 217 1 
4290 279 1 
4290 351 1 
4290 351 1 
4291 83 3 
4292 212 1 
4292 212 1 
4293 350 1 
4294 8 1 
4294 13 1 
4294 128 1 
4294 128 1 
4294 128 1 
4294 190 1 
4294 217 1 
4294 217 1 
4294 308 1 
4294 308 1 
4294 327 1 
4294 327 1 
4294 327 1 
4294 334 1 
4294 338 1 
4294 338 1 
4295 350 1 
4296 154 1 
4296 154 1 
4296 227 1 
4297 8 1 
4297 13 1 
4297 14 1 
4297 16 1 
4297 18 1 
4297 109 1 
4297 121 1 
4297 124 1 
4297 124 1 
4297 124 1 
4297 166 1 
4297 189 1 
4297 253 1 
4297 254 1 
4297 271 1 
4297 303 1 
4297 322 1 
4297 331 1 
4297 332 1 
4297 336 1 
4297 342 1 
4297 351 1 
4297 352 1 
4298 124 1 
4298 124 1 
4298 124 1 
4299 1 2 
4299 16 1 
4299 17 1 
4299 19 1 
4299 24 1 
4299 61 2 
4299 124 1 
4299 192 1 
4299 196 1 
4299 207 1 
4299 254 1 
4299 256 1 
4299 258 1 
4299 264 1 
4299 272 1 
4299 273 1 
4299 275 1 
4299 279 1 
4299 282 1 
4299 283 1 
4299 285 1 
4299 289 1 
4299 291 1 
4299 293 1 
4299 299 1 
4299 304 1 
4299 305 1 
4299 306 1 
4299 307 1 
4299 308 1 
4299 309 1 
4299 310 1 
4299 311 1 
4299 312 1 
4299 313 1 
4299 314 1 
4299 315 1 
4299 316 1 
4299 317 1 
4299 318 1 
4299 319 1 
4299 320 1 
4299 321 1 
4299 322 1 
4299 323 1 
4299 324 1 
4299 325 1 
4299 327 1 
4299 328 1 
4299 331 1 
4299 332 1 
4299 334 1 
4299 335 1 
4299 336 1 
4299 336 1 
4299 337 1 
4299 338 1 
4299 339 1 
4299 340 1 
4299 342 1 
4299 350 1 
4299 351 1 
4299 352 1 
4300 139 1 
4300 164 2 
4300 164 2 
4300 164 1 
4300 164 1 
4300 164 1 
4300 164 1 
4300 166 1 
4300 279 1 
4300 350 1 
4300 350 1 
4301 5 1 
4301 17 1 
4301 108 1 
4301 111 2 
4301 111 2 
4301 113 1 
4301 113 1 
4301 128 1 
4301 154 1 
4301 154 1 
4301 170 1 
4301 170 1 
4301 176 1 
4301 192 1 
4301 212 1 
4301 261 1 
4301 261 1 
4301 336 1 
4301 336 1 
4301 336 1 
4301 336 1 
4301 336 1 
4301 336 1 
4301 336 1 
4301 336 1 
4302 170 1 
4303 8 1 
4303 281 1 
4303 287 1 
4303 323 3 
4303 350 1 
4304 155 2 
4304 299 1 
4304 305 1 
4304 336 1 
4305 25 1 
4305 330 1 
4305 333 1 
4305 341 1 
4305 343 1 
4305 345 1 
4305 350 1 
4305 353 1 
4305 354 1 
4305 355 1 
4305 356 1 
4306 24 1 
4306 256 1 
4306 261 1 
4306 299 1 
4306 306 1 
4306 306 1 
4306 350 1 
4306 350 1 
4307 259 1 
4308 14 2 
4308 44 1 
4308 45 1 
4308 101 3 
4308 103 1 
4308 103 1 
4308 103 1 
4308 104 2 
4308 106 2 
4308 107 2 
4308 108 2 
4308 109 2 
4308 111 2 
4308 112 2 
4308 113 2 
4308 114 2 
4308 116 2 
4308 119 2 
4308 120 2 
4308 121 2 
4308 122 2 
4308 123 2 
4308 125 2 
4308 126 2 
4308 127 2 
4308 128 2 
4308 129 2 
4308 130 2 
4308 131 2 
4308 134 2 
4308 140 2 
4308 145 2 
4308 147 2 
4308 148 2 
4308 149 2 
4308 150 2 
4308 158 2 
4308 159 2 
4308 162 2 
4308 165 2 
4308 168 2 
4308 174 2 
4308 175 2 
4308 177 2 
4308 187 2 
4308 193 2 
4308 195 2 
4308 211 2 
4308 239 2 
4308 277 2 
4308 301 2 
4308 349 2 
4308 355 1 
4308 355 1 
4309 70 1 
4310 340 1 
4310 340 1 
4311 28 1 
4311 28 1 
4312 44 1 
4312 354 1 
4312 354 1 
4312 354 1 
4312 354 1 
4313 11 1 
4314 254 1 
4315 340 1 
4316 299 1 
4317 25 1 
4317 330 1 
4317 333 1 
4317 341 1 
4317 343 1 
4317 345 1 
4317 353 1 
4317 354 1 
4317 355 1 
4317 356 1 
4318 25 1 
4318 330 1 
4318 333 1 
4318 341 1 
4318 343 1 
4318 345 1 
4318 353 1 
4318 354 1 
4318 355 1 
4318 356 1 
4319 1 1 
4319 61 1 
4320 38 1 
4320 38 1 
4321 34 1 
4322 34 1 
4322 350 1 
4323 113 1 
4323 290 1 
4323 299 1 
4323 299 1 
4323 299 1 
4323 299 1 
4323 299 1 
4323 299 1 
4323 350 1 
4323 350 1 
4323 350 1 
4323 354 1 
4324 305 1 
4325 4 1 
4325 28 1 
4325 28 1 
4325 121 1 
4325 128 1 
4325 128 1 
4325 128 1 
4325 128 1 
4325 139 1 
4325 166 1 
4325 173 1 
4325 226 2 
4325 226 3 
4325 226 3 
4325 226 3 
4325 226 2 
4325 290 1 
4325 298 1 
4325 306 1 
4325 306 1 
4325 306 1 
4325 306 1 
4325 340 1 
4325 340 1 
4325 351 1 
4326 25 1 
4326 128 1 
4326 128 1 
4326 128 1 
4326 128 1 
4326 128 1 
4326 128 1 
4326 128 1 
4326 128 1 
4326 128 1 
4326 128 1 
4326 128 1 
4326 128 1 
4326 128 1 
4326 128 1 
4326 128 1 
4326 128 1 
4326 128 1 
4326 128 1 
4326 330 1 
4326 333 1 
4326 340 1 
4326 340 1 
4326 341 1 
4326 343 1 
4326 345 1 
4326 353 1 
4326 354 1 
4326 355 1 
4326 356 1 
4327 7 1 
4328 331 1 
4329 166 1 
4330 281 1 
4331 128 1 
4331 340 1 
4332 124 1 
4332 124 1 
4332 124 1 
4333 16 1 
4333 17 1 
4333 19 1 
4333 124 1 
4333 124 1 
4333 124 1 
4333 124 1 
4333 132 1 
4333 135 1 
4333 138 1 
4333 142 1 
4333 143 1 
4333 144 1 
4333 146 1 
4333 151 1 
4333 156 1 
4333 167 1 
4333 192 1 
4333 196 1 
4333 207 1 
4333 212 1 
4334 299 1 
4335 113 1 
4336 124 1 
4336 337 1 
4336 338 1 
4337 222 1 
4337 227 1 
4337 332 1 
4337 336 1 
4338 28 1 
4338 282 1 
4339 111 1 
4340 124 1 
4340 124 1 
4341 7 1 
4342 111 1 
4342 113 1 
4343 299 1 
4343 306 1 
4343 350 1 
4343 350 1 
4344 354 1 
4345 128 2 
4345 128 1 
4346 111 2 
4347 111 2 
4348 155 1 
4349 155 1 
4350 5 1 
4350 111 2 
4350 111 2 
4351 111 2 
4352 164 1 
4353 103 1 
4353 139 1 
4354 26 3 
4354 29 3 
4354 33 3 
4354 36 3 
4354 40 3 
4354 47 3 
4354 51 3 
4354 53 3 
4354 55 3 
4354 56 3 
4354 60 3 
4354 63 3 
4354 64 3 
4355 6 3 
4355 31 3 
4355 37 3 
4355 39 3 
4355 46 3 
4355 49 3 
4355 50 3 
4355 62 3 
4355 65 3 
4355 68 3 
4355 69 3 
4355 71 3 
4355 76 3 
4355 78 3 
4355 199 1 
4356 111 2 
4357 128 1 
4357 173 1 
4358 67 1 
4359 336 1 
4360 164 1 
4361 177 1 
4362 211 1 
4363 98 1 
4364 350 1 
4365 321 1 
4366 128 1 
4367 94 1 
4368 48 1 
4368 299 1 
4369 103 1 
4369 103 1 
4369 113 1 
4369 113 1 
4369 113 1 
4369 113 1 
4369 113 1 
4369 113 1 
4369 113 1 
4369 113 1 
4369 113 1 
4369 121 1 
4369 124 1 
4369 124 1 
4369 128 1 
4369 228 1 
4369 228 1 
4369 228 1 
4369 290 1 
4369 299 1 
4369 299 1 
4369 299 1 
4369 305 1 
4369 334 1 
4369 335 1 
4369 338 1 
4369 338 1 
4369 352 1 
4369 352 1 
4370 113 1 
4371 16 1 
4371 16 1 
4372 128 1 
4373 97 1 
4374 309 1 
4374 331 1 
4375 291 1 
4376 306 1 
4377 252 1 
4378 224 1 
4379 301 1 
4380 8 1 
4380 18 1 
4380 32 1 
4380 83 1 
4380 83 1 
4380 113 1 
4380 113 1 
4380 113 1 
4380 113 1 
4380 113 1 
4380 113 1 
4380 113 1 
4380 113 1 
4380 113 1 
4380 113 1 
4380 113 1 
4380 113 1 
4380 305 1 
4380 340 1 
4380 354 1 
4381 210 1 
4382 299 1 
4382 299 1 
4383 113 1 
4383 113 1 
4384 7 1 
4384 7 1 
4384 28 1 
4384 289 1 
4384 354 1 
4385 124 1 
4385 124 1 
4385 124 1 
4385 299 1 
4386 28 1 
4386 93 2 
4386 111 1 
4386 113 1 
4386 113 1 
4386 113 1 
4386 113 1 
4386 113 1 
4386 340 1 
4387 1 2 
4387 61 2 
4387 113 1 
4387 160 1 
4388 44 1 
4389 124 1 
4389 299 1 
4389 306 1 
4390 199 1 
4391 11 1 
4392 8 1 
4392 128 1 
4392 342 1 
4393 5 1 
4393 7 1 
4393 338 1 
4393 340 1 
4393 350 1 
4393 354 1 
4394 113 1 
4395 4 1 
4395 4 1 
4395 5 1 
4395 7 1 
4395 124 1 
4395 124 1 
4395 124 1 
4395 124 1 
4395 124 1 
4395 128 1 
4395 128 1 
4395 128 1 
4395 128 1 
4395 128 1 
4395 128 1 
4395 128 1 
4395 128 1 
4395 128 1 
4395 128 1 
4395 279 1 
4395 281 1 
4395 299 1 
4395 306 1 
4395 306 1 
4395 331 1 
4395 332 1 
4395 334 1 
4395 335 1 
4395 336 1 
4395 336 1 
4395 338 1 
4395 338 1 
4395 338 1 
4395 338 1 
4395 338 1 
4395 338 1 
4395 338 1 
4395 338 1 
4395 355 1 
4396 18 1 
4396 18 1 
4396 18 1 
4397 164 1 
4398 11 1 
4399 350 1 
4400 299 1 
4401 105 1 
4401 105 1 
4401 185 1 
4401 185 1 
4401 199 1 
4402 332 1 
4403 113 1 
4403 113 1 
4404 289 1 
4405 128 1 
4406 113 1 
4406 113 1 
4406 113 1 
4406 113 1 
4406 196 3 
4406 196 1 
4406 196 1 
4407 139 1 
4408 336 1 
4409 38 1 
4409 38 1 
4410 3 1 
4410 3 1 
4410 3 1 
4410 4 1 
4410 5 1 
4410 7 1 
4410 8 1 
4410 8 2 
4410 8 1 
4410 8 1 
4410 8 2 
4410 28 1 
4410 103 1 
4410 107 1 
4410 108 1 
4410 128 1 
4410 128 1 
4410 128 1 
4410 128 1 
4410 128 1 
4410 128 1 
4410 128 1 
4410 128 1 
4410 128 1 
4410 222 1 
4410 228 1 
4410 251 1 
4410 254 1 
4410 281 1 
4410 283 1 
4410 283 1 
4410 284 1 
4410 284 1 
4410 287 1 
4410 288 1 
4410 288 1 
4410 288 1 
4410 298 1 
4410 298 1 
4410 298 1 
4410 298 1 
4410 308 1 
4410 308 1 
4410 310 1 
4410 311 1 
4410 312 1 
4410 313 1 
4410 313 1 
4410 322 1 
4410 322 1 
4410 322 1 
4410 322 1 
4410 327 1 
4410 329 1 
4410 329 1 
4410 331 1 
4410 331 1 
4410 332 1 
4410 336 1 
4410 337 1 
4410 338 1 
4410 338 1 
4410 339 3 
4410 339 1 
4410 339 1 
4410 340 1 
4410 340 1 
4410 340 1 
4410 340 1 
4410 340 1 
4410 342 1 
4410 352 1 
4410 352 1 
4410 352 1 
4411 54 1 
4412 67 1 
4413 173 1 
4414 28 1 
4414 327 1 
4414 327 1 
4415 299 1 
4416 350 1 
4417 354 1 
4418 8 1 
4418 128 1 
4418 128 1 
4418 128 1 
4418 209 1 
4418 222 1 
4418 231 1 
4418 263 1 
4418 265 1 
4418 275 1 
4418 275 1 
4418 281 1 
4418 281 1 
4418 288 1 
4418 308 1 
4418 308 1 
4418 312 3 
4418 312 1 
4418 312 3 
4418 312 1 
4418 340 1 
4418 340 1 
4418 340 1 
4418 340 1 
4419 299 1 
4420 44 1 
4421 5 1 
4421 54 1 
4421 113 1 
4421 124 1 
4421 124 1 
4421 299 1 
4421 350 1 
4421 350 1 
4421 350 1 
4421 350 1 
4422 340 1 
4423 113 1 
4423 340 1 
4424 113 1 
4424 113 1 
4424 139 1 
4424 139 1 
4424 139 1 
4425 305 1 
4426 103 1 
4427 44 1 
4427 299 1 
4428 163 1 
4429 257 1 
4429 259 1 
4429 265 1 
4429 280 1 
4430 44 1 
4431 124 1 
4432 113 1 
4432 340 1 
4432 350 1 
4432 350 1 
4433 299 1 
4433 299 1 
4433 299 1 
4433 305 1 
4433 340 1 
4434 124 1 
4434 124 1 
4434 124 1 
4434 124 1 
4435 350 1 
4436 336 1 
4436 336 1 
4437 1 1 
4437 1 1 
4437 61 1 
4437 61 1 
4438 91 2 
4438 139 1 
4438 248 3 
4438 248 2 
4438 248 2 
4438 248 3 
4438 248 2 
4438 248 3 
4439 3 1 
4439 7 1 
4439 28 1 
4439 83 1 
4439 83 1 
4439 109 1 
4439 212 1 
4440 113 1 
4440 124 1 
4440 124 1 
4440 124 1 
4440 124 1 
4440 180 1 
4440 299 1 
4440 350 1 
4441 13 1 
4442 54 1 
4442 113 1 
4442 113 1 
4442 113 1 
4442 113 1 
4442 113 1 
4442 299 1 
4443 247 3 
4443 247 2 
4444 28 1 
4445 30 1 
4445 38 2 
4445 38 2 
4445 70 1 
4445 113 1 
4445 113 1 
4445 113 1 
4445 113 1 
4445 113 1 
4445 113 1 
4445 113 1 
4445 113 1 
4445 113 1 
4445 113 1 
4445 113 1 
4445 113 1 
4445 113 1 
4445 113 1 
4445 113 1 
4445 113 1 
4445 113 1 
4445 113 1 
4445 113 1 
4445 113 1 
4445 113 1 
4445 113 1 
4445 113 1 
4445 113 2 
4445 113 2 
4445 113 1 
4445 113 1 
4445 173 1 
4445 282 1 
4445 350 1 
4446 11 1 
4446 11 1 
4446 336 1 
4446 336 1 
4446 336 1 
4446 336 1 
4446 336 1 
4447 28 1 
4447 28 1 
4447 28 1 
4447 83 1 
4447 83 1 
4447 109 1 
4447 121 1 
4447 139 1 
4447 188 1 
4448 350 1 
4449 350 1 
4450 67 1 
4451 217 1 
4451 283 1 
4451 292 1 
4451 299 1 
4451 299 1 
4451 299 1 
4451 305 1 
4451 352 1 
4452 217 1 
4452 350 1 
4453 124 1 
4454 185 1 
4455 279 1 
4456 17 1 
4457 113 1 
4458 340 1 
4459 48 1 
4460 288 1 
4460 298 1 
4461 67 1 
4462 283 1 
4463 113 1 
4463 259 1 
4464 44 1 
4465 113 1 
4466 1 1 
4466 61 1 
4467 113 1 
4467 113 1 
4468 128 1 
4468 128 1 
4469 163 1 
4470 8 2 
4470 8 1 
4470 28 1 
4470 113 1 
4470 124 1 
4470 160 1 
4470 160 1 
4470 173 1 
4470 173 1 
4470 189 1 
4470 270 1 
4470 292 1 
4470 305 1 
4470 305 1 
4470 306 1 
4470 308 1 
4470 350 1 
4470 350 1 
4470 355 1 
4471 8 1 
4471 8 1 
4471 228 1 
4471 228 1 
4471 254 1 
4471 254 1 
4471 254 1 
4471 254 1 
4471 291 1 
4471 291 1 
4471 350 1 
4472 110 2 
4473 113 1 
4473 113 1 
4473 113 1 
4474 105 1 
4475 254 1 
4475 254 1 
4476 3 1 
4476 3 1 
4476 7 1 
4476 28 1 
4476 32 1 
4476 83 1 
4476 83 1 
4477 111 1 
4477 288 3 
4477 288 1 
4477 288 1 
4477 307 1 
4478 266 1 
4479 259 1 
4480 354 1 
4480 354 1 
4481 291 1 
4482 258 1 
4482 258 1 
4483 291 1 
4483 350 1 
4484 334 1 
4484 338 1 
4485 340 1 
4486 124 1 
4487 204 1 
4488 113 1 
4488 113 1 
4489 3 1 
4489 7 1 
4489 7 1 
4489 8 1 
4489 111 1 
4489 112 1 
4489 128 1 
4489 128 1 
4489 128 1 
4489 128 1 
4489 128 1 
4489 128 1 
4489 128 1 
4489 128 1 
4489 139 1 
4489 166 1 
4489 166 1 
4489 263 1 
4489 282 1 
4489 292 1 
4489 350 1 
4489 350 1 
4489 350 1 
4489 350 1 
4489 350 1 
4489 350 1 
4489 350 1 
4489 350 1 
4489 352 1 
4489 352 1 
4490 336 1 
4491 70 1 
4492 102 1 
4493 259 1 
4494 70 1 
4495 113 1 
4496 7 1 
4497 103 1 
4497 299 1 
4498 128 1 
4498 128 1 
4498 338 1 
4499 24 1 
4499 256 1 
4499 258 1 
4499 264 1 
4499 272 1 
4499 273 1 
4499 275 1 
4499 279 1 
4499 282 1 
4499 283 1 
4499 285 1 
4499 289 1 
4499 291 1 
4499 293 1 
4499 299 1 
4499 304 1 
4499 305 1 
4499 306 1 
4499 307 1 
4499 308 1 
4499 309 1 
4499 310 1 
4499 311 1 
4499 312 1 
4499 313 1 
4499 314 1 
4499 315 1 
4499 316 1 
4499 317 1 
4499 318 1 
4499 319 1 
4499 320 1 
4499 321 1 
4499 322 1 
4499 323 1 
4499 324 1 
4499 325 1 
4499 327 1 
4499 328 1 
4499 331 1 
4499 332 1 
4499 334 1 
4499 335 1 
4499 336 1 
4499 337 1 
4499 338 1 
4499 339 1 
4499 340 1 
4499 342 1 
4499 350 1 
4499 351 1 
4499 352 1 
4500 228 1 
4500 340 1 
4501 28 1 
4501 113 1 
4501 350 1 
4501 355 1 
4501 355 1 
4501 355 1 
4502 67 1 
4503 342 1 
4504 128 1 
4504 128 1 
4505 254 1 
4506 113 3 
4507 350 1 
4508 5 1 
4508 8 1 
4508 8 1 
4508 113 1 
4508 113 1 
4508 113 1 
4508 113 1 
4508 113 1 
4508 113 1 
4508 124 1 
4508 124 1 
4508 124 1 
4508 124 1 
4508 128 1 
4508 173 1 
4508 221 1 
4508 260 1 
4508 269 1 
4508 281 1 
4508 313 1 
4508 313 1 
4508 313 1 
4508 331 1 
4508 340 1 
4508 350 1 
4508 350 1 
4509 113 1 
4510 243 1 
4511 111 1 
4511 299 1 
4512 8 1 
4512 8 1 
4512 13 1 
4512 27 2 
4512 77 3 
4512 77 1 
4512 103 1 
4512 103 1 
4512 103 2 
4512 103 1 
4512 103 2 
4512 103 1 
4512 106 1 
4512 111 2 
4512 111 2 
4512 113 1 
4512 113 1 
4512 113 1 
4512 113 1 
4512 113 1 
4512 128 1 
4512 128 1 
4512 128 2 
4512 190 1 
4512 199 1 
4512 287 1 
4512 293 1 
4512 299 1 
4512 299 1 
4512 299 1 
4512 299 1 
4512 299 1 
4512 299 1 
4512 309 1 
4512 334 1 
4512 334 1 
4512 334 1 
4512 335 1 
4512 336 1 
4512 336 1 
4512 338 1 
4512 338 1 
4512 339 1 
4512 340 1 
4512 350 1 
4512 350 1 
4512 350 1 
4512 354 1 
4513 11 1 
4513 11 1 
4514 113 1 
4515 70 1 
4516 354 1 
4517 155 1 
4518 307 1 
4519 128 1 
4519 351 1 
4520 305 1 
4521 298 1 
4522 113 1 
4522 113 1 
4522 113 1 
4522 113 1 
4522 113 1 
4522 113 1 
4523 139 1 
4523 176 1 
4524 128 1 
4524 128 1 
4524 128 1 
4525 54 1 
4525 70 1 
4526 354 1 
4527 54 1 
4528 292 1 
4528 298 1 
4528 312 1 
4529 113 1 
4530 38 1 
4530 38 1 
4531 54 1 
4532 299 1 
4533 3 1 
4533 7 1 
4533 28 1 
4534 54 1 
4535 199 1 
4536 299 1 
4537 17 1 
4537 196 1 
4538 54 1 
4538 70 1 
4539 350 1 
4540 13 1 
4540 113 1 
4540 299 1 
4541 8 2 
4541 8 2 
4541 8 1 
4541 8 1 
4541 93 2 
4541 93 2 
4541 128 1 
4541 128 1 
4541 128 1 
4541 128 1 
4541 128 1 
4541 128 1 
4541 128 1 
4541 128 1 
4541 128 1 
4541 128 1 
4541 128 1 
4541 128 1 
4541 128 1 
4541 128 1 
4541 173 1 
4541 282 1 
4541 282 1 
4541 283 1 
4541 284 1 
4541 284 1 
4541 287 1 
4541 287 1 
4541 288 1 
4541 298 1 
4541 299 1 
4541 299 1 
4541 299 1 
4541 310 1 
4541 312 1 
4541 313 1 
4541 313 1 
4541 321 1 
4541 321 1 
4541 321 1 
4541 337 1 
4541 337 1 
4541 338 1 
4541 338 1 
4541 338 1 
4541 339 1 
4541 339 1 
4541 339 1 
4541 339 1 
4541 339 1 
4541 339 1 
4541 339 1 
4541 340 1 
4541 340 1 
4542 103 1 
4542 103 1 
4542 103 1 
4542 103 1 
4542 113 1 
4542 113 1 
4542 113 1 
4542 113 1 
4542 124 1 
4542 124 1 
4542 124 1 
4542 124 1 
4542 124 1 
4542 124 1 
4542 217 1 
4542 217 1 
4542 251 1 
4542 283 1 
4542 283 1 
4542 284 1 
4542 285 1 
4542 289 1 
4542 290 1 
4542 291 1 
4542 291 1 
4542 291 1 
4542 291 1 
4542 291 1 
4542 291 1 
4542 291 1 
4542 299 1 
4542 299 1 
4542 299 1 
4542 305 1 
4542 305 1 
4542 306 1 
4542 306 1 
4542 306 1 
4542 306 1 
4542 306 1 
4542 307 1 
4542 339 1 
4542 339 1 
4542 339 1 
4542 350 1 
4542 350 1 
4542 350 1 
4542 350 1 
4542 350 1 
4542 350 1 
4542 350 1 
4542 350 1 
4542 350 1 
4542 350 1 
4542 350 1 
4542 350 1 
4542 350 1 
4542 350 1 
4542 350 1 
4542 350 1 
4542 350 1 
4542 350 1 
4542 354 1 
4542 354 1 
4543 25 1 
4543 25 3 
4543 25 3 
4543 30 1 
4543 70 1 
4543 248 3 
4543 248 2 
4543 281 1 
4543 287 1 
4543 287 1 
4543 287 1 
4543 330 1 
4543 330 3 
4543 333 3 
4543 333 1 
4543 341 1 
4543 341 3 
4543 343 3 
4543 343 1 
4543 345 1 
4543 345 3 
4543 353 1 
4543 353 3 
4543 354 3 
4543 354 1 
4543 354 1 
4543 355 1 
4543 355 1 
4543 355 3 
4543 355 3 
4543 355 3 
4543 355 1 
4543 355 1 
4543 355 3 
4543 355 1 
4543 355 1 
4543 355 1 
4543 355 1 
4543 355 1 
4543 355 1 
4543 355 1 
4543 355 1 
4543 356 3 
4543 356 1 
4543 356 1 
4544 28 1 
4544 128 1 
4544 288 1 
4544 335 1 
4544 335 1 
4544 335 1 
4545 334 1 
4545 335 1 
4546 113 1 
4547 48 1 
4547 128 1 
4547 299 1 
4548 93 2 
4548 342 1 
4548 350 1 
4549 299 1 
4550 340 1 
4551 305 1 
4552 3 1 
4552 3 1 
4552 4 1 
4552 4 1 
4552 5 1 
4552 5 1 
4552 5 1 
4552 11 1 
4552 15 1 
4552 54 1 
4552 128 1 
4552 299 1 
4553 48 1 
4553 176 1 
4553 176 1 
4553 176 1 
4553 185 1 
4553 188 1 
4553 188 1 
4553 299 1 
4553 299 1 
4553 299 1 
4553 299 1 
4554 83 1 
4554 113 1 
4554 113 1 
4554 113 1 
4554 113 1 
4554 283 1 
4554 298 1 
4554 335 1 
4554 335 1 
4554 335 1 
4554 335 1 
4554 335 1 
4554 335 1 
4554 335 1 
4554 335 1 
4554 337 1 
4555 124 1 
4555 124 1 
4556 124 1 
4557 128 1 
4557 128 1 
4558 14 1 
4558 107 1 
4559 299 1 
4560 44 1 
4560 44 1 
4560 124 1 
4560 173 1 
4560 350 1 
4561 124 1 
4562 3 1 
4562 8 2 
4562 14 1 
4562 124 1 
4562 124 1 
4562 128 1 
4562 217 1 
4562 228 1 
4562 254 1 
4562 283 1 
4562 291 1 
4562 299 1 
4562 334 1 
4562 335 1 
4562 337 1 
4562 338 1 
4562 338 1 
4562 338 1 
4562 338 1 
4562 338 1 
4562 338 3 
4562 338 1 
4562 338 1 
4562 338 1 
4562 338 1 
4562 338 1 
4562 338 1 
4562 338 1 
4562 338 1 
4562 338 1 
4562 338 1 
4562 338 1 
4562 338 1 
4562 338 1 
4562 338 1 
4562 338 1 
4562 338 1 
4562 338 1 
4562 338 1 
4562 338 1 
4562 340 1 
4563 338 1 
4563 338 1 
4563 338 1 
4563 338 1 
4564 299 1 
4565 113 1 
4565 128 1 
4565 340 1 
4566 3 1 
4567 113 1 
4567 113 1 
4568 113 2 
4568 350 1 
4569 22 1 
4569 109 1 
4569 121 1 
4569 128 1 
4569 139 1 
4569 217 1 
4570 307 1 
4571 38 1 
4572 18 1 
4572 139 1 
4572 152 1 
4572 153 1 
4572 154 1 
4572 155 1 
4572 157 1 
4572 160 1 
4572 161 1 
4572 164 1 
4572 166 1 
4572 169 1 
4572 170 1 
4572 171 1 
4572 172 1 
4572 173 1 
4572 176 1 
4572 178 1 
4572 179 1 
4572 180 1 
4572 181 1 
4572 182 1 
4572 183 1 
4572 184 1 
4572 188 1 
4572 189 1 
4572 190 1 
4572 198 1 
4572 199 1 
4572 200 1 
4572 201 1 
4572 203 1 
4572 204 1 
4572 213 1 
4572 216 1 
4572 217 1 
4572 227 1 
4572 235 1 
4572 236 1 
4572 252 1 
4572 262 1 
4572 267 1 
4572 274 1 
4572 278 1 
4572 286 1 
4572 295 1 
4572 297 1 
4572 299 1 
4572 300 1 
4572 302 1 
4572 326 1 
4572 340 1 
4572 346 1 
4572 348 1 
4573 25 1 
4573 28 1 
4573 113 1 
4573 113 1 
4573 113 1 
4573 330 1 
4573 341 1 
4574 163 1 
4575 105 1 
4575 185 1 
4576 4 1 
4576 5 1 
4576 7 1 
4576 8 1 
4576 113 1 
4576 113 1 
4576 113 1 
4576 113 1 
4576 113 1 
4576 113 1 
4576 113 1 
4576 113 1 
4576 113 1 
4576 113 1 
4576 113 1 
4576 113 1 
4576 113 1 
4576 113 1 
4576 113 1 
4576 113 1 
4576 113 1 
4576 113 1 
4576 113 1 
4576 113 1 
4576 113 1 
4576 113 1 
4576 113 1 
4576 124 1 
4576 124 1 
4576 124 1 
4576 124 1 
4576 124 1 
4576 124 1 
4576 124 1 
4576 124 1 
4576 124 1 
4576 124 1 
4576 124 1 
4576 124 1 
4576 124 1 
4576 299 1 
4576 306 1 
4577 8 1 
4577 111 1 
4577 111 1 
4577 111 1 
4577 111 1 
4577 111 1 
4577 111 1 
4577 111 1 
4577 219 1 
4577 254 1 
4578 44 1 
4579 190 2 
4580 48 1 
4581 299 1 
4581 350 1 
4581 350 1 
4582 113 1 
4582 113 1 
4582 293 1 
4582 306 1 
4583 350 1 
4584 1 2 
4584 61 2 
4584 124 1 
4584 124 1 
4584 124 1 
4584 124 1 
4584 124 1 
4585 350 1 
4586 299 1 
4587 350 1 
4588 111 1 
4589 113 1 
4590 124 1 
4591 22 1 
4592 1 1 
4592 61 1 
4592 299 1 
4592 334 1 
4593 211 1 
4593 211 1 
4593 211 1 
4594 337 1 
4595 350 1 
4596 285 1 
4596 305 1 
4597 110 2 
4597 110 2 
4597 110 2 
4597 110 2 
4597 110 2 
4597 244 1 
4598 309 1 
4599 321 1 
4599 338 1 
4599 338 1 
4600 124 1 
4601 243 1 
4602 160 1 
4603 354 1 
4604 352 1 
4605 111 1 
4605 229 1 
4605 230 1 
4605 335 1 
4606 299 1 
4606 299 1 
4606 299 1 
4607 113 1 
4607 124 1 
4608 350 1 
4609 13 1 
4609 13 1 
4609 14 1 
4609 14 1 
4609 16 1 
4609 17 1 
4609 19 1 
4609 23 1 
4609 44 1 
4609 132 1 
4609 135 1 
4609 138 1 
4609 141 1 
4609 142 1 
4609 143 1 
4609 144 1 
4609 146 1 
4609 151 1 
4609 156 1 
4609 167 1 
4609 192 1 
4609 196 1 
4609 201 3 
4609 207 1 
4609 212 1 
4609 237 1 
4609 240 1 
4609 241 1 
4609 242 1 
4609 268 1 
4609 356 3 
4609 356 3 
4610 170 1 
4611 22 1 
4611 38 1 
4612 105 1 
4613 8 1 
4613 234 1 
4613 238 1 
4613 254 1 
4614 1 1 
4614 19 1 
4614 61 1 
4614 207 1 
4615 336 1 
4616 3 1 
4616 4 1 
4616 8 1 
4616 8 1 
4616 8 1 
4616 83 1 
4616 103 1 
4616 103 1 
4616 107 1 
4616 108 1 
4616 109 1 
4616 113 1 
4616 113 1 
4616 113 1 
4616 113 1 
4616 113 1 
4616 113 1 
4616 121 1 
4616 121 1 
4616 121 1 
4616 121 1 
4616 121 1 
4616 128 1 
4616 139 1 
4616 166 1 
4616 166 1 
4616 166 1 
4616 166 1 
4616 166 1 
4616 166 1 
4616 173 1 
4616 173 1 
4616 173 1 
4616 173 1 
4616 173 1 
4616 180 1 
4616 180 1 
4616 181 1 
4616 181 1 
4616 188 1 
4616 212 1 
4616 243 1 
4616 281 1 
4616 282 1 
4616 291 1 
4616 299 1 
4616 299 1 
4616 305 1 
4616 322 1 
4616 340 1 
4616 340 1 
4616 340 1 
4617 128 1 
4618 16 1 
4618 16 1 
4618 16 1 
4618 16 1 
4618 16 1 
4618 16 1 
4618 17 1 
4618 17 1 
4618 17 1 
4618 17 1 
4618 17 1 
4618 17 1 
4618 19 1 
4618 19 1 
4618 19 1 
4618 19 1 
4618 19 1 
4618 19 1 
4618 132 1 
4618 132 1 
4618 132 1 
4618 132 1 
4618 132 1 
4618 132 1 
4618 135 1 
4618 135 1 
4618 135 1 
4618 135 1 
4618 135 1 
4618 135 1 
4618 138 1 
4618 138 1 
4618 138 1 
4618 138 1 
4618 138 1 
4618 138 1 
4618 142 1 
4618 142 1 
4618 142 1 
4618 142 1 
4618 142 1 
4618 142 1 
4618 143 1 
4618 143 1 
4618 143 1 
4618 143 1 
4618 143 1 
4618 143 1 
4618 144 1 
4618 144 1 
4618 144 1 
4618 144 1 
4618 144 1 
4618 144 1 
4618 146 1 
4618 146 1 
4618 146 1 
4618 146 1 
4618 146 1 
4618 146 1 
4618 151 1 
4618 151 1 
4618 151 1 
4618 151 1 
4618 151 1 
4618 151 1 
4618 156 1 
4618 156 1 
4618 156 1 
4618 156 1 
4618 156 1 
4618 156 1 
4618 167 1 
4618 167 1 
4618 167 1 
4618 167 1 
4618 167 1 
4618 167 1 
4618 192 1 
4618 192 1 
4618 192 1 
4618 192 1 
4618 192 1 
4618 192 1 
4618 196 1 
4618 196 1 
4618 196 1 
4618 196 1 
4618 196 1 
4618 196 1 
4618 207 1 
4618 207 1 
4618 207 1 
4618 207 1 
4618 207 1 
4618 207 1 
4618 212 1 
4618 212 1 
4618 212 1 
4618 212 1 
4618 212 1 
4618 212 1 
4619 285 1 
4620 128 1 
4620 139 1 
4620 279 1 
4620 336 1 
4621 54 1 
4622 7 1 
4622 7 1 
4623 299 1 
4624 283 1 
4624 283 1 
4624 308 1 
4624 329 1 
4624 340 1 
4624 340 1 
4624 340 1 
4625 113 1 
4626 338 1 
4627 204 1 
4627 204 1 
4627 204 1 
4627 204 1 
4628 4 1 
4628 4 1 
4628 4 1 
4628 4 1 
4628 27 2 
4628 97 3 
4628 186 1 
4628 254 1 
4628 333 1 
4628 343 1 
4629 321 1 
4630 28 1 
4630 28 1 
4630 30 1 
4630 64 3 
4630 66 1 
4630 70 1 
4630 82 1 
4630 299 1 
4630 319 3 
4630 336 1 
4630 336 1 
4630 336 1 
4630 336 1 
4631 285 1 
4631 285 1 
4632 113 1 
4632 340 1 
4633 108 1 
4633 128 2 
4633 128 1 
4633 128 1 
4633 128 1 
4633 128 1 
4633 128 1 
4633 128 1 
4633 128 1 
4633 128 1 
4633 128 1 
4633 337 1 
4633 337 1 
4634 283 1 
4634 283 1 
4635 113 1 
4635 113 1 
4635 113 1 
4635 113 1 
4635 113 1 
4635 139 1 
4635 355 1 
4635 355 1 
4636 113 1 
4637 7 1 
4637 7 1 
4637 139 1 
4637 342 1 
4638 7 1 
4639 70 1 
4640 139 1 
4641 44 1 
4642 133 1 
4642 136 1 
4643 133 1 
4643 133 1 
4643 133 1 
4643 136 1 
4643 136 1 
4643 136 1 
4644 350 1 
4645 299 1 
4646 350 1 
4647 98 1 
4648 54 1 
4649 321 1 
4650 54 1 
4651 70 1 
4652 190 1 
4653 338 1 
4654 275 1 
4655 17 1 
4655 28 1 
4655 350 1 
4656 299 1 
4657 70 1 
4658 54 1 
4659 321 1 
4660 124 1 
4661 128 1 
