0 1 1 0 
1 4 1 0 
4 5 1 0 
5 11 6 0 
11 12 1 0 
12 14 2 0 
14 15 1 0 
15 31 8 0 
31 32 1 0 
32 33 1 0 
33 47 1 0 
47 48 1 0 
48 49 1 0 
49 50 1 0 
50 52 2 0 
52 53 1 0 
53 56 2 0 
56 57 1 0 
57 58 1 0 
58 60 1 0 
60 62 1 0 
62 63 1 0 
63 66 1 0 
66 67 1 0 
67 72 4 0 
72 74 1 0 
74 76 2 0 
76 79 2 0 
79 80 1 0 
80 82 1 0 
82 83 1 0 
83 85 1 0 
85 87 1 0 
87 104 13 0 
104 105 1 0 
105 107 2 0 
107 109 2 0 
109 110 1 0 
110 111 1 0 
111 115 4 0 
115 119 1 0 
119 467 245 0 
467 468 1 0 
468 476 7 0 
476 483 6 0 
483 484 1 0 
484 487 3 0 
487 500 13 0 
500 501 1 0 
501 502 1 0 
502 544 37 0 
544 548 4 0 
548 555 7 0 
555 558 3 0 
558 566 1 0 
566 568 1 0 
568 569 1 0 
569 621 52 0 
621 658 33 0 
658 662 3 0 
662 663 1 0 
663 667 4 0 
667 668 1 0 
668 679 10 0 
679 681 1 0 
681 691 4 0 
691 692 1 0 
692 697 1 0 
697 699 1 0 
699 700 1 0 
700 701 1 0 
701 705 4 0 
705 707 2 0 
707 709 1 0 
709 710 1 0 
710 711 1 0 
711 719 8 0 
719 721 2 0 
721 723 1 0 
723 725 1 0 
725 726 1 0 
726 729 3 0 
729 730 1 0 
730 731 1 0 
731 732 1 0 
732 733 1 0 
733 734 1 0 
734 735 1 0 
735 748 10 0 
748 759 11 0 
759 765 3 0 
765 767 1 0 
767 769 2 0 
769 1034 167 0 
1034 1035 1 0 
1035 1036 1 0 
1036 1037 1 0 
1037 1040 1 0 
1040 1129 72 0 
1129 1131 2 0 
1131 1132 1 0 
1132 1133 1 0 
1133 1170 37 0 
1170 1171 1 0 
1171 1173 2 0 
1173 1175 2 0 
1175 1178 1 0 
1178 1180 1 0 
1180 1181 1 0 
1181 1185 4 0 
1185 1187 2 0 
1187 1189 2 0 
1189 1196 4 0 
1196 1197 1 0 
1197 1200 2 0 
1200 2495 670 0 
2495 2496 1 0 
2496 2499 1 0 
2499 2500 1 0 
2500 2512 11 0 
2512 2513 1 0 
2513 2519 6 0 
2519 2549 19 0 
2549 2551 2 0 
2551 2571 18 0 
2571 2572 1 0 
2572 2573 1 0 
2573 2603 22 0 
2603 2619 2 0 
2619 2626 6 0 
2626 2627 1 0 
2627 2628 1 0 
2628 2632 1 0 
2632 2633 1 0 
2633 2635 2 0 
2635 2636 1 0 
2636 2637 1 0 
2637 2644 5 0 
2644 2645 1 0 
2645 2647 2 0 
2647 2648 1 0 
2648 2649 1 0 
2649 2653 3 0 
2653 2655 1 0 
2655 2660 5 0 
2660 2661 1 0 
2661 2662 1 0 
2662 2663 1 0 
2663 2665 2 0 
2665 2694 28 0 
2694 2710 10 0 
2710 2711 1 0 
2711 2730 17 0 
2730 2737 7 0 
2737 2765 18 0 
2765 2766 1 0 
2766 2767 1 0 
2767 2768 1 0 
2768 2771 2 0 
2771 2772 1 0 
2772 2773 1 0 
2773 2774 1 0 
2774 2782 1 0 
2782 2784 1 0 
2784 2785 1 0 
2785 2802 17 0 
2802 2803 1 0 
2803 2808 4 0 
2808 2809 1 0 
2809 2810 1 0 
2810 2811 1 0 
2811 2812 1 0 
2812 2813 1 0 
2813 2814 1 0 
2814 2816 2 0 
2816 2820 4 0 
2820 2880 59 0 
2880 2881 1 0 
2881 2883 2 0 
2883 2884 1 0 
2884 2885 1 0 
2885 2887 1 0 
2887 2900 4 0 
2900 2902 1 0 
2902 2903 1 0 
2903 2923 18 0 
2923 2932 9 0 
2932 2933 1 0 
2933 2936 3 0 
2936 2941 5 0 
2941 2942 1 0 
2942 2943 1 0 
2943 2947 4 0 
2947 2949 1 0 
2949 2950 1 0 
2950 2951 1 0 
2951 2953 1 0 
2953 2955 2 0 
2955 2956 1 0 
2956 2957 1 0 
2957 2990 32 0 
2990 2991 1 0 
2991 2995 1 0 
2995 2996 1 0 
2996 3012 15 0 
3012 3051 37 0 
3051 3053 2 0 
3053 3068 15 0 
3068 3069 1 0 
3069 3071 1 0 
3071 3081 10 0 
3081 3082 1 0 
3082 3083 1 0 
3083 3086 1 0 
3086 3093 1 0 
3093 3094 1 0 
3094 3095 1 0 
3095 3096 1 0 
3096 3097 1 0 
3097 3110 10 0 
3110 3111 1 0 
3111 3112 1 0 
3112 3113 1 0 
3113 3115 2 0 
3115 3117 2 0 
3117 3118 1 0 
3118 3119 1 0 
3119 3123 4 0 
3123 3124 1 0 
3124 3125 1 0 
3125 3127 2 0 
3127 3128 1 0 
3128 3129 1 0 
3129 3130 1 0 
3130 3132 2 0 
3132 3134 1 0 
3134 3135 1 0 
3135 3156 14 0 
3156 3157 1 0 
3157 3161 4 0 
3161 3163 1 0 
3163 3164 1 0 
3164 3165 1 0 
3165 3172 7 0 
3172 3175 1 0 
3175 3178 3 0 
3178 3188 10 0 
3188 3189 1 0 
3189 3190 1 0 
3190 3197 7 0 
3197 3198 1 0 
3198 3199 1 0 
3199 3200 1 0 
3200 3201 1 0 
3201 3202 1 0 
3202 3218 14 0 
3218 3219 1 0 
3219 3223 3 0 
3223 3224 1 0 
3224 3225 1 0 
3225 3226 1 0 
3226 3227 1 0 
3227 3229 1 0 
3229 3230 1 0 
3230 3231 1 0 
3231 3234 1 0 
3234 3241 7 0 
3241 3246 5 0 
3246 3247 1 0 
3247 3249 1 0 
3249 3274 13 0 
3274 3275 1 0 
3275 3276 1 0 
3276 3290 10 0 
3290 3291 1 0 
3291 3292 1 0 
3292 3302 10 0 
3302 3303 1 0 
3303 3372 57 0 
3372 3374 2 0 
3374 3380 4 0 
3380 3381 1 0 
3381 3382 1 0 
3382 3383 1 0 
3383 3396 4 0 
3396 3398 2 0 
3398 3490 90 0 
3490 3491 1 0 
3491 3492 1 0 
3492 3501 1 0 
3501 3502 1 0 
3502 3503 1 0 
3503 3504 1 0 
3504 3740 221 0 
3740 3742 2 0 
3742 3747 3 0 
3747 3748 1 0 
3748 3758 8 0 
3758 3762 2 0 
3762 3763 1 0 
3763 3771 5 0 
3771 3772 1 0 
3772 3773 1 0 
3773 3774 1 0 
3774 3775 1 0 
3775 3777 2 0 
3777 3778 1 0 
3778 3779 1 0 
3779 3780 1 0 
3780 3787 5 0 
3787 3797 4 0 
3797 3798 1 0 
3798 3799 1 0 
3799 3801 1 0 
3801 3803 1 0 
3803 3804 1 0 
3804 3805 1 0 
3805 3826 10 0 
3826 3829 1 0 
3829 3830 1 0 
3830 3831 1 0 
3831 3832 1 0 
3832 3833 1 0 
3833 3835 2 0 
3835 3836 1 0 
3836 3838 2 0 
3838 3839 1 0 
3839 3840 1 0 
3840 3846 6 0 
3846 3847 1 0 
3847 3850 3 0 
3850 3851 1 0 
3851 3864 13 0 
3864 3865 1 0 
3865 3867 1 0 
3867 3869 1 0 
3869 3870 1 0 
3870 3902 29 0 
3902 3903 1 0 
3903 3904 1 0 
3904 3909 5 0 
3909 3910 1 0 
3910 3914 4 0 
3914 3915 1 0 
3915 3920 5 0 
3920 3921 1 0 
3921 3938 17 0 
3938 3942 4 0 
3942 3943 1 0 
3943 3946 2 0 
3946 3947 1 0 
3947 3948 1 0 
3948 3949 1 0 
3949 3950 1 0 
3950 3952 1 0 
3952 3962 10 0 
3962 3963 1 0 
3963 3965 2 0 
3965 3986 13 0 
3986 3989 3 0 
3989 3998 9 0 
3998 4002 3 0 
4002 4005 1 0 
4005 4051 46 0 
4051 4054 3 0 
4054 4061 3 0 
4061 4062 1 0 
4062 4350 250 0 
4350 4351 1 0 
4351 4353 2 0 
4353 4354 1 0 
4354 4358 3 0 
4358 4360 2 0 
4360 4361 1 0 
4361 4367 2 0 
4367 4368 1 0 
4368 4381 12 0 
4381 4382 1 0 
4382 4396 10 0 
4396 4401 5 0 
4401 4402 1 0 
4402 4404 2 0 
4404 4407 3 0 
4407 4408 1 0 
4408 4413 5 0 
4413 4438 21 0 
4438 4439 1 0 
4439 4440 1 0 
4440 4459 15 0 
4459 4485 22 0 
4485 4486 1 0 
4486 4491 4 0 
4491 4493 1 0 
4493 4494 1 0 
4494 4532 35 0 
4532 4533 1 0 
4533 4543 8 0 
4543 4682 127 0 
4682 4684 2 0 
4684 4685 1 0 
4685 4687 1 0 
4687 4690 3 0 
4690 4705 14 0 
4705 4706 1 0 
4706 4866 157 0 
4866 4880 8 0 
4880 4881 1 0 
4881 4882 1 0 
4882 4883 1 0 
4883 4885 2 0 
4885 4886 1 0 
4886 4888 2 0 
4888 4892 3 0 
4892 4902 10 0 
4902 4903 1 0 
4903 4904 1 0 
4904 4906 1 0 
4906 4907 1 0 
4907 4908 1 0 
4908 4909 1 0 
4909 4916 2 0 
4916 4917 1 0 
4917 4918 1 0 
4918 4919 1 0 
4919 4920 1 0 
4920 4921 1 0 
4921 4923 2 0 
4923 4926 3 0 
4926 4927 1 0 
4927 4928 1 0 
4928 4930 1 0 
4930 4931 1 0 
4931 4932 1 0 
4932 4933 1 0 
4933 4968 35 0 
4968 4971 1 0 
4971 4972 1 0 
4972 4977 3 0 
4977 4978 1 0 
4978 4983 5 0 
4983 4999 15 0 
4999 5000 1 0 
5000 5117 107 0 
5117 5134 9 0 
5134 5135 1 0 
5135 5178 15 0 
5178 5179 1 0 
5179 5181 1 0 
5181 5182 1 0 
5182 5183 1 0 
5183 5184 1 0 
5184 5185 1 0 
5185 5320 126 0 
5320 5354 33 0 
5354 5356 2 0 
5356 5387 28 0 
5387 5391 3 0 
5391 5392 1 0 
5392 5396 2 0 
5396 5408 12 0 
5408 5539 117 0 
5539 5540 1 0 
5540 5543 3 0 
5543 5593 40 0 
5593 5762 161 0 
5762 5765 1 0 
5765 5766 1 0 
5766 5767 1 0 
5767 5768 1 0 
5768 5769 1 0 
5769 5770 1 0 
5770 5771 1 0 
5771 5772 1 0 
5772 5773 1 0 
5773 5781 7 0 
5781 5783 2 0 
5783 5784 1 0 
5784 5809 24 0 
5809 5810 1 0 
5810 5813 1 0 
5813 5814 1 0 
5814 5815 1 0 
5815 5816 1 0 
5816 5818 2 0 
5818 5819 1 0 
5819 5820 1 0 
5820 5830 5 0 
5830 5831 1 0 
5831 5832 1 0 
5832 5833 1 0 
5833 5867 30 0 
5867 5869 2 0 
5869 5872 3 0 
5872 5880 7 0 
5880 5883 3 0 
5883 5884 1 0 
5884 5885 1 0 
5885 5893 7 0 
5893 5896 3 0 
5896 5897 1 0 
5897 5899 1 0 
5899 5905 6 0 
5905 5906 1 0 
5906 5910 3 0 
5910 5915 5 0 
5915 5919 3 0 
5919 5921 1 0 
5921 5955 28 0 
5955 5956 1 0 
5956 5966 6 0 
5966 5967 1 0 
5967 5969 2 0 
5969 6007 35 0 
6007 6008 1 0 
6008 6070 62 0 
6070 6073 1 0 
6073 6074 1 0 
6074 6076 2 0 
6076 6077 1 0 
6077 6078 1 0 
6078 6079 1 0 
6079 6084 5 0 
6084 6085 1 0 
6085 6088 1 0 
6088 6089 1 0 
6089 6174 76 0 
6174 6193 18 0 
6193 6195 2 0 
6195 6196 1 0 
6196 6197 1 0 
6197 6228 29 0 
6228 6229 1 0 
6229 6232 3 0 
6232 6237 3 0 
6237 6239 2 0 
6239 6264 22 0 
6264 6268 2 0 
6268 6274 6 0 
6274 6287 10 0 
6287 6288 1 0 
6288 6380 88 0 
6380 6381 1 0 
6381 6384 2 0 
6384 6386 2 0 
6386 6389 1 0 
6389 6394 5 0 
6394 6405 10 0 
6405 6406 1 0 
6406 6461 34 0 
6461 6464 3 0 
6464 6465 1 0 
6465 6467 2 0 
6467 6469 2 0 
6469 6470 1 0 
6470 6474 4 0 
6474 6475 1 0 
6475 6476 1 0 
6476 6480 3 0 
6480 6481 1 0 
6481 6490 5 0 
6490 6549 59 0 
6549 6712 144 0 
6712 6882 162 0 
6882 6889 7 0 
6889 6894 2 0 
6894 6895 1 0 
6895 6896 1 0 
6896 6972 72 0 
6972 6983 3 0 
6983 6995 11 0 
6995 6999 4 0 
6999 7007 6 0 
7007 7009 2 0 
7009 7018 7 0 
7018 7031 10 0 
7031 7032 1 0 
7032 7033 1 0 
7033 7036 2 0 
7036 7037 1 0 
7037 7038 1 0 
7038 7235 180 0 
7235 7270 34 0 
7270 7297 23 0 
7297 7302 1 0 
7302 7307 5 0 
7307 7308 1 0 
7308 7309 1 0 
7309 7311 2 0 
7311 7318 5 0 
7318 7323 3 0 
7323 7325 2 0 
7325 7329 4 0 
7329 7330 1 0 
7330 7331 1 0 
7331 7332 1 0 
7332 7342 9 0 
7342 7349 7 0 
7349 7350 1 0 
7350 7351 1 0 
7351 7352 1 0 
7352 7355 1 0 
7355 7360 5 0 
7360 7361 1 0 
7361 7365 3 0 
7365 7382 16 0 
7382 7390 8 0 
7390 7393 3 0 
7393 7394 1 0 
7394 7445 47 0 
7445 7448 2 0 
7448 7521 72 0 
7521 7526 5 0 
7526 7527 1 0 
7527 7528 1 0 
7528 7529 1 0 
7529 7530 1 0 
7530 7545 11 0 
7545 7589 39 0 
7589 7723 129 0 
7723 7732 7 0 
7732 7742 10 0 
7742 7745 3 0 
7745 7746 1 0 
7746 7852 91 0 
7852 7853 1 0 
7853 7854 1 0 
7854 7855 1 0 
7855 7857 1 0 
7857 7858 1 0 
7858 7859 1 0 
7859 7860 1 0 
7860 7869 9 0 
7869 7872 3 0 
7872 7873 1 0 
7873 7882 8 0 
7882 7886 4 0 
7886 7890 4 0 
7890 7908 13 0 
7908 7985 71 0 
7985 7990 5 0 
7990 7991 1 0 
7991 8012 17 0 
8012 8013 1 0 
8013 8022 8 0 
8022 8194 169 0 
8194 8199 3 0 
8199 8200 1 0 
8200 8252 52 0 
8252 8421 163 0 
8421 8422 1 0 
8422 8465 34 0 
8465 8471 5 0 
8471 8483 12 0 
8483 8510 26 0 
8510 8521 10 0 
8521 8526 4 0 
8526 8527 1 0 
8527 8544 17 0 
8544 8545 1 0 
8545 8546 1 0 
8546 8547 1 0 
8547 8558 11 0 
8558 8590 25 0 
8590 8613 14 0 
8613 8630 17 0 
8630 8688 58 0 
8688 8689 1 0 
8689 8694 4 0 
8694 8729 31 0 
8729 8735 5 0 
8735 8757 6 0 
8757 8773 12 0 
8773 8776 3 0 
8776 8778 2 0 
8778 8789 10 0 
8789 8790 1 0 
8790 8791 1 0 
8791 8816 24 0 
8816 8817 1 0 
8817 8830 13 0 
8830 8838 7 0 
8838 8841 3 0 
8841 8851 8 0 
8851 8860 7 0 
8860 8869 5 0 
8869 8874 5 0 
8874 8875 1 0 
8875 8876 1 0 
8876 8892 6 0 
8892 8893 1 0 
8893 8894 1 0 
8894 8985 76 0 
8985 8999 7 0 
8999 9000 1 0 
9000 9001 1 0 
9001 9011 8 0 
9011 9025 10 0 
9025 9044 6 0 
9044 9046 1 0 
9046 9047 1 0 
9047 9048 1 0 
9048 9052 4 0 
9052 9053 1 0 
9053 9119 53 0 
9119 9121 2 0 
9121 9123 1 0 
9123 9125 1 0 
9125 9154 11 0 
9154 9165 6 0 
9165 9172 7 0 
9172 9178 5 0 
9178 9181 3 0 
9181 9182 1 0 
9182 9224 36 0 
9224 9226 1 0 
9226 9231 5 0 
9231 9232 1 0 
9232 9233 1 0 
9233 9234 1 0 
9234 9236 1 0 
9236 9240 1 0 
9240 9414 106 0 
9414 9415 1 0 
9415 9418 2 0 
9418 9491 64 0 
9491 9492 1 0 
9492 9496 4 0 
9496 9498 2 0 
9498 9499 1 0 
9499 9513 13 0 
9513 9515 1 0 
9515 9747 221 0 
9747 9748 1 0 
9748 9751 2 0 
9751 9756 3 0 
9756 9762 5 0 
9762 9764 2 0 
9764 9812 44 0 
9812 9830 12 0 
9830 9840 7 0 
9840 10007 157 0 
10007 10008 1 0 
10008 10009 1 0 
10009 10051 36 0 
10051 10054 2 0 
10054 10056 2 0 
10056 10066 9 0 
10066 10119 46 0 
10119 10125 6 0 
10125 10127 1 0 
10127 10133 6 0 
10133 10134 1 0 
10134 10136 2 0 
10136 10137 1 0 
10137 10138 1 0 
10138 10139 1 0 
10139 10140 1 0 
10140 10141 1 0 
10141 10143 2 0 
10143 10144 1 0 
10144 10152 7 0 
10152 10160 7 0 
10160 10227 56 0 
10227 10230 3 0 
10230 10250 18 0 
10250 10306 53 0 
10306 10312 2 0 
10312 10314 2 0 
10314 10329 14 0 
10329 10330 1 0 
10330 10392 55 0 
10392 10398 3 0 
10398 10408 10 0 
10408 10485 64 0 
10485 10544 54 0 
10544 10622 62 0 
10622 10671 40 0 
10671 10716 33 0 
10716 10731 11 0 
10731 10744 9 0 
10744 10754 9 0 
10754 11042 196 0 
11042 11052 10 0 
11052 11054 1 0 
11054 11057 3 0 
11057 11119 41 0 
11119 11122 3 0 
11122 11123 1 0 
11123 11125 1 0 
11125 11202 59 0 
11202 11203 1 0 
11203 11205 2 0 
11205 11207 1 0 
11207 11217 10 0 
11217 11278 61 0 
11278 11279 1 0 
11279 11294 10 0 
11294 11296 2 0 
11296 11298 2 0 
