0 231 0.0 
0 334 0.0 
0 334 0.0 
0 335 0.0 
0 338 0.0 
1 196 0.00920594949275 
1 196 0.0 
1 196 0.0 
1 350 0.0 
2 111 0.0 
2 111 0.0 
2 111 0.0 
2 111 0.0 
2 113 0.0 
2 113 0.0 
2 113 0.0 
2 124 0.0 
2 124 0.0 
2 124 0.0 
2 124 0.0 
2 124 0.0 
2 128 0.0 
2 128 0.0 
2 128 0.0 
2 128 0.0 
2 189 0.0 
2 228 0.0 
2 228 0.0 
2 228 0.0 
2 281 0.0 
2 283 0.0 
2 283 0.00207652989775 
2 283 0.0 
2 283 0.0 
2 283 0.0 
2 283 0.0 
2 283 0.0 
2 283 0.0 
2 283 0.0 
2 290 0.0 
2 290 0.0 
2 298 0.0 
2 299 0.0 
2 306 0.0 
2 306 0.0 
2 306 0.0 
2 306 0.0 
2 306 0.0 
2 307 0.0 
2 308 0.0 
2 308 0.0 
2 309 0.0 
2 311 0.0 
2 331 0.0 
2 331 0.0 
2 331 0.0 
2 331 0.0 
2 334 0.0 
2 336 0.0 
2 340 0.0 
2 342 0.0 
2 342 0.0 
2 350 0.0 
2 350 0.0 
2 350 0.0 
2 350 0.0 
2 350 0.0 
2 350 0.0 
2 350 0.0 
2 350 0.0 
2 354 0.0 
3 111 0.0 
3 124 0.0 
3 299 0.0 
3 350 0.0 
3 350 0.0 
4 336 0.0 
5 124 0.0 
5 124 0.0 
6 8 0.0 
7 228 0.0 
7 350 0.0 
8 217 0.0 
8 281 0.0 
8 299 0.0 
8 299 0.0 
8 299 0.0 
8 299 0.0 
8 350 0.0 
9 34 0.0 
9 34 0.0 
9 204 0.0 
10 340 0.0 
11 306 0.0 
11 350 0.0 
12 124 0.0 
13 113 0.0 
14 113 0.0 
14 113 0.0 
14 299 0.0 
14 299 0.0 
14 299 0.0 
14 299 0.0 
14 299 0.0 
14 336 0.0 
15 24 0.0 
15 166 0.0 
15 256 0.0 
15 258 0.0 
15 264 0.0 
15 272 0.0 
15 273 0.0 
15 275 0.0 
15 279 0.0 
15 282 0.0 
15 283 0.0 
15 285 0.0 
15 289 0.0 
15 291 0.0 
15 293 0.0 
15 299 0.0 
15 304 0.0 
15 305 0.0 
15 306 0.0 
15 307 0.0 
15 308 0.0 
15 309 0.0 
15 310 0.0 
15 311 0.0 
15 312 0.0 
15 313 0.0 
15 314 0.0 
15 315 0.0 
15 316 0.0 
15 317 0.0 
15 318 0.0 
15 319 0.0 
15 320 0.0 
15 321 0.0 
15 322 0.0 
15 323 0.0 
15 324 0.0 
15 325 0.0 
15 327 0.0 
15 328 0.0 
15 331 0.0 
15 332 0.0 
15 334 0.0 
15 335 0.0 
15 336 0.0 
15 337 0.0 
15 338 0.0 
15 339 0.0 
15 340 0.0 
15 342 0.0 
15 350 0.0 
15 351 0.0 
15 352 0.0 
16 77 0.0 
16 195 0.00382856442593 
16 210 0.0 
16 212 0.0 
16 212 0.0 
16 302 0.0 
17 350 0.0 
18 8 0.00825910456479 
18 8 0.0 
18 28 0.0 
18 166 0.0 
18 222 0.0 
18 222 0.0 
18 234 0.0 
18 238 0.0 
18 308 0.0 
18 311 0.0 
18 340 0.0 
18 340 0.0 
18 340 0.0 
19 113 0.0 
20 38 0.0 
20 38 0.0 
21 299 0.0 
22 113 0.0 
22 350 0.0 
23 124 0.0 
23 124 0.0 
23 350 0.0 
23 350 0.0 
23 350 0.0 
24 176 0.0 
25 3 0.0 
25 7 0.0 
25 7 0.0 
25 7 0.0 
25 8 0.0 
25 8 0.0 
25 13 0.0 
25 54 0.0 
25 54 0.0 
25 54 0.0 
25 113 0.0 
25 113 0.0 
25 113 0.0 
25 113 0.0 
25 113 0.0 
25 124 0.0 
25 128 0.0 
25 128 0.0 
25 128 0.0 
25 128 0.0 
25 164 0.0 
25 234 0.0 
25 238 0.0 
26 93 0.011519276537 
27 336 0.0 
28 350 0.0 
29 7 0.0 
29 293 0.0 
30 113 0.0 
31 169 0.0 
32 38 0.0 
32 267 0.0 
32 321 0.0 
33 38 0.0 
33 167 0.0 
33 167 0.0 
33 167 0.0 
33 167 0.0 
33 167 0.0 
33 167 0.0 
33 167 0.0 
33 167 0.0 
33 167 0.0 
33 167 0.0 
33 167 0.0 
33 167 0.0 
33 167 0.0 
33 167 0.0 
34 346 0.0 
35 38 0.0 
36 167 0.0 
36 167 0.0 
36 167 0.0 
36 167 0.0 
36 167 0.0 
37 188 0.0 
37 235 0.0 
38 44 0.0394540689886 
38 289 0.0 
38 289 0.0 
38 289 0.0 
38 289 0.0 
38 289 0.0 
38 299 0.0 
38 299 0.0 
39 299 0.0 
40 89 0.0 
41 30 0.0 
41 113 0.0 
41 217 0.0 
41 299 0.0 
41 299 0.0 
41 299 0.0 
41 299 0.0 
41 299 0.0 
42 3 0.0 
42 7 0.0 
42 7 0.0 
42 8 0.0 
42 17 0.0 
42 18 0.0 
42 19 0.0 
42 32 0.0 
42 83 0.0 
42 113 0.0 
42 113 0.0 
42 113 0.0 
42 113 0.0 
42 113 0.0 
42 113 0.0 
42 113 0.0 
42 113 0.0 
42 113 0.0 
42 113 0.0 
42 113 0.0 
42 128 0.0 
42 128 0.0 
42 128 0.0 
42 128 0.0 
42 166 0.0 
42 189 0.0 
42 190 0.0 
42 196 0.0 
42 199 0.0 
42 204 0.0 
42 207 0.0 
42 222 0.0 
42 263 0.0 
42 279 0.0 
42 281 0.0 
42 284 0.0 
42 285 0.0 
42 290 0.0 
42 291 0.0 
42 291 0.0 
42 291 0.0 
42 299 0.0 
42 299 0.0 
42 299 0.0 
42 299 0.0 
42 305 0.0 
42 305 0.0 
42 305 0.0 
42 305 0.0 
42 306 0.0 
42 306 0.0 
42 306 0.0 
42 306 0.0 
42 308 0.0 
42 308 0.0 
42 331 0.0 
42 331 0.0 
42 335 0.0 
42 340 0.0 
42 340 0.0 
42 342 0.0 
42 342 0.0 
42 350 0.0 
42 350 0.0 
42 350 0.0 
42 350 0.0 
42 350 0.0 
42 350 0.0 
42 350 0.0 
42 350 0.0 
42 354 0.0 
42 354 0.0 
42 354 0.0 
42 354 0.0 
42 354 0.0 
42 354 0.0 
43 1 0.0193117279559 
43 1 0.0193117279559 
43 3 0.0 
43 3 0.0 
43 3 0.0 
43 3 0.0 
43 3 0.0 
43 3 0.0 
43 5 0.0 
43 5 0.0 
43 7 0.0 
43 7 0.0 
43 7 0.0 
43 7 0.0 
43 8 0.0 
43 8 0.00825910456479 
43 8 0.00825910456479 
43 8 0.0 
43 8 0.0 
43 8 0.00825910456479 
43 8 0.0 
43 8 0.0 
43 8 0.0 
43 8 0.00825910456479 
43 8 0.00825910456479 
43 8 0.0 
43 8 0.0 
43 8 0.0 
43 8 0.0 
43 11 0.0 
43 13 0.0 
43 15 0.0 
43 16 0.0 
43 16 0.0 
43 17 0.0 
43 22 0.0 
43 24 0.0 
43 28 0.0 
43 28 0.0 
43 28 0.0 
43 28 0.0 
43 28 0.0 
43 28 0.0 
43 28 0.0 
43 28 0.0 
43 28 0.0 
43 28 0.0 
43 28 0.0 
43 28 0.0 
43 34 0.0 
43 44 0.0 
43 44 0.0 
43 44 0.0 
43 54 0.0 
43 54 0.0 
43 54 0.0 
43 61 0.187599658966 
43 61 0.187599658966 
43 75 0.21886625886 
43 83 0.0 
43 86 0.0625332221389 
43 91 0.0257489737123 
43 91 0.0257489737123 
43 103 0.0 
43 103 0.0 
43 103 0.0 
43 103 0.0 
43 103 0.0 
43 103 0.0 
43 103 0.0 
43 103 0.0 
43 103 0.0 
43 103 0.0 
43 103 0.0 
43 103 0.0 
43 109 0.0 
43 109 0.0 
43 110 0.00178352091461 
43 110 0.00178352091461 
43 113 0.0 
43 113 0.0 
43 113 0.0 
43 113 0.0 
43 113 0.0 
43 113 0.0 
43 113 0.0 
43 113 0.0 
43 113 0.0 
43 113 0.0 
43 113 0.0 
43 113 0.0 
43 113 0.0 
43 113 0.0 
43 113 0.0 
43 113 0.0 
43 113 0.0 
43 113 0.0 
43 113 0.0 
43 113 0.0 
43 113 0.0 
43 113 0.0 
43 113 0.0 
43 113 0.0 
43 113 0.0 
43 113 0.0 
43 113 0.0 
43 113 0.0 
43 113 0.0 
43 113 0.0 
43 113 0.0 
43 113 0.0 
43 113 0.0 
43 113 0.0 
43 113 0.0 
43 113 0.0 
43 113 0.0 
43 113 0.0 
43 113 0.0 
43 113 0.0 
43 113 0.0 
43 113 0.0 
43 113 0.0 
43 113 0.0 
43 113 0.0 
43 113 0.0 
43 113 0.0 
43 113 0.0 
43 113 0.0 
43 113 0.0 
43 113 0.0 
43 113 0.0 
43 113 0.0 
43 113 0.0 
43 113 0.0 
43 113 0.0 
43 113 0.0 
43 113 0.0 
43 113 0.0 
43 113 0.0 
43 113 0.0 
43 113 0.0 
43 113 0.0 
43 113 0.0 
43 113 0.0 
43 113 0.0 
43 113 0.0 
43 113 0.0 
43 113 0.0 
43 113 0.0 
43 113 0.0 
43 113 0.0 
43 113 0.0 
43 113 0.0 
43 113 0.0 
43 113 0.0 
43 113 0.0 
43 113 0.0 
43 113 0.0 
43 113 0.0 
43 121 0.0 
43 121 0.0 
43 124 0.0 
43 124 0.0 
43 124 0.0 
43 124 0.0 
43 124 0.0 
43 124 0.0 
43 124 0.0 
43 124 0.0 
43 124 0.0 
43 124 0.0 
43 124 0.0 
43 124 0.0 
43 124 0.0 
43 124 0.0 
43 124 0.0 
43 124 0.0 
43 124 0.0 
43 124 0.0 
43 124 0.0 
43 124 0.0 
43 124 0.0 
43 124 0.0 
43 124 0.0 
43 124 0.0 
43 124 0.0 
43 124 0.0 
43 124 0.0 
43 124 0.0 
43 124 0.0 
43 124 0.0 
43 124 0.0 
43 124 0.0 
43 124 0.0 
43 124 0.0 
43 124 0.0 
43 124 0.0 
43 124 0.0 
43 124 0.0 
43 124 0.0 
43 124 0.0 
43 124 0.0 
43 124 0.0 
43 124 0.0 
43 124 0.0 
43 124 0.0 
43 124 0.0 
43 124 0.0 
43 124 0.0 
43 128 0.0 
43 128 0.0 
43 128 0.0 
43 128 0.0 
43 128 0.0 
43 128 0.0 
43 128 0.0 
43 128 0.0 
43 128 0.0 
43 128 0.0 
43 128 0.0 
43 128 0.0 
43 128 0.0 
43 128 0.0 
43 128 0.0 
43 128 0.0 
43 128 0.0 
43 128 0.0 
43 128 0.0 
43 128 0.0 
43 128 0.0 
43 128 0.0 
43 128 0.0 
43 128 0.0 
43 128 0.0 
43 128 0.0 
43 135 0.0182388555259 
43 135 0.0 
43 139 0.0 
43 139 0.0 
43 139 0.0 
43 139 0.0 
43 160 0.0 
43 160 0.0 
43 166 0.0 
43 166 0.0 
43 166 0.0 
43 166 0.0 
43 166 0.0 
43 166 0.0 
43 173 0.0 
43 173 0.0 
43 173 0.0 
43 173 0.0 
43 173 0.0 
43 173 0.0 
43 173 0.0 
43 173 0.0 
43 173 0.0 
43 173 0.0 
43 180 0.0 
43 180 0.0 
43 191 0.00380636961199 
43 197 0.00643724296242 
43 202 0.00750398635864 
43 204 0.0 
43 204 0.0 
43 205 0.00920594949275 
43 206 0.0040282132104 
43 217 0.0 
43 217 0.0 
43 217 0.0 
43 217 0.0 
43 217 0.0 
43 218 0.0 
43 218 0.0 
43 221 0.0 
43 222 0.0 
43 228 0.0 
43 228 0.0 
43 228 0.0 
43 228 0.0 
43 231 0.0 
43 231 0.0 
43 231 0.0 
43 231 0.0 
43 231 0.0 
43 234 0.0 
43 234 0.0 
43 234 0.0 
43 238 0.00841793324798 
43 238 0.0 
43 238 0.0 
43 238 0.0 
43 243 0.0 
43 243 0.0 
43 244 0.0 
43 251 0.0 
43 254 0.0 
43 254 0.0 
43 254 0.0 
43 254 0.0 
43 256 0.0 
43 259 0.0 
43 260 0.0 
43 265 0.0 
43 269 0.0 
43 270 0.0 
43 276 0.0 
43 279 0.0 
43 279 0.0 
43 279 0.0 
43 279 0.0 
43 280 0.0 
43 281 0.0 
43 282 0.0 
43 282 0.0 
43 282 0.0 
43 282 0.0 
43 282 0.0 
43 282 0.0 
43 283 0.0 
43 283 0.0 
43 283 0.0 
43 283 0.0 
43 283 0.0 
43 283 0.0 
43 283 0.0 
43 284 0.0 
43 284 0.0 
43 284 0.0 
43 285 0.0 
43 285 0.0 
43 285 0.0 
43 285 0.0 
43 287 0.0 
43 287 0.0 
43 288 0.0 
43 288 0.0 
43 289 0.0 
43 289 0.0 
43 289 0.0 
43 289 0.0 
43 289 0.0 
43 289 0.0 
43 290 0.0 
43 290 0.0 
43 290 0.0 
43 290 0.0 
43 291 0.0 
43 291 0.0 
43 292 0.0 
43 292 0.0 
43 293 0.0 
43 293 0.0 
43 293 0.0 
43 294 0.0 
43 294 0.0 
43 294 0.0 
43 294 0.0 
43 298 0.0 
43 298 0.0 
43 299 0.0 
43 299 0.0 
43 299 0.0 
43 299 0.0 
43 299 0.0 
43 299 0.0 
43 299 0.0 
43 299 0.0 
43 299 0.0 
43 299 0.0 
43 299 0.0 
43 299 0.0 
43 299 0.0 
43 299 0.0 
43 299 0.0 
43 299 0.0 
43 299 0.0 
43 299 0.0 
43 299 0.0 
43 299 0.0 
43 299 0.0 
43 299 0.0 
43 299 0.0 
43 299 0.0 
43 299 0.0 
43 299 0.0 
43 299 0.0 
43 299 0.0 
43 299 0.0 
43 299 0.0 
43 299 0.0 
43 299 0.0 
43 299 0.0 
43 299 0.0 
43 299 0.0 
43 299 0.0 
43 299 0.0 
43 299 0.0 
43 299 0.0 
43 299 0.0 
43 299 0.0 
43 299 0.0 
43 299 0.0 
43 299 0.0 
43 299 0.0 
43 299 0.0 
43 299 0.0 
43 299 0.0 
43 299 0.0 
43 299 0.0 
43 299 0.0 
43 305 0.0 
43 305 0.0 
43 305 0.0 
43 305 0.0 
43 305 0.0 
43 305 0.0 
43 305 0.0 
43 305 0.0 
43 305 0.0 
43 305 0.0 
43 305 0.0 
43 305 0.0 
43 305 0.0 
43 305 0.0 
43 305 0.0 
43 306 0.0 
43 306 0.0 
43 306 0.0 
43 306 0.0 
43 306 0.0 
43 306 0.0 
43 306 0.0 
43 306 0.0 
43 306 0.0 
43 306 0.0 
43 306 0.0 
43 306 0.0 
43 306 0.0 
43 306 0.0 
43 306 0.0 
43 306 0.0 
43 306 0.0 
43 306 0.0 
43 307 0.0 
43 307 0.0 
43 307 0.0 
43 307 0.0 
43 307 0.0 
43 307 0.0 
43 307 0.0 
43 307 0.0 
43 307 0.0 
43 307 0.0 
43 307 0.0 
43 307 0.0 
43 308 0.0 
43 308 0.0 
43 308 0.0 
43 308 0.0 
43 308 0.0 
43 308 0.0 
43 309 0.0 
43 310 0.0 
43 310 0.0 
43 310 0.0 
43 311 0.0 
43 311 0.0 
43 312 0.0 
43 312 0.0 
43 312 0.0 
43 312 0.0 
43 312 0.0 
43 312 0.0 
43 313 0.0 
43 321 0.0 
43 322 0.0 
43 322 0.0 
43 322 0.0 
43 322 0.0 
43 322 0.0 
43 322 0.0 
43 322 0.0 
43 322 0.0 
43 322 0.0 
43 322 0.00575371831656 
43 322 0.0 
43 322 0.0 
43 322 0.0 
43 322 0.00575371831656 
43 327 0.0 
43 327 0.0 
43 327 0.0 
43 327 0.0 
43 331 0.0 
43 331 0.0 
43 331 0.0 
43 331 0.0 
43 331 0.0 
43 331 0.0 
43 331 0.0 
43 331 0.0 
43 331 0.0 
43 332 0.0 
43 332 0.0 
43 332 0.0 
43 332 0.0 
43 332 0.0 
43 332 0.0 
43 332 0.0 
43 332 0.0 
43 334 0.0 
43 334 0.0 
43 335 0.0 
43 335 0.0 
43 335 0.0 
43 336 0.0 
43 336 0.0 
43 337 0.0 
43 337 0.0 
43 337 0.0 
43 337 0.0 
43 337 0.0 
43 337 0.0 
43 337 0.0 
43 337 0.0 
43 338 0.0 
43 338 0.0 
43 338 0.0 
43 338 0.0 
43 338 0.0 
43 338 0.0 
43 338 0.0 
43 338 0.0 
43 338 0.0 
43 338 0.0 
43 338 0.0 
43 338 0.0 
43 338 0.0 
43 338 0.0 
43 338 0.0 
43 340 0.0 
43 340 0.0 
43 340 0.0 
43 340 0.0 
43 340 0.0 
43 340 0.0 
43 340 0.0 
43 340 0.0 
43 340 0.0 
43 340 0.0 
43 340 0.0 
43 340 0.0 
43 340 0.0 
43 340 0.0 
43 340 0.0 
43 340 0.0 
43 340 0.0 
43 340 0.0 
43 340 0.0 
43 340 0.0 
43 340 0.0 
43 340 0.0 
43 342 0.0 
43 342 0.0 
43 350 0.0 
43 350 0.0 
43 350 0.0 
43 350 0.0 
43 350 0.0 
43 350 0.0 
43 350 0.0 
43 350 0.0 
43 350 0.0 
43 350 0.0 
43 350 0.0 
43 350 0.0 
43 350 0.0 
43 350 0.0 
43 350 0.0 
43 350 0.0 
43 350 0.0 
43 350 0.0 
43 350 0.0 
43 350 0.0 
43 350 0.0 
43 350 0.0 
43 350 0.0 
43 350 0.0 
43 350 0.0 
43 350 0.0 
43 350 0.0 
43 350 0.0 
43 350 0.0 
43 350 0.0 
43 350 0.0 
43 350 0.0 
43 350 0.0 
43 350 0.0 
43 350 0.0 
43 350 0.0 
43 350 0.0 
43 350 0.0 
43 350 0.0 
43 350 0.0 
43 350 0.0 
43 350 0.0 
43 350 0.0 
43 350 0.0 
43 350 0.0 
43 350 0.0 
43 350 0.0 
43 350 0.0 
43 350 0.0 
43 350 0.0 
43 350 0.0 
43 350 0.0 
43 350 0.0 
43 350 0.0 
43 350 0.0 
43 350 0.0 
43 350 0.0 
43 350 0.0 
43 350 0.0 
43 350 0.0 
43 352 0.0 
43 354 0.0 
43 354 0.0 
43 354 0.0 
43 354 0.0 
43 354 0.0 
43 354 0.0 
43 355 0.0 
43 355 0.0 
43 355 0.0 
43 355 0.0 
43 355 0.0 
44 38 0.0 
44 169 0.0 
45 124 0.0 
45 124 0.0 
45 124 0.0 
45 124 0.0 
46 5 0.0 
46 5 0.0 
46 83 0.0 
46 103 0.0 
46 113 0.0 
46 327 0.0 
47 4 0.0 
47 5 0.0 
47 7 0.0 
47 8 0.00825910456479 
47 12 0.0 
47 34 0.0 
47 48 0.0 
47 54 0.0 
47 98 0.0 
47 103 0.0 
47 103 0.02851190418 
47 113 0.0 
47 113 0.0301647670567 
47 113 0.0 
47 124 0.0 
47 128 0.0 
47 128 0.0 
47 128 0.0 
47 128 0.0 
47 128 0.0 
47 128 0.0 
47 128 0.0 
47 128 0.0 
47 128 0.0 
47 128 0.0 
47 128 0.0 
47 128 0.0 
47 128 0.0 
47 128 0.0 
47 128 0.0 
47 139 0.0 
47 160 0.0 
47 189 0.0 
47 189 0.00452826777473 
47 218 0.0 
47 218 0.0 
47 219 0.0 
47 219 0.0 
47 219 0.00746428314596 
47 219 0.0118306083605 
47 219 0.00746428314596 
47 219 0.0 
47 244 0.0 
47 249 0.00739763816819 
47 249 0.00739763816819 
47 249 0.0117249786854 
47 254 0.0 
47 254 0.0 
47 254 0.0 
47 254 0.0 
47 254 0.0 
47 254 0.0 
47 254 0.0 
47 254 0.0 
47 254 0.0 
47 255 0.0 
47 271 0.0 
47 279 0.0 
47 294 0.0101530188695 
47 294 0.00640584202483 
47 294 0.0 
47 294 0.00640584202483 
47 299 0.0 
47 299 0.0 
47 299 0.0 
47 302 0.0 
47 308 0.0 
47 321 0.0 
47 322 0.0 
47 334 0.0 
47 334 0.0 
47 334 0.0 
47 335 0.0 
47 335 0.0 
47 335 0.0 
47 337 0.0 
47 337 0.0 
47 337 0.0 
47 338 0.0 
47 338 0.0 
47 338 0.0 
47 338 0.0 
47 338 0.0 
47 339 0.0 
47 350 0.0 
47 351 0.0 
47 352 0.0 
48 24 0.0 
48 34 0.0 
48 44 0.0 
48 48 0.0 
48 48 0.0 
48 83 0.0 
48 111 0.00853020045906 
48 152 0.0 
48 212 0.0 
48 212 0.0 
48 256 0.0 
48 350 0.0 
49 5 0.0 
49 28 0.0 
49 113 0.0 
49 204 0.0 
49 212 0.0 
49 212 0.0 
49 212 0.0 
49 212 0.0 
49 212 0.0 
49 212 0.0 
49 212 0.0 
49 261 0.0 
49 299 0.0 
49 336 0.0 
49 350 0.0 
50 212 0.0 
51 299 0.0 
52 38 0.0 
52 48 0.0 
52 54 0.0 
52 54 0.0 
52 89 0.0 
52 103 0.0 
52 279 0.0 
52 279 0.0 
52 279 0.0 
52 293 0.0 
52 305 0.0 
52 305 0.0 
53 28 0.0 
53 28 0.0 
53 70 0.0 
53 111 0.00853020045906 
53 128 0.0 
53 128 0.0 
53 128 0.0 
53 217 0.0 
53 336 0.0 
53 350 0.0 
53 350 0.0 
53 350 0.0 
54 113 0.0 
54 113 0.0 
54 113 0.0 
54 113 0.0 
54 113 0.0 
54 113 0.0 
54 113 0.0 
54 113 0.0 
54 113 0.0 
54 113 0.0 
54 113 0.0 
54 124 0.0 
54 124 0.0 
54 128 0.0236519183964 
54 128 0.0 
54 128 0.0 
54 128 0.0 
54 128 0.0 
54 128 0.0 
54 254 0.0 
54 254 0.0 
54 299 0.0 
54 305 0.0 
54 335 0.0 
54 335 0.0 
54 335 0.0 
54 335 0.0 
54 337 0.0 
54 337 0.0 
54 338 0.0 
55 282 0.0 
55 282 0.0 
55 282 0.0 
55 282 0.0 
55 282 0.00133634754457 
55 282 0.0 
55 282 0.0 
55 282 0.0 
55 282 0.00133634754457 
55 282 0.0 
55 311 0.0 
55 311 0.0 
56 262 0.0 
57 38 0.0 
58 322 0.0 
59 180 0.0 
59 295 0.0 
60 356 -0.0 
61 38 0.0 
62 38 0.0 
63 248 0.011320669204 
63 248 0.00714254705235 
63 354 0.0 
64 109 0.0 
64 113 0.0 
65 284 0.0 
66 210 0.0 
66 336 0.0 
67 228 0.0 
68 299 0.0 
69 28 0.0 
70 275 0.0 
70 275 0.0150642804801 
70 275 0.0 
70 275 0.0 
70 275 0.0 
70 275 0.0 
70 275 0.0150642804801 
70 275 0.0 
70 275 0.0 
70 275 0.0 
70 275 0.0 
70 275 0.0 
71 350 0.0 
71 350 0.0 
72 336 0.0 
73 299 0.0 
74 124 0.0 
75 124 0.0 
75 306 0.0 
75 306 0.0 
75 306 0.0 
75 306 0.0 
75 306 0.0 
75 306 0.0 
75 306 0.0 
75 306 0.0 
75 350 0.0 
76 305 0.0 
77 1 0.0 
77 1 0.0193117279559 
77 20 0.0 
77 24 0.0 
77 25 0.0 
77 25 0.0 
77 25 0.0 
77 25 0.0 
77 28 0.0 
77 28 0.0 
77 30 0.0 
77 61 0.187599658966 
77 61 0.0 
77 70 0.0 
77 93 0.011519276537 
77 109 0.0 
77 113 0.0 
77 113 0.0 
77 113 0.0 
77 113 0.0 
77 113 0.0 
77 121 0.0 
77 208 0.0 
77 218 0.0 
77 218 0.0 
77 243 0.0 
77 254 0.0 
77 256 0.0 
77 258 0.0 
77 264 0.0 
77 272 0.0 
77 273 0.0 
77 275 0.0 
77 279 0.0 
77 282 0.0 
77 283 0.0 
77 285 0.0 
77 289 0.0 
77 291 0.0 
77 293 0.0 
77 299 0.0 
77 304 0.0 
77 305 0.0 
77 306 0.0 
77 307 0.0 
77 308 0.0 
77 308 0.0 
77 309 0.0 
77 309 0.0 
77 309 0.0 
77 309 0.0 
77 309 0.0 
77 309 0.0 
77 309 0.00182899646461 
77 309 0.00182899646461 
77 310 0.0 
77 311 0.0 
77 312 0.0 
77 313 0.0 
77 314 0.0 
77 315 0.0 
77 316 0.0 
77 317 0.0 
77 318 0.0 
77 319 0.0 
77 320 0.0 
77 321 0.0 
77 322 0.0 
77 323 0.0 
77 324 0.0 
77 325 0.0 
77 327 0.0 
77 328 0.0 
77 330 0.0 
77 330 0.0 
77 330 0.0 
77 330 0.0 
77 331 0.0 
77 332 0.0 
77 333 0.0 
77 333 0.0 
77 333 0.0 
77 333 0.0 
77 334 0.0 
77 335 0.0 
77 336 0.0 
77 336 0.0 
77 337 0.0 
77 338 0.0 
77 339 0.0 
77 340 0.0 
77 341 0.0 
77 341 0.0 
77 341 0.0 
77 341 0.0 
77 342 0.0 
77 343 0.0 
77 343 0.0 
77 343 0.0 
77 343 0.0 
77 345 0.0 
77 345 0.0 
77 345 0.0 
77 345 0.0 
77 350 0.0 
77 351 0.0 
77 352 0.0 
77 353 0.0 
77 353 0.0 
77 353 0.0 
77 353 0.0 
77 354 0.0 
77 354 0.0 
77 354 0.0 
77 354 0.0 
77 355 0.0 
77 355 0.0 
77 355 0.0 
77 355 0.0 
77 355 0.0 
77 356 -0.0 
77 356 -0.0 
77 356 -0.0 
77 356 -0.0 
78 285 0.0 
78 285 0.00659898295999 
78 285 0.0 
78 305 0.0 
79 299 0.0 
80 170 0.0 
81 176 0.0 
81 336 0.0 
81 336 0.0 
82 350 0.0 
82 350 0.0 
82 354 0.0 
82 354 0.0 
83 48 0.0 
83 121 0.0 
84 285 0.00659898295999 
84 285 0.0 
84 285 0.0 
85 5 0.0 
85 5 0.0 
85 8 0.0 
85 305 0.0 
85 334 0.0 
86 190 0.0 
87 354 0.0 
88 3 0.0 
88 3 0.0 
88 3 0.0 
88 3 0.0 
88 3 0.0 
88 3 0.0 
88 3 0.0 
88 3 0.0 
88 3 0.0 
88 3 0.0 
88 3 0.0 
88 3 0.0 
88 3 0.0 
88 3 0.0 
88 4 0.0 
88 4 0.0 
88 4 0.0 
88 4 0.0 
88 4 0.0 
88 4 0.0 
88 4 0.0 
88 4 0.0 
88 4 0.0 
88 4 0.0 
88 4 0.0 
88 4 0.0 
88 4 0.0 
88 4 0.0 
88 4 0.0 
88 4 0.0 
88 4 0.0 
88 4 0.0 
88 4 0.0 
88 4 0.0 
88 4 0.0 
88 4 0.0 
88 5 0.0 
88 5 0.0 
88 5 0.0 
88 5 0.0 
88 5 0.0 
88 5 0.0 
88 5 0.0 
88 5 0.0 
88 5 0.0 
88 5 0.0 
88 5 0.0 
88 5 0.0 
88 5 0.0 
88 5 0.0 
88 7 0.0 
88 7 0.0 
88 7 0.0 
88 7 0.0 
88 7 0.0 
88 7 0.0 
88 7 0.0 
88 7 0.0 
88 7 0.0 
88 7 0.0 
88 7 0.0 
88 7 0.0 
88 7 0.0 
88 7 0.0 
88 7 0.0 
88 7 0.0 
88 7 0.0 
88 7 0.0 
88 7 0.0 
88 8 0.0 
88 8 0.00825910456479 
88 8 0.0 
88 8 0.0 
88 8 0.0 
88 8 0.0 
88 8 0.0 
88 8 0.0 
88 8 0.0 
88 8 0.0 
88 8 0.0 
88 8 0.0 
88 8 0.0 
88 8 0.0 
88 8 0.0 
88 8 0.0 
88 8 0.0 
88 8 0.0 
88 8 0.0 
88 8 0.00825910456479 
88 8 0.0 
88 8 0.0 
88 8 0.00825910456479 
88 11 0.0 
88 14 0.0 
88 15 0.0 
88 15 0.0 
88 15 0.0 
88 16 0.0 
88 18 0.0 
88 18 0.0 
88 18 0.0 
88 18 0.0 
88 18 0.0 
88 18 0.0 
88 28 0.0 
88 28 0.0 
88 28 0.0 
88 28 0.0 
88 28 0.0 
88 28 0.0 
88 28 0.0 
88 28 0.0 
88 28 0.0 
88 28 0.0 
88 28 0.0 
88 28 0.0 
88 28 0.0 
88 28 0.0 
88 28 0.0 
88 28 0.0 
88 28 0.0 
88 28 0.0 
88 28 0.0 
88 28 0.0 
88 28 0.0 
88 28 0.0 
88 28 0.0 
88 28 0.0 
88 28 0.0 
88 28 0.0 
88 28 0.0 
88 28 0.0 
88 28 0.0 
88 28 0.0 
88 32 0.0 
88 34 0.0 
88 34 0.0 
88 34 0.0 
88 34 0.0 
88 34 0.0 
88 34 0.0 
88 34 0.0 
88 44 0.0 
88 44 0.0 
88 44 0.0 
88 48 0.0 
88 54 0.0 
88 54 0.0 
88 54 0.0 
88 54 0.0 
88 54 0.0 
88 83 0.0 
88 83 0.0 
88 83 0.0 
88 83 0.0 
88 83 0.0 
88 83 0.0 
88 83 0.0 
88 83 0.0 
88 83 0.0 
88 103 0.0 
88 103 0.0 
88 103 0.0 
88 103 0.0 
88 103 0.0 
88 103 0.0 
88 106 0.0 
88 106 0.0 
88 107 0.0 
88 107 0.0 
88 107 0.0 
88 107 0.0 
88 108 0.0 
88 109 0.0 
88 109 0.0 
88 109 0.0 
88 109 0.0 
88 109 0.0 
88 109 0.0 
88 110 0.00178352091461 
88 111 0.0 
88 111 0.0 
88 112 0.0 
88 112 0.0 
88 112 0.0 
88 113 0.0 
88 113 0.0 
88 113 0.0 
88 113 0.0 
88 113 0.0 
88 113 0.0 
88 113 0.0 
88 113 0.0 
88 113 0.0 
88 113 0.0 
88 113 0.0 
88 113 0.0 
88 113 0.0 
88 113 0.0 
88 113 0.0 
88 113 0.0 
88 113 0.0 
88 113 0.0 
88 113 0.0 
88 113 0.0 
88 113 0.0 
88 113 0.0 
88 113 0.0 
88 113 0.0 
88 113 0.0 
88 113 0.0 
88 113 0.0 
88 113 0.0 
88 113 0.0 
88 113 0.0 
88 113 0.0301647670567 
88 113 0.0 
88 113 0.0 
88 113 0.0 
88 113 0.0 
88 113 0.0 
88 113 0.0 
88 113 0.0 
88 113 0.0 
88 113 0.0 
88 113 0.0 
88 113 0.0301647670567 
88 113 0.0 
88 113 0.0 
88 113 0.0 
88 113 0.0 
88 113 0.0 
88 113 0.0 
88 113 0.0 
88 113 0.0 
88 113 0.0 
88 113 0.0 
88 113 0.0 
88 113 0.0 
88 113 0.0 
88 113 0.0 
88 113 0.0 
88 113 0.0 
88 113 0.0 
88 113 0.0 
88 113 0.0 
88 113 0.0 
88 113 0.0 
88 113 0.0 
88 113 0.0 
88 113 0.0 
88 113 0.0 
88 113 0.0 
88 113 0.0 
88 113 0.0 
88 113 0.0 
88 113 0.0 
88 113 0.0 
88 113 0.0 
88 113 0.0 
88 113 0.0 
88 113 0.0 
88 113 0.0 
88 113 0.0 
88 113 0.0 
88 113 0.0 
88 113 0.0 
88 113 0.0 
88 113 0.0 
88 113 0.0 
88 113 0.0 
88 113 0.0 
88 113 0.0 
88 113 0.0 
88 113 0.0 
88 113 0.0 
88 113 0.0 
88 113 0.0 
88 113 0.0 
88 113 0.0 
88 113 0.0 
88 113 0.0 
88 113 0.0 
88 113 0.0 
88 113 0.0 
88 113 0.0 
88 113 0.0 
88 113 0.0 
88 113 0.0 
88 113 0.0 
88 113 0.0 
88 113 0.0 
88 113 0.0 
88 113 0.0 
88 113 0.0 
88 113 0.0 
88 113 0.0 
88 113 0.0 
88 113 0.0 
88 113 0.0 
88 113 0.0 
88 113 0.0 
88 113 0.0 
88 113 0.0 
88 113 0.0 
88 113 0.0 
88 113 0.0 
88 113 0.0 
88 113 0.0 
88 113 0.0 
88 113 0.0 
88 113 0.0 
88 113 0.0 
88 113 0.0 
88 113 0.0 
88 113 0.0 
88 113 0.0 
88 113 0.0 
88 113 0.0 
88 113 0.0 
88 113 0.0 
88 113 0.0 
88 113 0.0 
88 113 0.0 
88 113 0.0 
88 113 0.0 
88 113 0.0 
88 113 0.0 
88 113 0.0 
88 113 0.0 
88 113 0.0 
88 113 0.0 
88 113 0.0 
88 121 0.0 
88 121 0.0 
88 121 0.0 
88 121 0.0 
88 121 0.0 
88 121 0.0 
88 121 0.0 
88 121 0.0 
88 121 0.0 
88 121 0.0 
88 121 0.0 
88 121 0.0 
88 124 0.0 
88 124 0.0 
88 124 0.0 
88 124 0.0 
88 124 0.0 
88 124 0.0 
88 128 0.0 
88 128 0.0 
88 128 0.0 
88 128 0.0 
88 128 0.0 
88 128 0.0 
88 128 0.0 
88 128 0.0 
88 128 0.0 
88 128 0.0 
88 128 0.0 
88 128 0.0 
88 128 0.0 
88 128 0.0 
88 128 0.0 
88 128 0.0 
88 128 0.0 
88 128 0.0 
88 128 0.0 
88 128 0.0 
88 128 0.0 
88 128 0.0 
88 128 0.0 
88 128 0.0 
88 128 0.0 
88 128 0.0 
88 128 0.0 
88 128 0.0 
88 128 0.0 
88 128 0.0 
88 128 0.0 
88 128 0.0 
88 128 0.0 
88 128 0.0 
88 128 0.0 
88 128 0.0 
88 128 0.0 
88 128 0.0 
88 128 0.0 
88 128 0.0 
88 128 0.0 
88 128 0.0 
88 128 0.0 
88 128 0.0 
88 128 0.0 
88 128 0.0 
88 128 0.0 
88 128 0.0 
88 128 0.0 
88 128 0.0 
88 128 0.0 
88 128 0.0 
88 128 0.0 
88 128 0.0 
88 128 0.0 
88 128 0.0 
88 128 0.0 
88 128 0.0 
88 128 0.0 
88 128 0.0 
88 128 0.0 
88 128 0.0 
88 128 0.0 
88 128 0.0 
88 128 0.0 
88 128 0.0 
88 128 0.0 
88 128 0.0 
88 128 0.0 
88 128 0.0 
88 128 0.0 
88 128 0.0 
88 128 0.0 
88 128 0.0 
88 128 0.0 
88 128 0.0 
88 128 0.0 
88 128 0.0 
88 128 0.0 
88 128 0.0 
88 128 0.0 
88 128 0.0 
88 128 0.0 
88 128 0.0 
88 128 0.0236519183964 
88 128 0.0 
88 128 0.0 
88 128 0.0 
88 128 0.0236519183964 
88 128 0.0 
88 128 0.0 
88 128 0.0 
88 128 0.0236519183964 
88 128 0.0236519183964 
88 128 0.0 
88 128 0.0236519183964 
88 128 0.0 
88 128 0.0 
88 128 0.0 
88 128 0.0 
88 128 0.0 
88 128 0.0 
88 128 0.0 
88 128 0.0 
88 128 0.0 
88 128 0.0 
88 128 0.0 
88 128 0.0 
88 128 0.0 
88 128 0.0 
88 128 0.0 
88 128 0.0 
88 128 0.0 
88 128 0.0 
88 128 0.0 
88 128 0.0 
88 128 0.0 
88 128 0.0 
88 128 0.0 
88 128 0.0 
88 128 0.0 
88 128 0.0 
88 128 0.0 
88 128 0.0 
88 128 0.0 
88 128 0.0 
88 128 0.0 
88 128 0.0 
88 128 0.0 
88 128 0.0 
88 128 0.0 
88 128 0.0 
88 128 0.0 
88 128 0.0 
88 128 0.0 
88 128 0.0 
88 128 0.0 
88 128 0.0 
88 128 0.0 
88 128 0.0 
88 128 0.0 
88 128 0.0 
88 128 0.0 
88 128 0.0 
88 128 0.0 
88 128 0.0 
88 128 0.0 
88 128 0.0 
88 128 0.0 
88 128 0.0 
88 128 0.0 
88 128 0.0 
88 128 0.0 
88 128 0.0 
88 128 0.0 
88 128 0.0 
88 128 0.0 
88 128 0.0 
88 128 0.0 
88 128 0.0 
88 128 0.0 
88 128 0.0 
88 139 0.0 
88 139 0.0 
88 160 0.0 
88 160 0.0 
88 160 0.0 
88 160 0.0 
88 164 0.0 
88 166 0.0 
88 166 0.0 
88 166 0.0 
88 166 0.0 
88 166 0.0 
88 166 0.0 
88 166 0.0 
88 166 0.0 
88 166 0.0 
88 170 0.0 
88 173 0.0 
88 173 0.0 
88 173 0.0 
88 173 0.0 
88 173 0.0 
88 173 0.0 
88 173 0.0 
88 173 0.0 
88 173 0.0 
88 173 0.0 
88 173 0.0 
88 173 0.0 
88 173 0.0 
88 173 0.0 
88 173 0.0 
88 173 0.0 
88 173 0.0 
88 173 0.0 
88 180 0.0 
88 181 0.0 
88 188 0.0 
88 188 0.0 
88 189 0.0 
88 189 0.0 
88 190 0.0 
88 192 0.0 
88 192 0.0 
88 196 0.0 
88 199 0.00691156601533 
88 199 0.0 
88 204 0.0 
88 217 0.0 
88 217 0.0 
88 217 0.0 
88 217 0.0 
88 217 0.0 
88 217 0.0 
88 217 0.0 
88 221 0.0 
88 221 0.0 
88 222 0.0 
88 222 0.0 
88 222 0.0 
88 222 0.0 
88 227 0.0 
88 228 0.0 
88 228 0.0 
88 228 0.0 
88 228 0.0 
88 228 0.0 
88 228 0.0 
88 228 0.0 
88 228 0.0 
88 228 0.0 
88 228 0.0 
88 228 0.0 
88 228 0.0 
88 228 0.0 
88 228 0.0 
88 228 0.0 
88 228 0.0 
88 228 0.0 
88 228 0.0 
88 231 0.0 
88 231 0.0 
88 231 0.0 
88 231 0.0 
88 231 0.0 
88 231 0.0 
88 243 0.0 
88 251 0.0 
88 251 0.0 
88 251 0.0 
88 254 0.0 
88 254 0.0 
88 254 0.0 
88 254 0.0 
88 254 0.0 
88 254 0.0 
88 259 0.0 
88 260 0.0 
88 260 0.0 
88 260 0.0 
88 260 0.0 
88 260 0.0 
88 260 0.0 
88 265 0.0 
88 265 0.0 
88 269 0.0 
88 269 0.0 
88 269 0.0 
88 269 0.0 
88 269 0.0 
88 269 0.0 
88 270 0.0 
88 271 0.0 
88 271 0.0 
88 271 0.0 
88 279 0.0 
88 279 0.0 
88 279 0.0 
88 279 0.0 
88 279 0.0 
88 279 0.0 
88 279 0.0 
88 279 0.00473448820412 
88 279 0.00473448820412 
88 279 0.0 
88 279 0.0 
88 279 0.0 
88 281 0.0 
88 281 0.0 
88 281 0.0 
88 281 0.0 
88 281 0.0 
88 282 0.0 
88 282 0.0 
88 282 0.0 
88 283 0.0 
88 283 0.0 
88 283 0.0 
88 283 0.0 
88 283 0.0 
88 283 0.0 
88 284 0.0 
88 284 0.0 
88 284 0.0 
88 284 0.0 
88 284 0.0 
88 284 0.0 
88 284 0.0 
88 284 0.0 
88 284 0.0 
88 284 0.0 
88 284 0.0 
88 284 0.0 
88 284 0.0 
88 285 0.0 
88 285 0.0 
88 285 0.0 
88 285 0.0 
88 285 0.0 
88 285 0.0 
88 285 0.0 
88 285 0.0 
88 285 0.0 
88 285 0.0 
88 287 0.0 
88 287 0.0 
88 288 0.0 
88 288 0.0 
88 288 0.0 
88 288 0.0 
88 288 0.0 
88 289 0.0 
88 289 0.0 
88 289 0.0 
88 289 0.0 
88 289 0.0 
88 289 0.0 
88 289 0.0 
88 290 0.0 
88 290 0.0 
88 290 0.0 
88 290 0.0 
88 291 0.0 
88 291 0.0 
88 291 0.0 
88 292 0.0 
88 292 0.0 
88 292 0.0 
88 292 0.0 
88 292 0.0 
88 293 0.0 
88 293 0.0 
88 293 0.0 
88 293 0.0 
88 293 0.0 
88 294 0.0 
88 294 0.0 
88 294 0.0 
88 298 0.0 
88 298 0.0 
88 298 0.0 
88 298 0.0 
88 298 0.0 
88 298 0.000213815597817 
88 298 0.0 
88 298 0.0 
88 299 0.0 
88 299 0.0 
88 299 0.0 
88 299 0.0 
88 299 0.0 
88 299 0.0 
88 299 0.0 
88 299 0.0 
88 299 0.0 
88 299 0.0 
88 299 0.0 
88 299 0.0 
88 299 0.0 
88 299 0.0 
88 299 0.0 
88 299 0.0 
88 299 0.0 
88 299 0.0 
88 299 0.0 
88 299 0.0 
88 299 0.0 
88 299 0.0 
88 299 0.0 
88 299 0.0 
88 299 0.0 
88 299 0.0 
88 299 0.0 
88 299 0.0 
88 299 0.0 
88 299 0.0 
88 299 0.0 
88 299 0.0 
88 299 0.0 
88 303 0.00460297474638 
88 303 0.00729554239661 
88 303 0.0 
88 303 0.0 
88 303 0.0 
88 303 0.0 
88 305 0.0 
88 305 0.0 
88 305 0.0 
88 305 0.0 
88 305 0.0 
88 305 0.0 
88 305 0.0 
88 305 0.0 
88 305 0.0 
88 305 0.0 
88 305 0.0 
88 305 0.0 
88 305 0.0 
88 305 0.0 
88 305 0.0 
88 306 0.0 
88 306 0.0 
88 306 0.0 
88 307 0.0 
88 307 0.0 
88 307 0.0 
88 307 0.0 
88 307 0.0 
88 307 0.0 
88 307 0.0 
88 307 0.0 
88 307 0.0 
88 307 0.0 
88 307 0.0 
88 307 0.0 
88 307 0.0 
88 308 0.0 
88 308 0.0 
88 308 0.0 
88 308 0.0 
88 308 0.0 
88 308 0.0 
88 308 0.0 
88 308 0.0 
88 308 0.0 
88 308 0.0 
88 308 0.0 
88 308 0.0 
88 308 0.0 
88 308 0.0 
88 308 0.0 
88 308 0.0 
88 308 0.0 
88 308 0.0 
88 308 0.0 
88 308 0.0 
88 308 0.0 
88 309 0.0 
88 309 0.0 
88 309 0.0 
88 309 0.0 
88 309 0.0 
88 310 0.0 
88 310 0.0 
88 310 0.0 
88 310 0.0 
88 311 0.0 
88 311 0.0 
88 311 0.0 
88 311 0.0 
88 311 0.0 
88 311 0.0 
88 312 0.0 
88 312 0.0 
88 312 0.0 
88 313 0.0 
88 313 0.0 
88 313 0.0 
88 321 0.0 
88 321 0.0 
88 321 0.0 
88 321 0.0 
88 322 0.0 
88 322 0.0 
88 323 0.00618309993297 
88 327 0.0 
88 329 0.0 
88 331 0.0 
88 331 0.0 
88 331 0.0 
88 331 0.0 
88 331 0.0 
88 331 0.0 
88 332 0.0 
88 332 0.0 
88 332 0.0 
88 332 0.0 
88 332 0.0 
88 332 0.0 
88 332 0.0 
88 332 0.0 
88 332 0.0 
88 334 0.0 
88 334 0.0 
88 334 0.0 
88 334 0.0 
88 334 0.0 
88 334 0.0 
88 334 0.0 
88 334 0.0 
88 334 0.0 
88 334 0.0 
88 334 0.0 
88 334 0.0 
88 334 0.0 
88 335 0.0 
88 335 0.0 
88 336 0.0 
88 336 0.0 
88 336 0.0 
88 336 0.00098517886363 
88 336 0.0 
88 336 0.0 
88 336 0.0 
88 336 0.0 
88 337 0.0 
88 337 0.0 
88 338 0.0 
88 338 0.0 
88 338 0.0 
88 338 0.0 
88 338 0.0 
88 338 0.0 
88 338 0.0 
88 338 0.0 
88 338 0.0 
88 338 0.0 
88 338 0.0 
88 338 0.0 
88 338 0.0 
88 338 0.0 
88 338 0.0 
88 339 0.000271295168204 
88 339 0.000271295168204 
88 339 0.0 
88 339 0.0 
88 339 0.0 
88 339 0.0 
88 339 0.0 
88 339 0.0 
88 340 0.0 
88 340 0.0 
88 340 0.0 
88 340 0.0 
88 340 0.0 
88 340 0.0 
88 340 0.0 
88 340 0.0 
88 340 0.0 
88 340 0.0 
88 340 0.0 
88 340 0.0 
88 340 0.0 
88 340 0.0 
88 340 0.0 
88 340 0.0 
88 340 0.0 
88 340 0.0 
88 340 0.0 
88 340 0.0 
88 340 0.0 
88 340 0.0 
88 340 0.0 
88 340 0.0 
88 340 0.0 
88 340 0.0 
88 340 0.0 
88 340 0.0 
88 340 0.0 
88 340 0.0 
88 340 0.0 
88 340 0.0 
88 340 0.0 
88 340 0.0 
88 340 0.0 
88 340 0.0 
88 340 0.0 
88 340 0.0 
88 340 0.0 
88 340 0.0 
88 340 0.0 
88 340 0.0 
88 340 0.0 
88 340 0.0 
88 340 0.0 
88 340 0.0 
88 340 0.0 
88 340 0.0 
88 340 0.0 
88 340 0.0 
88 340 0.0 
88 340 0.0 
88 340 0.0 
88 340 0.0 
88 340 0.0 
88 340 0.0 
88 340 0.0 
88 340 0.0 
88 340 0.0 
88 340 0.0 
88 340 0.0 
88 340 0.0 
88 340 0.0 
88 340 0.0 
88 340 0.0 
88 340 0.0 
88 342 0.0 
88 342 0.0 
88 342 0.0 
88 342 0.0 
88 342 0.0 
88 345 0.0 
88 350 0.0 
88 350 0.0 
88 350 0.0 
88 350 0.0 
88 350 0.0 
88 350 0.0 
88 350 0.0 
88 350 0.0 
88 350 0.0 
88 350 0.0 
88 350 0.0 
88 350 0.0 
88 350 0.0 
88 350 0.0 
88 350 0.0 
88 350 0.0 
88 350 0.0 
88 350 0.0 
88 350 0.0 
88 350 0.0 
88 350 0.0 
88 350 0.0 
88 350 0.0 
88 350 0.0 
88 350 0.0 
88 350 0.0 
88 350 0.0 
88 350 0.0 
88 350 0.0 
88 350 0.0 
88 350 0.0 
88 350 0.0 
88 350 0.0 
88 350 0.0 
88 350 0.0 
88 350 0.0 
88 350 0.0 
88 350 0.0 
88 350 0.0 
88 350 0.0 
88 350 0.0 
88 350 0.0 
88 350 0.0 
88 350 0.0 
88 350 0.0 
88 350 0.0 
88 350 0.0 
88 350 0.0 
88 350 0.0 
88 350 0.0 
88 350 0.0 
88 350 0.0 
88 350 0.0 
88 350 0.0 
88 350 0.0 
88 350 0.0 
88 350 0.0 
88 350 0.0 
88 350 0.0 
88 350 0.0 
88 351 0.0 
88 351 0.0 
88 351 0.0 
88 351 0.0 
88 352 0.0 
88 352 0.0 
88 352 0.0 
88 352 0.0 
88 352 0.0 
88 352 0.0 
88 354 0.0 
88 354 0.0 
88 354 0.0 
88 354 0.0 
88 354 0.0 
88 354 0.0 
88 354 0.0 
88 354 0.0 
88 354 0.0 
88 354 0.0 
88 354 0.0 
88 354 0.0 
88 354 0.0 
88 354 0.0 
88 354 0.0 
88 354 0.0 
88 354 0.0 
88 354 0.0 
88 354 0.0 
88 355 0.0 
88 355 0.0 
88 355 0.0 
88 355 0.0 
88 355 0.0 
88 355 0.0 
88 355 0.0 
88 355 0.0 
88 355 0.0 
88 355 0.0 
88 355 0.0 
88 355 0.0 
88 355 0.0 
88 355 0.0 
88 355 0.0 
88 355 0.0 
88 355 0.0 
88 355 0.0 
88 355 0.0 
88 355 0.0 
89 340 0.0 
90 124 0.0 
90 128 0.0 
90 128 0.0 
90 228 0.0 
90 231 0.0 
90 282 0.0 
90 283 0.00207652989775 
90 283 0.0 
90 287 0.0 
90 299 0.0 
90 299 0.0 
90 299 0.0 
90 302 0.0 
90 307 0.0 
90 309 0.0 
90 328 0.0 
90 340 0.0 
90 354 0.0 
91 299 0.0 
92 12 0.0 
92 17 0.0 
92 98 0.0 
92 110 0.00178352091461 
92 110 0.00178352091461 
92 110 0.00178352091461 
92 110 0.00178352091461 
92 110 0.00178352091461 
92 110 0.00178352091461 
92 110 0.00178352091461 
92 110 0.00178352091461 
92 110 0.00178352091461 
92 110 0.0 
92 110 0.0 
92 110 0.00178352091461 
92 110 0.0 
92 110 0.00178352091461 
92 110 0.00178352091461 
92 176 0.0 
92 190 0.0 
92 210 0.0 
92 217 0.0 
92 218 0.0 
92 218 0.0 
92 219 0.0 
92 244 0.0 
92 251 0.0 
92 251 0.0 
92 251 0.0 
92 251 0.0 
92 254 0.0 
92 293 0.0 
92 293 0.0 
92 299 0.0 
92 302 0.0 
92 321 0.0 
92 322 0.0 
92 328 0.0 
92 328 0.0 
92 336 0.0 
92 351 0.0 
93 124 0.0 
93 124 0.0 
93 350 0.0 
93 350 0.0 
93 350 0.0 
94 1 0.0193117279559 
94 61 0.187599658966 
95 12 0.0 
95 12 0.00717713404447 
95 12 0.00452826777473 
95 12 0.00452826777473 
95 107 0.0 
95 108 0.0 
95 111 0.00853020045906 
95 111 0.00853020045906 
95 154 0.0 
95 154 0.0 
95 212 0.0 
95 307 0.0 
95 307 0.0 
95 307 0.0 
95 307 0.0 
95 307 0.000802067224868 
95 307 0.0 
95 307 0.0 
95 307 0.0 
95 307 0.0 
95 307 0.000802067224868 
95 307 0.0 
95 307 0.0 
95 307 0.0 
95 307 0.0 
95 307 0.0 
95 307 0.0 
95 307 0.0 
96 354 0.0 
97 17 0.0 
97 18 0.0 
97 24 0.0 
97 189 0.0 
97 190 0.0 
97 199 0.0 
97 204 0.0 
97 256 0.0 
98 113 0.0 
98 113 0.0 
98 340 0.0 
98 340 0.0 
98 340 0.0 
99 318 0.00583475688472 
100 17 0.0 
100 17 0.0 
100 113 0.0 
100 170 0.0 
100 190 0.0147550292313 
100 210 0.0 
100 212 0.0 
100 336 0.0 
101 124 0.0 
101 124 0.0 
101 299 0.0 
101 306 0.0 
101 350 0.0 
101 350 0.0 
101 350 0.0 
101 354 0.0 
101 354 0.0 
102 1 0.0 
102 1 0.0 
102 28 0.0 
102 28 0.0 
102 28 0.0 
102 54 0.0 
102 61 0.0 
102 61 0.0 
102 108 0.0 
102 188 0.0 
102 254 0.0 
102 327 0.0 
102 327 0.0 
102 334 0.0 
103 48 0.0 
103 124 0.0 
103 124 0.0 
103 124 0.0 
103 299 0.0 
103 299 0.0 
103 350 0.0 
103 350 0.0 
103 350 0.0 
103 350 0.0 
104 107 0.0 
104 108 0.0 
105 124 0.0 
105 124 0.0 
105 124 0.0 
105 124 0.0 
105 124 0.0 
105 124 0.0 
105 228 0.0 
105 299 0.0 
105 299 0.0 
105 299 0.0 
105 299 0.0 
105 345 0.00659898295999 
106 162 0.0 
106 162 0.0 
106 170 0.0 
107 4 0.0 
107 4 0.0 
107 8 0.0 
107 14 0.0 
107 24 0.0 
107 44 0.0 
107 44 0.0 
107 103 0.0 
107 103 0.0 
107 107 0.0 
107 113 0.0 
107 113 0.0 
107 113 0.0 
107 113 0.0 
107 113 0.0 
107 113 0.0 
107 113 0.0 
107 113 0.0 
107 113 0.0 
107 113 0.0 
107 113 0.0 
107 124 0.0 
107 124 0.0 
107 124 0.0 
107 128 0.0 
107 128 0.0 
107 128 0.0 
107 128 0.0 
107 128 0.0 
107 128 0.0 
107 128 0.0 
107 128 0.0 
107 128 0.0 
107 128 0.0 
107 128 0.0 
107 128 0.0 
107 128 0.0 
107 128 0.0 
107 128 0.0 
107 128 0.0 
107 128 0.0 
107 170 0.0 
107 222 0.0 
107 222 0.0 
107 222 0.0 
107 228 0.0 
107 228 0.0 
107 234 0.0 
107 238 0.0 
107 256 0.0 
107 260 0.0 
107 269 0.0 
107 280 0.0 
107 283 0.0 
107 283 0.0 
107 285 0.0 
107 292 0.0 
107 294 0.0 
107 298 0.0 
107 298 0.0 
107 299 0.0 
107 305 0.0 
107 307 0.0 
107 308 0.0 
107 308 0.0 
107 321 0.0 
107 334 0.000772167230025 
107 334 0.000772167230025 
107 334 0.0 
107 334 0.0 
107 334 0.0 
107 335 0.0 
107 335 0.0 
107 338 0.0 
107 338 0.0 
107 338 0.0 
107 338 0.0 
107 338 0.0 
107 338 0.0 
107 338 0.0 
107 339 0.0 
107 339 0.0 
107 339 0.0 
107 340 0.0 
107 340 0.0 
107 350 0.0 
107 350 0.0 
108 4 0.0 
108 7 0.0 
108 8 0.0 
108 8 0.0 
108 8 0.0 
108 8 0.0 
108 8 0.0 
108 8 0.0 
108 8 0.0 
108 8 0.0 
108 8 0.0 
108 8 0.0 
108 15 0.0 
108 70 0.0 
108 70 0.297338426113 
108 91 0.0162457935512 
108 93 0.0 
108 103 0.0 
108 109 0.0 
108 113 0.0 
108 113 0.0 
108 113 0.0 
108 113 0.0 
108 113 0.0 
108 113 0.0 
108 113 0.0 
108 113 0.0 
108 113 0.0 
108 113 0.0 
108 113 0.0 
108 113 0.0 
108 113 0.0 
108 113 0.0 
108 113 0.0 
108 113 0.0 
108 113 0.0 
108 113 0.0 
108 113 0.0 
108 113 0.0 
108 113 0.0 
108 113 0.0 
108 113 0.0 
108 124 0.0 
108 124 0.0 
108 124 0.0 
108 124 0.0 
108 128 0.0 
108 128 0.0 
108 128 0.0 
108 128 0.0236519183964 
108 128 0.0 
108 128 0.0 
108 128 0.0 
108 128 0.0 
108 128 0.0 
108 128 0.0 
108 128 0.0 
108 128 0.0 
108 166 0.0 
108 204 0.0 
108 228 0.0 
108 244 0.0 
108 254 0.0 
108 259 0.0 
108 270 0.0 
108 285 0.0 
108 287 0.0 
108 291 0.0 
108 292 0.0 
108 299 0.0 
108 299 0.0 
108 299 0.0 
108 310 0.0 
108 310 0.0 
108 310 0.0 
108 311 0.0 
108 312 0.0 
108 313 0.0 
108 332 0.0 
108 334 0.0 
108 334 0.0 
108 337 0.0 
108 338 0.0 
108 338 0.0 
108 338 0.0 
108 339 0.0 
108 340 0.0 
108 342 0.0 
108 350 0.0 
108 350 0.0 
108 350 0.0 
108 350 0.0 
108 350 0.0 
108 350 0.0 
108 350 0.0 
108 350 0.0 
108 350 0.0 
108 350 0.0 
108 351 0.0 
108 352 0.0 
108 354 0.0 
109 3 0.0 
109 28 0.0 
109 103 0.0 
109 113 0.0 
109 124 0.0 
109 128 0.0 
109 210 0.0 
109 305 0.0 
109 306 0.0 
109 306 0.0 
109 331 0.0 
109 340 0.0 
109 340 0.0 
109 340 0.0 
109 340 0.0 
109 340 0.0 
109 340 0.0 
109 340 0.0 
109 350 0.0 
109 350 0.0 
110 4 0.0 
110 7 0.0 
110 7 0.0 
110 7 0.0 
110 8 0.0 
110 8 0.0 
110 8 0.0 
110 8 0.0 
110 8 0.0 
110 8 0.0 
110 14 0.0 
110 14 0.0 
110 14 0.0 
110 22 0.0 
110 22 0.0 
110 22 0.0 
110 28 0.0 
110 28 0.0 
110 28 0.0 
110 28 0.0 
110 28 0.0 
110 28 0.0 
110 28 0.0 
110 28 0.0 
110 28 0.0 
110 28 0.0 
110 28 0.0 
110 28 0.0 
110 28 0.0 
110 30 0.0 
110 67 0.187599658966 
110 83 0.0 
110 83 0.0 
110 83 0.0 
110 83 0.0 
110 83 0.0 
110 83 0.0 
110 83 0.0 
110 83 0.0 
110 83 0.0 
110 83 0.0 
110 83 0.0 
110 83 0.0 
110 83 0.0 
110 83 0.0 
110 83 0.0 
110 83 0.0 
110 83 0.0 
110 83 0.0 
110 91 0.0257489737123 
110 91 0.0257489737123 
110 106 0.0 
110 112 0.0 
110 113 0.0 
110 121 0.0 
110 124 0.0 
110 128 0.0 
110 128 0.0 
110 139 0.0 
110 164 0.0 
110 166 0.0 
110 166 0.0 
110 173 0.0 
110 173 0.0 
110 173 0.0 
110 173 0.0 
110 173 0.0 
110 181 0.0 
110 188 0.0 
110 188 0.0 
110 218 0.0 
110 228 0.0 
110 228 0.0 
110 231 0.0 
110 231 0.0 
110 231 0.0 
110 231 0.0 
110 283 0.0 
110 283 0.0 
110 283 0.0 
110 291 0.0 
110 299 0.0 
110 299 0.0 
110 299 0.0 
110 304 0.000737131165806 
110 306 0.0 
110 307 0.0 
110 307 0.0 
110 310 0.0 
110 310 0.0 
110 331 0.0 
110 331 0.0 
110 332 0.0 
110 332 0.0 
110 332 0.0 
110 332 0.0 
110 332 0.0 
110 336 0.0 
110 339 0.0 
110 345 0.0 
110 350 0.0 
110 355 0.0 
111 155 0.00773743074387 
111 350 0.0 
112 3 0.0 
112 4 0.0 
112 4 0.0 
112 5 0.0 
112 8 0.0 
112 8 0.0 
112 8 0.0 
112 8 0.0 
112 8 0.0 
112 10 0.00220335158519 
112 12 0.0 
112 12 0.0 
112 14 0.0 
112 14 0.0 
112 54 0.0 
112 54 0.0 
112 70 0.0 
112 85 0.0051097185351 
112 86 0.0625332221389 
112 94 0.0 
112 103 0.0 
112 103 0.0 
112 103 0.0 
112 103 0.0 
112 110 0.00178352091461 
112 111 0.0 
112 113 0.0 
112 113 0.0 
112 113 0.0 
112 124 0.0 
112 128 0.0 
112 128 0.0 
112 128 0.0 
112 128 0.0 
112 128 0.0 
112 128 0.0 
112 128 0.0 
112 128 0.0 
112 128 0.0 
112 128 0.0 
112 128 0.0 
112 128 0.0 
112 128 0.0 
112 139 0.0 
112 139 0.0 
112 139 0.0 
112 166 0.0 
112 173 0.0110352737829 
112 173 0.0 
112 180 0.0 
112 181 0.00683957105502 
112 181 0.0 
112 188 0.0 
112 209 0.0 
112 209 0.0 
112 217 0.0 
112 217 0.0 
112 218 0.0 
112 218 0.0 
112 218 0.0 
112 219 0.0 
112 221 0.0 
112 228 0.0 
112 231 0.0 
112 244 0.0 
112 251 0.0 
112 251 0.0 
112 253 0.0 
112 255 0.0 
112 255 0.0 
112 257 0.0 
112 257 0.0 
112 259 0.0 
112 259 0.0 
112 260 0.0 
112 260 0.0 
112 260 0.0 
112 263 0.0 
112 263 0.0 
112 265 0.0 
112 265 0.0 
112 269 0.0 
112 269 0.0 
112 269 0.0 
112 270 0.0 
112 270 0.0 
112 270 0.0 
112 270 0.0 
112 271 0.0 
112 271 0.0 
112 276 0.0 
112 280 0.0 
112 280 0.0 
112 281 0.0 
112 281 0.0 
112 281 0.0 
112 281 0.0 
112 281 0.0 
112 284 0.0 
112 284 0.0 
112 287 0.0 
112 287 0.0 
112 288 0.0 
112 294 0.0 
112 294 0.0 
112 299 0.0 
112 299 0.0 
112 299 0.0 
112 299 0.0 
112 303 0.0 
112 307 0.0 
112 307 0.0 
112 307 0.0 
112 307 0.0 
112 308 0.0 
112 308 0.0 
112 309 0.0 
112 309 0.0 
112 309 0.0 
112 310 0.0 
112 311 0.0 
112 311 0.0 
112 311 0.0 
112 312 0.0 
112 312 0.0 
112 312 0.00175909860991 
112 312 0.0 
112 312 0.00175909860991 
112 312 0.0 
112 312 0.0 
112 312 0.0 
112 312 0.0 
112 313 0.0 
112 321 0.0 
112 321 0.0 
112 321 0.0 
112 321 0.0 
112 321 0.0 
112 327 0.0 
112 327 0.0 
112 329 0.0 
112 329 0.0 
112 329 0.0 
112 331 0.0 
112 331 0.0 
112 331 0.0 
112 331 0.0 
112 331 0.0 
112 331 0.0 
112 331 0.0 
112 331 0.0 
112 332 0.0 
112 332 0.0 
112 332 0.0 
112 335 0.0 
112 340 0.0 
112 340 0.0 
112 342 0.0 
112 342 0.0 
112 342 0.0 
112 350 0.0 
112 351 0.0 
112 351 0.0 
112 351 0.0 
112 351 0.0 
112 352 0.0 
112 352 0.0 
112 352 0.0 
112 352 0.0 
112 355 0.0 
113 289 0.0 
113 299 0.0 
113 299 0.0 
114 14 0.0 
114 14 0.0 
114 14 0.0 
114 14 0.0 
115 16 0.0 
115 16 0.0 
115 16 0.0 
115 16 0.0 
115 16 0.0 
115 28 0.0 
115 28 0.0 
115 67 0.0 
115 113 0.0 
115 113 0.0 
115 173 0.0 
115 180 0.0 
115 189 0.0 
115 350 0.0 
116 320 0.00102541514207 
116 351 0.0 
116 351 0.0 
117 228 0.0 
118 299 0.0 
118 350 0.0 
119 308 0.0 
120 5 0.0 
120 113 0.0 
120 113 0.0 
120 228 0.0 
120 254 0.0 
120 282 0.0 
120 290 0.0 
120 291 0.0 
120 306 0.0 
120 350 0.0 
120 350 0.0 
120 354 0.0 
121 111 0.00853020045906 
122 25 0.0 
122 25 0.0 
122 25 0.0 
122 25 0.0 
122 25 0.0 
122 341 0.0 
122 341 0.0 
122 341 0.0 
122 341 0.0 
122 341 0.0 
122 354 0.0 
122 354 0.0 
122 355 0.0 
122 355 0.0 
123 111 0.0 
123 160 0.0 
123 281 0.0 
123 287 0.0 
123 299 0.0 
123 327 0.0 
123 327 0.0 
123 327 0.0 
123 327 0.0 
123 354 0.0 
123 354 0.0 
123 354 0.0 
124 27 0.0 
124 27 0.0 
125 8 0.0 
125 48 0.0 
125 107 0.0 
125 108 0.0 
125 124 0.0 
125 124 0.0 
125 128 0.0 
125 128 0.0 
125 128 0.0 
125 128 0.0 
125 128 0.0 
125 128 0.0 
125 128 0.0 
125 128 0.0 
125 128 0.0 
125 128 0.0 
125 192 0.0 
125 228 0.0 
125 290 0.0 
125 308 0.0 
125 334 0.0 
125 335 0.0 
125 335 0.0 
125 335 0.0 
125 337 0.0 
125 338 0.0 
125 338 0.0 
125 338 0.0 
125 338 0.0 
125 338 0.0 
125 338 0.0 
125 338 0.0 
125 338 0.0 
125 338 0.0 
125 338 0.0 
125 338 0.0 
125 338 0.0 
125 338 0.0 
125 338 0.0 
125 338 0.0 
125 338 0.0 
125 338 0.0 
125 338 0.0 
125 338 0.0 
125 338 0.0 
125 338 0.0 
125 338 0.0 
125 350 0.0 
125 350 0.0 
126 105 0.0 
127 128 0.0 
128 350 0.0 
129 124 0.0 
129 124 0.0 
129 124 0.0 
129 124 0.0 
129 124 0.0 
130 124 0.0 
130 124 0.0 
130 137 0.0 
130 340 0.0 
130 340 0.0 
131 28 0.0 
131 28 0.0 
131 103 0.0 
131 128 0.0 
131 173 0.0 
131 243 0.0 
131 350 0.0 
131 350 0.0 
132 28 0.0 
133 28 0.0 
133 55 0.0 
134 7 0.0 
134 83 0.0 
135 124 0.0 
136 350 0.0 
137 113 0.0 
138 124 0.0 
138 124 0.0 
138 128 0.0 
138 217 0.0 
138 217 0.0 
138 217 0.0 
138 283 0.0 
138 283 0.0 
138 283 0.0 
138 283 0.0 
138 292 0.0 
138 299 0.0 
138 308 0.0 
138 308 0.0 
138 340 0.0 
138 340 0.0 
138 340 0.0 
138 350 0.0 
138 350 0.0 
138 352 0.0 
138 354 0.0 
139 113 0.0 
140 270 0.0 
140 284 0.0 
140 284 0.0 
140 287 0.0 
140 288 0.0 
140 288 0.0 
140 292 0.0 
140 292 0.0 
140 292 0.0 
140 292 0.00198689545505 
140 298 0.0 
140 298 0.0 
141 25 0.0 
141 25 0.0 
141 25 0.0 
141 25 0.0 
141 25 0.0 
141 25 0.0 
141 25 0.0 
141 25 0.0 
141 25 0.0 
141 25 0.0 
141 25 0.0 
141 25 0.0 
141 341 0.0 
141 341 0.0 
141 341 0.0 
141 341 0.0 
141 341 0.0 
141 341 0.0 
141 341 0.0 
141 341 0.0 
141 341 0.0 
141 341 0.0 
141 341 0.0 
141 341 0.0 
141 354 0.0 
141 354 0.0 
141 354 0.0 
141 354 0.0 
141 354 0.0 
141 354 0.0 
141 355 0.0 
141 355 0.0 
141 355 0.0 
141 355 0.0 
141 355 0.0 
141 355 0.0 
142 307 0.0 
143 38 0.0 
143 38 0.0 
144 311 0.0 
145 305 0.0 
146 38 0.0 
146 38 0.0 
147 70 0.0 
148 350 0.0 
149 113 0.0 
149 113 0.0 
149 124 0.0 
149 124 0.0 
150 54 0.0 
151 105 0.0 
152 75 0.0 
152 110 0.00178352091461 
152 257 0.0 
152 279 0.0 
152 321 0.0 
152 340 0.0 
152 340 0.0 
153 109 0.0 
153 113 0.0 
153 113 0.0 
153 113 0.0 
153 113 0.0 
153 121 0.0 
154 3 0.0 
154 3 0.0 
154 3 0.0 
154 4 0.0 
154 4 0.0 
154 5 0.0 
154 5 0.0 
154 5 0.0 
154 7 0.0 
154 7 0.0 
154 7 0.0 
154 8 0.0 
154 8 0.0 
154 8 0.00825910456479 
154 8 0.0 
154 8 0.0 
154 8 0.0 
154 8 0.00825910456479 
154 8 0.00825910456479 
154 8 0.0 
154 93 0.011519276537 
154 93 0.011519276537 
154 107 0.0 
154 124 0.0 
154 124 0.0 
154 128 0.0 
154 128 0.0 
154 128 0.0 
154 128 0.0 
154 128 0.0 
154 128 0.0 
154 128 0.0 
154 128 0.0 
154 128 0.0 
154 128 0.0 
154 128 0.0 
154 128 0.0 
154 128 0.0 
154 128 0.0 
154 128 0.0 
154 128 0.0 
154 128 0.0 
154 128 0.0 
154 128 0.0 
154 128 0.0 
154 128 0.0 
154 128 0.0 
154 128 0.0 
154 128 0.0 
154 128 0.0 
154 128 0.0 
154 128 0.0 
154 128 0.0 
154 128 0.0 
154 221 0.0 
154 231 0.0 
154 234 0.0 
154 238 0.0 
154 281 0.0 
154 281 0.0 
154 281 0.0 
154 281 0.0 
154 287 0.0 
154 287 0.0 
154 298 0.0 
154 307 0.0 
154 309 0.0 
154 331 0.0 
154 331 0.0 
154 332 0.0 
154 332 0.0 
154 334 0.0 
154 334 0.0 
154 335 0.0 
154 336 0.0 
154 337 0.0 
154 337 0.0 
154 337 0.0 
154 338 0.0 
154 338 0.0 
154 338 0.0 
154 339 0.0 
154 339 0.0 
154 339 0.0 
154 342 0.0 
154 342 0.0 
154 343 0.00952339544892 
154 350 0.0 
154 350 0.0 
155 28 0.0 
155 28 0.0 
155 113 0.0 
155 113 0.0 
155 113 0.0 
155 113 0.0 
155 113 0.0 
155 113 0.0 
155 113 0.0 
155 113 0.0301647670567 
155 113 0.0301647670567 
156 8 0.0 
157 103 0.0 
158 289 0.0 
159 199 0.0 
160 257 0.0 
160 259 0.0 
160 265 0.0 
160 280 0.0 
161 3 0.0 
161 12 0.0 
161 21 0.0 
161 44 0.0 
161 89 0.0 
161 95 0.0 
161 96 0.0 
161 98 0.0 
161 100 0.0 
161 102 0.0 
161 115 0.0 
161 117 0.0 
161 118 0.0 
161 163 0.0 
161 191 0.0 
161 194 0.0 
161 197 0.0 
161 202 0.0 
161 205 0.0 
161 206 0.0 
161 209 0.0 
161 210 0.0 
161 218 0.0 
161 219 0.0 
161 220 0.0 
161 221 0.0 
161 222 0.0 
161 223 0.0 
161 224 0.0 
161 225 0.0 
161 226 0.0 
161 232 0.0 
161 233 0.0 
161 237 0.0 
161 240 0.0 
161 241 0.0 
161 242 0.0 
161 245 0.0 
161 246 0.0 
161 247 0.0 
161 248 0.0 
161 249 0.0 
161 250 0.0 
161 268 0.0 
161 287 0.0 
161 294 0.0 
161 298 0.0 
161 299 0.0 
161 299 0.0 
161 350 0.0 
161 351 0.0 
161 354 0.0 
161 354 0.0 
162 17 0.0 
163 5 0.0 
163 5 0.0 
163 7 0.0 
163 8 0.00825910456479 
163 8 0.0 
163 8 0.0 
163 8 0.0 
163 8 0.00825910456479 
163 8 0.0 
163 8 0.0 
163 25 0.0 
163 25 0.0 
163 25 0.0 
163 25 0.0 
163 28 0.0 
163 28 0.0 
163 34 0.0 
163 113 0.0 
163 113 0.0 
163 113 0.0 
163 113 0.0 
163 113 0.0 
163 113 0.0 
163 113 0.0 
163 113 0.0 
163 113 0.0 
163 113 0.0 
163 113 0.0 
163 113 0.0 
163 113 0.0 
163 113 0.0 
163 113 0.0 
163 113 0.0 
163 113 0.0 
163 113 0.0 
163 113 0.0 
163 113 0.0 
163 121 0.0 
163 121 0.0 
163 121 0.0 
163 160 0.0 
163 160 0.0 
163 166 0.0 
163 173 0.0 
163 173 0.0 
163 173 0.0 
163 188 0.0 
163 234 0.0 
163 234 0.0 
163 238 0.0 
163 238 0.0 
163 281 0.0 
163 283 0.0 
163 288 0.0 
163 288 0.0 
163 290 0.0 
163 299 0.0 
163 299 0.0 
163 305 0.0 
163 305 0.0 
163 310 0.0 
163 311 0.0 
163 311 0.0 
163 322 0.0 
163 330 0.0 
163 330 0.0 
163 330 0.0 
163 330 0.0 
163 332 0.0 
163 333 0.0 
163 333 0.0 
163 333 0.0 
163 333 0.0 
163 336 0.0 
163 336 0.0 
163 336 0.0 
163 336 0.0 
163 340 0.0 
163 340 0.0 
163 340 0.0 
163 340 0.0 
163 340 0.0 
163 340 0.0 
163 341 0.0 
163 341 0.0 
163 341 0.0 
163 341 0.0 
163 343 0.0 
163 343 0.0 
163 343 0.0 
163 343 0.0 
163 345 0.0 
163 345 0.0 
163 345 0.0 
163 345 0.0 
163 350 0.0 
163 350 0.0 
163 350 0.0 
163 350 0.0 
163 351 0.0 
163 353 0.0 
163 353 0.0 
163 353 0.0 
163 353 0.0 
163 354 0.0 
163 354 0.0 
163 354 0.0 
163 354 0.0 
163 355 0.0 
163 355 0.0 
163 355 0.0 
163 355 0.0 
163 356 -0.0 
163 356 -0.0 
163 356 -0.0 
163 356 -0.0 
164 221 0.0 
165 24 0.0 
165 256 0.0 
165 258 0.0 
165 264 0.0 
165 272 0.0 
165 273 0.0 
165 275 0.0 
165 279 0.0 
165 282 0.0 
165 283 0.0 
165 285 0.0 
165 289 0.0 
165 291 0.0 
165 293 0.0 
165 299 0.0 
165 304 0.0 
165 305 0.0 
165 306 0.0 
165 307 0.0 
165 308 0.0 
165 309 0.0 
165 310 0.0 
165 311 0.0 
165 312 0.0 
165 313 0.0 
165 314 0.0 
165 315 0.0 
165 316 0.0 
165 317 0.0 
165 318 0.0 
165 319 0.0 
165 320 0.0 
165 321 0.0 
165 322 0.0 
165 323 0.0 
165 324 0.0 
165 325 0.0 
165 327 0.0 
165 328 0.0 
165 331 0.0 
165 332 0.0 
165 334 0.0 
165 335 0.0 
165 336 0.0 
165 337 0.0 
165 338 0.0 
165 339 0.0 
165 340 0.0 
165 342 0.0 
165 350 0.0 
165 351 0.0 
165 352 0.0 
166 44 0.0 
167 70 0.0 
168 299 0.0 
169 291 0.0 
169 298 0.0 
169 299 0.0 
169 306 0.0 
169 308 0.0 
169 308 0.0 
170 305 0.0 
171 313 0.0 
172 70 0.0 
173 254 0.0 
174 305 0.0 
175 336 0.0 
176 18 0.0 
177 275 0.0 
177 275 0.0 
177 275 0.0 
177 275 0.0 
177 275 0.0 
177 275 0.0 
177 275 0.0150642804801 
177 275 0.0 
177 275 0.0150642804801 
177 275 0.0 
177 275 0.0 
177 275 0.0 
177 306 0.0 
177 306 0.000806753116194 
177 306 0.0 
177 306 0.0 
177 320 0.00102541514207 
177 322 0.00575371831656 
177 322 0.0 
177 322 0.0 
177 322 0.0 
177 322 0.0 
177 322 0.0 
177 322 0.00575371831656 
177 322 0.0 
177 322 0.0 
177 351 0.0 
177 351 0.0 
177 351 0.0 
178 11 0.0 
178 11 0.0 
179 113 0.0 
179 113 0.0 
179 281 0.0 
179 284 0.0 
179 299 0.0 
179 340 0.0 
179 340 0.0 
179 350 0.0 
179 350 0.0 
179 350 0.0 
179 350 0.0 
179 350 0.0 
180 93 0.011519276537 
181 7 0.0 
181 83 0.0 
182 299 0.0 
183 260 0.0 
183 269 0.0 
183 288 0.0 
183 321 0.0 
183 321 0.0 
184 4 0.0 
184 8 0.0 
184 22 0.0 
184 22 0.0 
184 28 0.0 
184 28 0.0 
184 54 0.0 
184 54 0.0 
184 54 0.0 
184 70 0.0 
184 108 0.0 
184 112 0.0 
184 113 0.0 
184 121 0.0 
184 128 0.0 
184 139 0.0 
184 163 0.0 
184 173 0.0 
184 217 0.0 
184 251 0.0 
184 251 0.0 
184 254 0.0 
184 289 0.0 
184 321 0.0 
184 322 0.0 
184 336 0.0 
184 338 0.0 
184 342 0.0 
184 354 0.0 
184 354 0.0 
185 113 0.0 
185 113 0.0 
186 38 0.0 
187 199 0.0 
188 113 0.0 
189 1 0.0193117279559 
189 44 0.0 
189 61 0.187599658966 
189 128 0.0 
189 128 0.0 
190 155 0.0 
191 113 0.0 
191 354 0.0 
192 44 0.0 
193 44 0.0 
193 113 0.0 
194 164 0.0306083671749 
195 154 0.0 
196 113 0.0 
196 113 0.0 
197 124 0.0 
197 217 0.0 
197 217 0.0 
198 124 0.0 
199 113 0.0 
200 354 0.0 
201 3 0.0 
201 3 0.0 
201 4 0.0 
201 4 0.0 
201 4 0.0 
201 8 0.0 
201 13 0.0 
201 13 0.0 
201 13 0.0 
201 13 0.0 
201 22 0.0 
201 77 0.0 
201 83 0.0 
201 99 0.0 
201 103 0.0 
201 103 0.0 
201 103 0.0 
201 113 0.0 
201 113 0.0 
201 113 0.0 
201 113 0.0 
201 124 0.0 
201 124 0.0 
201 124 0.0 
201 124 0.0 
201 124 0.0 
201 124 0.0 
201 124 0.0 
201 124 0.0 
201 124 0.0 
201 124 0.0 
201 124 0.0 
201 124 0.0 
201 124 0.0 
201 124 0.0 
201 124 0.0 
201 124 0.0 
201 124 0.0 
201 124 0.0 
201 124 0.0 
201 141 0.0 
201 166 0.0 
201 183 0.00683957105502 
201 183 0.0 
201 228 0.0 
201 229 0.0 
201 230 0.0 
201 231 0.0 
201 234 0.0 
201 238 0.0 
201 243 0.0 
201 244 0.0 
201 251 0.0 
201 251 0.0 
201 253 0.0 
201 254 0.0 
201 283 0.0 
201 284 0.0 
201 284 0.0 
201 290 0.0 
201 290 0.0 
201 290 0.0 
201 292 0.0 
201 292 0.0 
201 292 0.0 
201 292 0.0 
201 292 0.0 
201 292 0.0 
201 296 0.0 
201 299 0.0 
201 299 0.0 
201 299 0.0 
201 299 0.0 
201 299 0.0 
201 299 0.0 
201 299 0.0 
201 299 0.0 
201 299 0.0 
201 299 0.0 
201 299 0.0 
201 299 0.0 
201 299 0.0 
201 299 0.0 
201 299 0.0 
201 299 0.0 
201 299 0.0 
201 299 0.0 
201 299 0.0 
201 299 0.0 
201 299 0.0 
201 299 0.0 
201 299 0.0 
201 299 0.0 
201 299 0.0 
201 299 0.0 
201 299 0.0 
201 299 0.0 
201 299 0.0 
201 299 0.0 
201 299 0.0 
201 299 0.0 
201 305 0.0 
201 305 0.0 
201 305 0.0 
201 305 0.0 
201 305 0.0 
201 305 0.0 
201 305 0.0 
201 305 0.0 
201 305 0.0 
201 305 0.0 
201 306 0.0 
201 306 0.0 
201 306 0.0 
201 306 0.0 
201 306 0.0 
201 306 0.0 
201 306 0.0 
201 308 0.0 
201 308 0.0 
201 336 0.0 
201 340 0.0 
201 340 0.0 
201 340 0.0 
201 340 0.0 
201 347 0.0 
201 350 0.0 
201 350 0.0 
201 350 0.0 
201 350 0.0 
201 350 0.0 
201 350 0.0 
201 350 0.0 
201 350 0.0 
201 350 0.0 
201 350 0.0 
201 350 0.0 
201 350 0.0 
201 350 0.0 
201 350 0.0 
201 350 0.0 
201 350 0.0 
201 350 0.0 
201 350 0.0 
201 350 0.0 
201 350 0.0 
201 350 0.0 
201 350 0.0 
201 350 0.0 
201 350 0.0 
201 350 0.0 
201 350 0.0 
201 350 0.0 
201 350 0.0 
201 350 0.0 
201 350 0.0 
201 350 0.0 
201 350 0.0 
201 350 0.0 
201 350 0.0 
201 350 0.0 
201 350 0.0 
201 350 0.0 
201 350 0.0 
201 350 0.0 
201 350 0.0 
201 350 0.0 
201 350 0.0 
201 350 0.0 
201 350 0.0 
201 350 0.0 
201 350 0.0 
201 350 0.0 
201 350 0.0 
201 350 0.0 
201 350 0.0 
201 350 0.0 
201 350 0.0 
201 350 0.0 
201 350 0.0 
201 350 0.0 
201 350 0.0 
201 350 0.0 
201 350 0.0 
201 350 0.0 
201 350 0.0 
201 350 0.0 
201 350 0.0 
201 350 0.0 
201 350 0.0 
201 350 0.0 
201 350 0.0 
201 350 0.0 
201 350 0.0 
201 350 0.0 
201 350 0.0 
201 350 0.0 
201 350 0.0 
201 350 0.0 
201 350 0.0 
201 350 0.0 
201 350 0.0 
201 350 0.0 
201 350 0.0 
201 354 0.0 
201 354 0.0 
201 354 0.0 
201 354 0.0 
202 28 0.0 
202 83 0.0 
202 139 0.0 
202 139 0.0 
202 166 0.0 
202 166 0.0 
202 166 0.0 
202 166 0.0 
202 166 0.0 
202 166 0.00400365144014 
202 270 0.0 
203 340 0.0 
204 350 0.0 
205 28 0.0 
206 15 0.0 
206 321 0.0 
207 162 0.0 
208 292 0.0 
209 185 0.0 
210 299 0.0 
211 350 0.0 
212 199 0.0 
213 231 0.0 
214 67 0.0 
214 67 0.0 
214 67 0.0 
214 67 0.0 
214 67 0.0 
214 67 0.0 
215 305 0.0 
215 305 0.0 
216 128 0.0236519183964 
216 128 0.0 
216 334 0.0 
216 339 0.0 
217 113 0.0 
218 128 0.0236519183964 
218 128 0.0 
218 128 0.0 
218 338 0.0 
219 222 0.0 
220 270 0.0 
220 340 0.0 
220 340 0.0 
220 350 0.0 
220 354 0.0 
221 113 0.0 
221 166 0.0 
221 166 0.0 
221 173 0.0 
221 181 0.0 
222 128 0.0 
222 128 0.0236519183964 
222 128 0.0 
222 338 0.0 
223 128 0.0236519183964 
223 128 0.0 
223 128 0.0 
223 338 0.0 
224 160 0.0 
224 243 0.0 
224 260 0.0 
224 269 0.0 
225 336 0.0 
225 336 0.0 
225 336 0.0 
225 336 0.0 
225 336 0.0 
226 305 0.0 
226 350 0.0 
227 141 0.0 
228 21 0.0 
228 38 0.0 
228 38 0.0 
228 95 0.0 
229 199 0.0 
230 340 0.0 
231 113 0.0 
231 299 0.0 
231 299 0.0 
232 113 0.0301647670567 
232 113 0.0 
232 113 0.0 
232 113 0.0 
232 113 0.0 
232 113 0.0 
232 113 0.0 
232 113 0.0 
232 113 0.0 
233 185 0.0 
234 309 0.0 
234 309 0.00182899646461 
234 309 0.00182899646461 
234 309 0.0 
234 311 0.00146643444896 
234 311 0.00146643444896 
234 311 0.0 
234 311 0.0 
234 312 0.0 
235 338 0.0 
236 222 0.0 
237 124 0.0 
237 124 0.0 
237 124 0.0 
237 124 0.0 
238 113 0.0 
239 124 0.0 
240 20 0.0 
240 24 0.0 
240 30 0.0 
240 70 0.0 
240 124 0.0 
240 208 0.0 
240 256 0.0 
240 258 0.0 
240 264 0.0 
240 272 0.0 
240 273 0.0 
240 275 0.0 
240 279 0.0 
240 282 0.0 
240 283 0.0 
240 285 0.0 
240 289 0.0 
240 291 0.0 
240 293 0.0 
240 299 0.0 
240 304 0.0 
240 305 0.0 
240 306 0.0 
240 307 0.0 
240 308 0.0 
240 309 0.0 
240 310 0.0 
240 311 0.0 
240 312 0.0 
240 313 0.0 
240 314 0.0 
240 315 0.0 
240 316 0.0 
240 317 0.0 
240 318 0.0 
240 319 0.0 
240 320 0.0 
240 321 0.0 
240 322 0.0 
240 323 0.0 
240 324 0.0 
240 325 0.0 
240 327 0.0 
240 328 0.0 
240 331 0.0 
240 332 0.0 
240 334 0.0 
240 335 0.0 
240 336 0.0 
240 336 0.0 
240 337 0.0 
240 338 0.0 
240 339 0.0 
240 340 0.0 
240 342 0.0 
240 350 0.0 
240 351 0.0 
240 352 0.0 
241 199 0.0 
242 24 0.0 
242 256 0.0 
243 83 0.0 
244 299 0.0 
245 12 0.0 
245 98 0.0 
245 209 0.0 
245 210 0.0 
245 218 0.0 
245 219 0.0 
245 221 0.0 
245 222 0.0 
245 223 0.0 
245 224 0.0 
245 225 0.0 
245 226 0.0 
245 232 0.0 
245 233 0.0 
245 245 0.0 
245 246 0.0 
245 247 0.0 
245 248 0.0 
245 249 0.0 
245 250 0.0 
245 294 0.0 
246 289 0.0 
247 1 0.0193117279559 
247 5 0.0 
247 5 0.0 
247 8 0.0 
247 8 0.0 
247 8 0.0 
247 8 0.0 
247 8 0.0 
247 10 0.0 
247 10 0.00220335158519 
247 16 0.0 
247 20 0.0 
247 28 0.0 
247 28 0.0 
247 28 0.0 
247 28 0.0 
247 34 0.0 
247 48 0.0 
247 61 0.187599658966 
247 85 0.0051097185351 
247 85 0.0 
247 91 0.0 
247 93 0.0 
247 103 0.0 
247 103 0.0 
247 109 0.0 
247 109 0.0 
247 110 0.0 
247 110 0.0 
247 110 0.0 
247 110 0.0 
247 110 0.00178352091461 
247 110 0.0 
247 110 0.0 
247 110 0.0 
247 110 0.0 
247 111 0.0 
247 111 0.0 
247 111 0.0 
247 111 0.0 
247 111 0.0 
247 111 0.00853020045906 
247 111 0.0 
247 111 0.00853020045906 
247 111 0.0 
247 111 0.0 
247 111 0.0 
247 111 0.0 
247 111 0.0 
247 124 0.0 
247 124 0.0 
247 124 0.0 
247 124 0.0 
247 124 0.0 
247 124 0.0 
247 124 0.0 
247 124 0.0 
247 124 0.0 
247 124 0.0 
247 124 0.0 
247 124 0.0 
247 124 0.0 
247 124 0.0 
247 126 0.0 
247 127 0.0 
247 128 0.0 
247 128 0.0 
247 128 0.0 
247 128 0.0 
247 139 0.0 
247 139 0.0 
247 139 0.0 
247 159 0.0 
247 160 0.0 
247 166 0.0 
247 175 0.0 
247 176 0.0 
247 180 0.0 
247 182 0.0 
247 184 0.0 
247 188 0.0 
247 208 0.0 
247 211 0.0 
247 211 0.0 
247 213 0.0 
247 217 0.0 
247 218 0.0 
247 219 0.0 
247 219 0.0 
247 220 0.0 
247 239 0.0 
247 244 0.0 
247 251 0.0 
247 253 0.0 
247 253 0.0 
247 253 0.0 
247 253 0.0 
247 254 0.0 
247 254 0.0 
247 254 0.0 
247 259 0.0 
247 259 0.0 
247 263 0.0 
247 263 0.0 
247 265 0.0 
247 265 0.0 
247 274 0.0 
247 275 0.0 
247 277 0.0 
247 280 0.0 
247 290 0.0 
247 290 0.0 
247 310 0.0 
247 311 0.0 
247 313 0.0 
247 313 0.0 
247 321 0.0 
247 321 0.0 
247 321 0.0 
247 322 0.0 
247 351 0.0 
247 354 0.0 
248 105 0.0 
249 128 0.0 
249 128 0.0 
249 128 0.0 
250 44 0.0 
251 289 0.0 
252 8 0.00825910456479 
252 128 0.0236519183964 
252 128 0.0 
252 128 0.0 
252 234 0.0 
252 238 0.0 
252 307 0.0 
252 309 0.0 
252 309 0.0 
252 334 0.0 
252 334 0.000772167230025 
252 334 0.0 
252 334 0.0 
252 335 0.000285210146103 
252 335 0.0 
252 335 0.0 
252 337 0.0 
252 337 0.0 
252 337 0.000392857007682 
252 338 0.0 
252 338 0.0016704343725 
252 342 0.0 
252 342 0.00439196499065 
252 352 0.0 
253 340 0.0 
254 9 0.0 
254 80 0.0 
254 82 0.0 
254 86 0.0 
254 133 0.0 
254 136 0.0 
255 299 0.0 
256 124 0.0 
257 350 0.0 
257 350 0.0 
258 354 0.0 
259 350 0.0 
259 350 0.0 
259 350 0.0 
259 350 0.0 
259 350 0.0 
260 8 0.0 
260 54 0.0 
260 54 0.0 
260 54 0.0 
260 54 0.0 
260 124 0.0 
260 124 0.0 
260 204 0.0 
260 234 0.0 
260 234 0.0 
260 238 0.0 
260 238 0.0 
260 293 0.0 
260 293 0.0 
260 293 0.0 
260 293 0.0 
260 293 0.0 
260 293 0.0 
260 293 0.00254933978431 
260 299 0.0 
261 128 0.0 
261 354 0.0 
262 8 0.0 
262 14 0.0 
262 113 0.0 
262 128 0.0 
262 128 0.0 
262 128 0.0 
262 166 0.0 
262 173 0.0 
262 173 0.0 
262 173 0.0 
262 243 0.0 
262 279 0.0 
262 334 0.0 
262 350 0.0 
262 350 0.0 
262 351 0.0 
263 305 0.0 
263 305 0.0 
263 354 0.0 
264 299 0.0 
265 124 0.0 
266 254 0.0 
266 254 0.0 
267 113 0.0 
268 15 0.0 
269 43 0.0 
270 113 0.0 
270 113 0.0 
270 113 0.0 
270 113 0.0 
270 113 0.0 
270 113 0.0 
270 113 0.0 
270 350 0.0 
271 113 0.0 
272 28 0.0 
273 334 0.0 
274 306 0.0 
275 28 0.0 
275 336 0.0 
275 336 0.0 
276 44 0.0 
277 160 0.0 
278 217 0.0 
278 299 0.0 
278 306 0.0 
278 338 0.0 
279 12 0.0 
279 12 0.0 
279 14 0.0 
279 98 0.0 
279 98 0.0 
279 223 0.0 
279 223 0.0 
279 224 0.0 
279 224 0.0 
279 225 0.0 
279 225 0.0 
279 226 0.0 
279 226 0.0 
279 232 0.0 
279 232 0.0 
279 233 0.0 
279 233 0.0 
279 245 0.0 
279 245 0.0 
279 246 0.0 
279 246 0.0 
279 247 0.0 
279 247 0.0 
279 248 0.0 
279 248 0.0 
279 249 0.0 
279 249 0.0 
279 250 0.0 
279 250 0.0 
279 294 0.0 
279 294 0.0 
280 97 0.0 
281 1 0.0 
281 61 0.0 
281 128 0.0 
281 128 0.0 
281 128 0.0 
281 128 0.0 
281 128 0.0 
281 128 0.0 
281 128 0.0 
281 128 0.0 
281 128 0.0 
281 128 0.0 
281 128 0.0 
281 128 0.0 
281 128 0.0 
281 128 0.0 
281 128 0.0 
281 128 0.0 
281 260 0.0 
281 269 0.0 
281 283 0.0 
281 289 0.0 
281 289 0.0 
281 299 0.0 
281 306 0.0 
281 306 0.0 
281 306 0.0 
281 306 0.0 
281 306 0.0 
281 306 0.0 
281 309 0.0 
281 309 0.0 
281 309 0.0 
281 311 0.0 
281 311 0.0 
281 332 0.0 
281 332 0.0 
281 334 0.0 
281 334 0.0 
281 335 0.0 
281 336 0.0 
281 338 0.0 
281 338 0.0 
281 338 0.0 
281 338 0.0 
281 338 0.0 
281 338 0.0 
281 340 0.0 
281 340 0.0 
281 340 0.0 
281 340 0.0 
281 340 0.0 
281 340 0.0 
281 340 0.0 
281 340 0.0 
281 352 0.0 
282 11 0.0 
283 113 0.0 
284 288 0.0 
285 25 0.0 
285 330 0.0 
285 333 0.0 
285 341 0.0 
285 343 0.0 
285 345 0.0 
285 353 0.0 
285 354 0.0 
285 355 0.0 
285 356 -0.0 
286 306 0.0 
287 335 0.0 
288 4 0.0 
288 4 0.0 
288 8 0.0 
288 8 0.0 
288 8 0.00825910456479 
288 8 0.0 
288 8 0.0 
288 8 0.0 
288 8 0.0 
288 8 0.0 
288 8 0.0 
288 8 0.0 
288 8 0.0 
288 8 0.0 
288 8 0.00825910456479 
288 8 0.0 
288 8 0.0 
288 8 0.0 
288 8 0.00825910456479 
288 8 0.00825910456479 
288 8 0.0 
288 8 0.00825910456479 
288 8 0.00825910456479 
288 8 0.00825910456479 
288 8 0.0 
288 8 0.0 
288 8 0.0 
288 8 0.00825910456479 
288 8 0.0 
288 8 0.00825910456479 
288 8 0.00825910456479 
288 8 0.0 
288 8 0.00825910456479 
288 8 0.00825910456479 
288 22 0.0 
288 28 0.0 
288 28 0.0 
288 28 0.0 
288 28 0.0 
288 28 0.0 
288 28 0.0 
288 28 0.0 
288 28 0.0 
288 28 0.0 
288 28 0.0 
288 28 0.0 
288 34 0.0 
288 77 0.0 
288 83 0.0 
288 91 0.0257489737123 
288 108 0.0 
288 108 0.0 
288 108 0.0 
288 111 0.0 
288 111 0.0 
288 113 0.0 
288 113 0.0 
288 113 0.0 
288 113 0.0 
288 113 0.0 
288 113 0.0 
288 113 0.0 
288 113 0.0 
288 113 0.0 
288 121 0.0 
288 121 0.0 
288 121 0.0 
288 121 0.0 
288 121 0.0 
288 121 0.0 
288 121 0.0 
288 139 0.0 
288 139 0.019452046603 
288 142 0.0 
288 166 0.0 
288 166 0.00634563714266 
288 166 0.00634563714266 
288 166 0.0 
288 166 0.0 
288 166 0.0 
288 166 0.0 
288 166 0.0 
288 173 0.0174904949963 
288 173 0.0174904949963 
288 173 0.0 
288 173 0.0 
288 173 0.0 
288 173 0.0 
288 173 0.0 
288 173 0.0 
288 178 0.00750398635864 
288 217 0.0 
288 217 0.0 
288 228 0.0 
288 228 0.0 
288 228 0.00347406766377 
288 228 0.0 
288 228 0.0 
288 228 0.0 
288 228 0.0 
288 228 0.0 
288 229 0.0 
288 230 0.0 
288 231 0.0 
288 231 0.0 
288 234 0.0 
288 234 0.0 
288 234 0.0 
288 238 0.0 
288 238 0.0 
288 238 0.0 
288 238 0.00841793324798 
288 243 0.0 
288 243 0.0 
288 243 0.0 
288 251 0.0 
288 253 0.0 
288 282 0.0 
288 298 0.0 
288 299 0.0 
288 299 0.0 
288 299 0.0 
288 305 0.0 
288 307 0.0 
288 331 0.0 
288 331 0.0 
288 331 0.0 
288 340 0.0 
288 340 0.0 
288 340 0.0 
288 350 0.0 
288 350 0.0 
288 351 0.0 
288 355 0.0 
288 355 0.0 
289 350 0.0 
290 354 0.0 
291 110 0.00178352091461 
292 54 0.0 
293 350 0.0 
294 111 0.00853020045906 
295 48 0.0 
296 128 0.0 
297 222 0.0 
297 222 0.0 
297 222 0.0 
297 334 0.0 
298 113 0.0 
298 339 0.0 
298 339 0.0 
299 113 0.0 
300 185 0.0 
301 162 0.0 
302 162 0.0 
303 162 0.0 
304 162 0.0 
305 162 0.0 
306 162 0.0 
307 339 0.0 
308 128 0.0236519183964 
308 128 0.0 
308 128 0.0236519183964 
309 128 0.0 
309 128 0.0 
310 299 0.0 
311 16 0.0 
311 16 0.0 
312 113 0.0 
312 113 0.0 
312 113 0.0 
312 113 0.0 
312 113 0.0 
312 113 0.0 
312 113 0.0 
312 113 0.0 
312 113 0.0 
312 113 0.0 
312 113 0.0 
312 113 0.0 
312 113 0.0 
312 113 0.0 
312 113 0.0 
312 113 0.0 
312 113 0.0 
312 113 0.0 
312 243 0.0 
312 254 0.0 
313 4 0.0 
313 5 0.0 
313 221 0.0 
313 293 0.0 
313 299 0.0 
314 3 0.0 
314 124 0.0 
315 54 0.0 
316 340 0.0 
316 340 0.0 
317 163 0.0 
318 4 0.0 
318 4 0.0 
318 83 0.0 
318 113 0.0 
319 8 0.0 
319 309 0.0 
319 331 0.0 
319 340 0.0 
319 340 0.0 
320 113 0.0 
320 113 0.0 
321 113 0.0 
322 54 0.0 
322 261 0.0 
322 261 0.0 
322 321 0.0 
322 350 0.0 
322 350 0.0 
323 3 0.0 
323 3 0.0 
323 4 0.0 
323 7 0.0 
323 7 0.0 
323 8 0.0 
323 28 0.0 
323 28 0.0 
323 44 0.0 
323 113 0.0 
323 113 0.0 
323 113 0.0 
323 113 0.0 
323 124 0.0 
323 124 0.0 
323 124 0.0 
323 124 0.0 
323 128 0.0 
323 166 0.0 
323 228 0.0 
323 260 0.0 
323 269 0.0 
323 284 0.0 
323 289 0.0 
323 299 0.0 
323 299 0.0 
323 299 0.0 
323 299 0.0 
323 299 0.0 
323 299 0.0 
323 305 0.0 
323 305 0.0 
323 331 0.0 
323 331 0.0 
323 340 0.0 
323 340 0.0 
323 340 0.0 
323 340 0.0 
323 350 0.0 
323 350 0.0 
323 354 0.0 
323 355 0.0 
324 4 0.0 
324 221 0.0 
324 222 0.0116212181747 
324 222 0.00733217224479 
324 222 0.0 
324 222 0.00733217224479 
324 228 0.0 
324 275 0.0 
324 299 0.0 
325 8 0.0 
326 199 0.0 
327 1 0.0 
327 2 0.0 
327 2 0.0 
327 2 0.0 
327 2 0.0 
327 2 0.0 
327 3 0.0 
327 4 0.0 
327 4 0.0 
327 5 0.0 
327 5 0.0 
327 5 0.0 
327 7 0.0 
327 10 0.0 
327 10 0.0 
327 54 0.0 
327 54 0.0 
327 61 0.0 
327 66 0.0 
327 66 0.0 
327 66 0.0 
327 66 0.0 
327 66 0.0 
327 70 0.0 
327 73 0.276178479195 
327 85 0.0 
327 85 0.0 
327 86 0.0 
327 86 0.0 
327 91 0.0 
327 91 0.0 
327 93 0.0 
327 93 0.0 
327 111 0.00853020045906 
327 111 0.00853020045906 
327 113 0.0 
327 113 0.0 
327 113 0.0 
327 124 0.0 
327 124 0.0 
327 124 0.0 
327 124 0.0 
327 128 0.0 
327 128 0.0 
327 128 0.0 
327 128 0.0 
327 128 0.0 
327 128 0.0 
327 128 0.0 
327 128 0.0 
327 128 0.0 
327 128 0.0 
327 128 0.0 
327 128 0.0 
327 128 0.0 
327 173 0.0 
327 173 0.0 
327 173 0.0 
327 217 0.0 
327 217 0.0 
327 217 0.0 
327 222 0.0 
327 228 0.0 
327 231 0.0 
327 231 0.0 
327 265 0.0 
327 270 0.0 
327 270 0.0 
327 279 0.0 
327 279 0.0 
327 279 0.0 
327 279 0.0 
327 281 0.0 
327 281 0.0 
327 281 0.0 
327 283 0.0 
327 284 0.0 
327 287 0.0 
327 287 0.0 
327 288 0.0 
327 294 0.0 
327 299 0.0 
327 299 0.0 
327 299 0.0 
327 299 0.0 
327 307 0.0 
327 307 0.0 
327 312 0.0 
327 312 0.0 
327 312 0.0 
327 312 0.00175909860991 
327 312 0.0 
327 312 0.00175909860991 
327 312 0.0 
327 334 0.0 
327 334 0.0 
327 334 0.0 
327 334 0.0 
327 334 0.0 
327 334 0.0 
327 334 0.0 
327 334 0.0 
327 334 0.0 
327 334 0.0 
327 334 0.0 
327 334 0.0 
327 334 0.0 
327 334 0.0 
327 334 0.0 
327 335 0.0 
327 335 0.0 
327 335 0.0 
327 335 0.0 
327 335 0.0 
327 337 0.0 
327 337 0.0 
327 337 0.0 
327 337 0.0 
327 337 0.0 
327 337 0.0 
327 337 0.0 
327 337 0.0 
327 337 0.0 
327 338 0.0 
327 338 0.0 
327 338 0.0 
327 338 0.0 
327 338 0.0 
327 350 0.0 
327 350 0.0 
327 350 0.0 
328 113 0.0 
328 113 0.0 
328 113 0.0 
328 113 0.0 
328 113 0.0 
328 113 0.0 
328 113 0.0 
328 113 0.0 
328 124 0.0 
328 336 0.0 
328 350 0.0 
328 350 0.0 
329 8 0.0 
329 8 0.0 
329 8 0.0 
329 8 0.00825910456479 
329 124 0.0 
329 124 0.0 
329 124 0.0 
329 124 0.0 
329 128 0.0 
329 128 0.0 
329 128 0.0 
329 128 0.0236519183964 
329 290 0.0 
329 299 0.0 
329 299 0.0 
329 313 0.0 
329 313 0.0 
329 331 0.0 
329 335 0.0 
329 335 0.0 
329 338 0.0 
329 338 0.0 
329 338 0.0 
329 338 0.0 
329 339 0.0 
329 339 0.000271295168204 
329 339 0.000271295168204 
329 351 0.0 
330 350 0.0 
331 345 0.0 
332 24 0.0 
332 224 0.00733217224479 
332 224 0.00733217224479 
332 224 0.0116212181747 
332 256 0.0 
332 259 0.0 
332 259 0.0 
332 279 0.0 
332 279 0.0 
332 279 0.0 
332 279 0.0 
332 279 0.0 
332 279 0.0 
332 283 0.0 
332 287 0.0 
332 299 0.0 
332 307 0.0 
332 312 0.0 
332 312 0.0 
332 312 0.0 
332 312 0.0 
332 312 0.0 
332 312 0.0 
332 336 0.0 
332 336 0.0 
332 336 0.0 
332 336 0.0 
333 128 0.0 
334 299 0.0 
335 128 0.0 
335 334 0.0 
335 335 0.0 
336 2 0.0 
336 66 0.0 
337 38 0.0 
337 38 0.0 
337 38 0.0 
337 38 0.0 
337 38 0.0 
337 38 0.0 
337 38 0.0 
337 38 0.0 
337 38 0.0 
337 38 0.0 
337 38 0.0 
338 111 0.0 
339 16 0.0 
340 299 0.0 
341 13 0.0 
342 16 0.0 
343 48 0.0 
344 110 0.0 
344 110 0.00178352091461 
344 110 0.00178352091461 
345 305 0.0 
345 305 0.0 
345 305 0.0 
345 305 0.0 
345 306 0.0 
346 28 0.0 
347 308 0.0 
348 113 0.0 
348 263 0.0 
349 124 0.0 
350 8 0.0 
350 8 0.0 
350 8 0.0 
350 8 0.0 
350 28 0.0 
350 234 0.0 
350 234 0.0 
350 238 0.0 
350 238 0.0 
351 299 0.0 
351 306 0.0 
352 155 0.00773743074387 
352 166 0.0 
353 338 0.0 
353 338 0.0 
353 338 0.0 
353 338 0.0 
354 113 0.0 
354 121 0.0 
354 173 0.0 
355 7 0.0 
356 1 0.0193117279559 
356 61 0.187599658966 
356 124 0.0 
356 258 0.00328783900477 
357 113 0.0 
357 299 0.0 
357 331 0.0 
357 350 0.0 
357 350 0.0 
358 113 0.0 
358 113 0.0 
358 113 0.0 
358 124 0.0 
358 217 0.0 
358 354 0.0 
359 113 0.0 
360 350 0.0 
360 350 0.0 
361 185 0.0 
362 97 0.0 
362 97 0.0 
363 173 0.0 
364 332 0.0 
364 354 0.0 
364 354 0.0 
364 354 0.0 
364 354 0.0 
365 103 0.0 
365 334 0.0 
365 337 0.0 
365 338 0.0 
366 128 0.0 
366 128 0.0 
366 128 0.0236519183964 
367 128 0.0 
367 285 0.0 
367 311 0.0 
367 352 0.0 
368 354 0.0 
369 111 0.00853020045906 
370 11 0.0 
370 18 0.0 
370 189 0.0 
370 204 0.0 
371 128 0.0 
371 128 0.0 
371 219 0.0118306083605 
371 219 0.00746428314596 
371 219 0.0 
371 219 0.00746428314596 
371 303 0.00460297474638 
371 303 0.00729554239661 
371 303 0.0 
371 303 0.0 
371 309 0.0 
371 309 0.0 
371 309 0.0 
371 311 0.0 
371 335 0.0 
371 338 0.0 
371 338 0.0 
371 338 0.0 
371 338 0.0 
371 338 0.0 
372 139 0.0 
372 189 0.0 
373 210 0.0 
373 255 0.0 
373 257 0.0 
374 45 0.0 
374 45 0.0 
374 113 0.0 
374 113 0.0 
374 150 0.00507026072592 
375 350 0.0 
376 113 0.0 
377 124 0.0 
378 110 0.0 
378 110 0.0 
378 110 0.0 
378 257 0.0 
379 110 0.0 
379 110 0.0 
379 110 0.0 
379 259 0.0 
379 271 0.0 
380 350 0.0 
380 350 0.0 
381 5 0.0 
381 8 0.0 
381 28 0.0 
381 109 0.0 
381 121 0.0 
381 222 0.0 
381 290 0.0 
381 290 0.0 
381 340 0.0 
381 350 0.0 
382 110 0.0 
382 110 0.0 
382 110 0.0 
382 196 0.0 
382 219 0.0 
383 9 0.0 
383 80 0.0 
383 110 0.0 
383 110 0.0 
383 110 0.0 
383 257 0.0 
383 271 0.0 
384 8 0.0 
384 8 0.0 
384 8 0.0 
384 8 0.0 
384 8 0.0 
384 8 0.0 
384 8 0.0 
384 8 0.0 
384 8 0.0 
384 22 0.0 
384 22 0.0 
384 22 0.0 
384 22 0.0 
384 22 0.0 
384 22 0.0 
384 22 0.0 
384 22 0.0 
384 22 0.0 
384 22 0.0 
384 22 0.0 
384 22 0.0 
384 22 0.0 
384 22 0.0 
384 22 0.0 
384 22 0.0 
384 77 0.0 
384 77 0.0 
384 77 0.0 
384 77 0.0 
384 77 0.0 
384 77 0.0 
384 77 0.0 
384 99 0.0 
384 99 0.0 
384 99 0.0 
384 99 0.0 
384 99 0.0 
384 99 0.0 
384 99 0.0 
384 141 0.0 
384 141 0.0 
384 141 0.0 
384 141 0.0 
384 141 0.0 
384 141 0.0 
384 141 0.0 
384 141 0.0 
384 228 0.0 
384 228 0.0 
384 228 0.0 
384 228 0.0 
384 228 0.0 
384 228 0.0 
384 228 0.0 
384 228 0.0 
384 228 0.0 
384 229 0.0 
384 229 0.0 
384 229 0.0 
384 229 0.0 
384 229 0.0 
384 229 0.0 
384 229 0.0 
384 229 0.0 
384 229 0.0 
384 230 0.0 
384 230 0.0 
384 230 0.0 
384 230 0.0 
384 230 0.0 
384 230 0.0 
384 230 0.0 
384 230 0.0 
384 230 0.0 
384 231 0.0 
384 231 0.0 
384 231 0.0 
384 231 0.0 
384 231 0.0 
384 231 0.0 
384 231 0.0 
384 231 0.0 
384 231 0.0 
384 234 0.0 
384 234 0.0 
384 234 0.0 
384 234 0.0 
384 234 0.0 
384 234 0.0 
384 234 0.0 
384 234 0.0 
384 234 0.0 
384 238 0.0 
384 238 0.0 
384 238 0.0 
384 238 0.0 
384 238 0.0 
384 238 0.0 
384 238 0.0 
384 238 0.0 
384 238 0.0 
384 243 0.0 
384 243 0.0 
384 243 0.0 
384 243 0.0 
384 243 0.0 
384 243 0.0 
384 243 0.0 
384 243 0.0 
384 243 0.0 
384 244 0.0 
384 244 0.0 
384 244 0.0 
384 244 0.0 
384 244 0.0 
384 244 0.0 
384 244 0.0 
384 244 0.0 
384 244 0.0 
384 251 0.0 
384 251 0.0 
384 251 0.0 
384 251 0.0 
384 251 0.0 
384 251 0.0 
384 251 0.0 
384 251 0.0 
384 251 0.0 
384 253 0.0 
384 253 0.0 
384 253 0.0 
384 253 0.0 
384 253 0.0 
384 253 0.0 
384 253 0.0 
384 253 0.0 
384 253 0.0 
384 254 0.0 
384 254 0.0 
384 254 0.0 
384 254 0.0 
384 254 0.0 
384 254 0.0 
384 254 0.0 
384 254 0.0 
384 254 0.0 
384 296 0.0 
384 296 0.0 
384 296 0.0 
384 296 0.0 
384 296 0.0 
384 296 0.0 
384 296 0.0 
384 347 0.0 
384 347 0.0 
384 347 0.0 
384 347 0.0 
384 347 0.0 
384 347 0.0 
384 347 0.0 
384 347 0.0 
385 113 0.0 
386 331 0.0 
386 331 0.0 
386 342 0.0 
387 113 0.0 
387 113 0.0 
387 340 0.0 
387 340 0.0 
387 354 0.0 
388 12 0.0 
388 12 0.0 
388 43 0.00334146968089 
388 43 0.0 
388 43 0.00334146968089 
388 70 0.0 
388 111 0.0 
388 111 0.0 
388 114 0.00673606060445 
388 128 0.0 
388 157 0.0132646225393 
388 307 0.0 
388 307 0.0 
388 307 0.0 
388 307 0.0 
388 331 0.0 
388 336 0.0 
388 336 0.0 
389 199 0.0 
390 340 0.0 
391 44 0.0 
391 44 0.0 
392 1 0.0 
392 3 0.0 
392 12 0.0 
392 12 0.0 
392 21 0.0 
392 41 0.0 
392 61 0.0 
392 70 0.0 
392 89 0.0 
392 95 0.0 
392 96 0.0 
392 98 0.0 
392 98 0.0 
392 100 0.0 
392 102 0.0 
392 115 0.0 
392 117 0.0 
392 118 0.0 
392 124 0.0 
392 124 0.0 
392 163 0.0 
392 191 0.0 
392 194 0.0 
392 197 0.0 
392 202 0.0 
392 205 0.0 
392 206 0.0 
392 209 0.0 
392 209 0.0 
392 210 0.0 
392 210 0.0 
392 218 0.0 
392 218 0.0 
392 219 0.0 
392 219 0.0 
392 220 0.0 
392 221 0.0 
392 221 0.0 
392 222 0.0 
392 222 0.0 
392 223 0.0 
392 223 0.0 
392 224 0.0 
392 224 0.0 
392 225 0.0 
392 225 0.0 
392 226 0.0 
392 226 0.0 
392 232 0.0 
392 232 0.0 
392 233 0.0 
392 233 0.0 
392 237 0.0 
392 240 0.0 
392 241 0.0 
392 242 0.0 
392 245 0.0 
392 245 0.0 
392 246 0.0 
392 246 0.0 
392 247 0.0 
392 247 0.0 
392 248 0.0 
392 248 0.0 
392 249 0.0 
392 249 0.0 
392 250 0.0 
392 250 0.0 
392 254 0.0 
392 268 0.0 
392 273 0.0 
392 275 0.0 
392 279 0.0 
392 282 0.0 
392 283 0.0 
392 285 0.0 
392 289 0.0 
392 291 0.0 
392 293 0.0 
392 294 0.0 
392 294 0.0 
392 299 0.0 
392 304 0.0 
392 305 0.0 
392 306 0.0 
392 307 0.0 
392 308 0.0 
392 309 0.0 
392 310 0.0 
392 311 0.0 
392 312 0.0 
392 313 0.0 
392 321 0.0 
392 322 0.0 
392 327 0.0 
392 328 0.0 
392 331 0.0 
392 332 0.0 
392 334 0.0 
392 335 0.0 
392 336 0.0 
392 337 0.0 
392 338 0.0 
392 339 0.0 
392 340 0.0 
392 342 0.0 
392 350 0.0 
392 351 0.0 
392 352 0.0 
392 356 -0.0 
393 28 0.0 
393 67 0.0 
393 109 0.0 
393 112 0.0 
393 113 0.0 
393 113 0.0 
393 113 0.0 
393 113 0.0 
393 113 0.0 
393 113 0.0 
393 113 0.0 
393 180 0.0 
393 350 0.0 
394 350 0.0 
395 111 0.0 
395 124 0.0 
396 8 0.0 
396 8 0.0 
396 103 0.0 
396 137 0.0 
396 234 0.0 
396 238 0.0 
396 254 0.0 
396 254 0.0 
396 254 0.0 
396 254 0.0 
396 350 0.0 
396 350 0.0 
397 336 0.0 
398 332 0.0 
398 332 0.0 
399 112 0.0 
400 28 0.0 
400 67 0.0 
400 350 0.0 
400 350 0.0 
400 350 0.0 
400 350 0.0 
400 350 0.0 
401 16 0.0 
401 17 0.0 
401 19 0.0 
401 132 0.0 
401 135 0.0 
401 138 0.0 
401 142 0.0 
401 143 0.0 
401 144 0.0 
401 146 0.0 
401 151 0.0 
401 156 0.0 
401 167 0.0 
401 192 0.0 
401 196 0.0 
401 207 0.0 
401 212 0.0 
402 113 0.0 
403 17 0.0 
403 292 0.0 
403 292 0.0 
403 294 0.0 
403 350 0.0 
403 350 0.0 
403 350 0.0 
403 350 0.0 
403 354 0.0 
404 139 0.0 
405 1 0.0 
405 1 0.0 
405 1 0.0 
405 4 0.0 
405 7 0.0 
405 7 0.0 
405 7 0.0 
405 11 0.0 
405 20 0.0 
405 20 0.0 
405 20 0.0 
405 20 0.0 
405 20 0.0 
405 20 0.0 
405 20 0.0 
405 20 0.0 
405 28 0.0 
405 28 0.0 
405 28 0.0 
405 30 0.0 
405 61 0.0 
405 61 0.0 
405 61 0.0 
405 70 0.0 
405 107 0.0 
405 107 0.0 
405 108 0.0 
405 113 0.0 
405 113 0.0 
405 113 0.0 
405 113 0.0 
405 113 0.0 
405 113 0.0 
405 113 0.0 
405 113 0.0 
405 113 0.0 
405 113 0.0 
405 113 0.0 
405 113 0.0 
405 113 0.0 
405 113 0.0 
405 113 0.0 
405 113 0.0301647670567 
405 113 0.0 
405 113 0.0 
405 113 0.0 
405 113 0.0 
405 113 0.0 
405 113 0.0 
405 113 0.0 
405 113 0.0 
405 113 0.0 
405 124 0.0 
405 124 0.0 
405 124 0.0 
405 124 0.0 
405 155 0.00773743074387 
405 160 0.0 
405 160 0.0 
405 160 0.0 
405 160 0.0 
405 190 0.0 
405 208 0.0 
405 208 0.0 
405 208 0.0 
405 208 0.0 
405 208 0.0 
405 208 0.0 
405 208 0.0 
405 208 0.0 
405 237 0.0 
405 237 0.00230385549366 
405 237 0.00230385549366 
405 243 0.0 
405 299 0.0 
405 299 0.0 
405 299 0.0 
405 299 0.0 
405 299 0.0 
405 332 0.0 
405 336 0.0 
405 336 0.0 
405 336 0.0 
405 336 0.0 
405 336 0.0 
405 336 0.0 
405 336 0.0 
405 336 0.0 
405 336 0.0 
405 355 0.0 
405 355 0.0 
406 354 0.0 
407 113 0.0 
408 282 0.0 
409 28 0.0 
410 340 0.0 
410 340 0.0 
411 18 0.0 
412 133 0.0 
412 136 0.0 
413 298 0.0 
413 298 0.0 
414 113 0.0 
414 305 0.0 
414 340 0.0 
415 5 0.0 
415 28 0.0 
415 113 0.0 
415 113 0.0 
415 113 0.0 
415 113 0.0 
415 113 0.0 
415 124 0.0 
415 124 0.0 
415 173 0.0 
415 299 0.0 
415 306 0.0 
415 308 0.0 
415 334 0.0 
415 334 0.0 
415 334 0.0 
415 334 0.0 
415 334 0.0 
415 334 0.0 
415 334 0.0 
415 335 0.0 
415 337 0.0 
415 338 0.0 
415 354 0.0 
416 19 0.0 
417 113 0.0 
417 299 0.0 
417 299 0.0 
417 299 0.0 
417 339 0.0 
417 340 0.0 
417 350 0.0 
418 350 0.0 
419 5 0.0 
419 28 0.0 
419 299 0.0 
419 354 0.0 
420 340 0.0 
421 336 0.0 
422 43 0.0 
422 43 0.0 
422 43 0.0 
423 124 0.0 
424 124 0.0 
424 124 0.0 
425 113 0.0 
425 124 0.0 
425 287 0.0 
425 292 0.0 
425 306 0.0 
425 340 0.0 
426 185 0.0 
427 28 0.0 
428 113 0.0 
428 113 0.0 
428 299 0.0 
428 350 0.0 
428 354 0.0 
429 299 0.0 
429 299 0.0 
430 124 0.0 
431 97 0.0 
431 97 0.0 
431 344 0.0 
431 344 0.0 
432 7 0.0 
432 350 0.0 
432 350 0.0 
432 350 0.0 
432 350 0.0 
433 4 0.0 
433 34 0.0 
433 34 0.0 
433 34 0.0 
433 309 0.0 
433 311 0.0 
433 312 0.0 
434 113 0.0 
434 113 0.0 
434 113 0.0 
434 113 0.0 
434 113 0.0 
434 231 0.0 
435 18 0.0 
435 139 0.0 
435 152 0.0 
435 153 0.0 
435 154 0.0 
435 155 0.0 
435 157 0.0 
435 160 0.0 
435 161 0.0 
435 164 0.0 
435 166 0.0 
435 169 0.0 
435 170 0.0 
435 171 0.0 
435 172 0.0 
435 173 0.0 
435 176 0.0 
435 178 0.0 
435 179 0.0 
435 180 0.0 
435 181 0.0 
435 182 0.0 
435 183 0.0 
435 184 0.0 
435 188 0.0 
435 189 0.0 
435 190 0.0 
435 198 0.0 
435 199 0.0 
435 200 0.0 
435 201 0.0 
435 203 0.0 
435 204 0.0 
435 213 0.0 
435 216 0.0 
435 217 0.0 
435 227 0.0 
435 235 0.0 
435 236 0.0 
435 252 0.0 
435 262 0.0 
435 267 0.0 
435 274 0.0 
435 278 0.0 
435 286 0.0 
435 295 0.0 
435 297 0.0 
435 300 0.0 
435 302 0.0 
435 326 0.0 
435 346 0.0 
435 348 0.0 
436 124 0.0 
437 105 0.0 
438 25 0.0 
438 341 0.0 
438 354 0.0 
438 355 0.0 
439 54 0.0 
439 54 0.0 
439 54 0.0 
439 124 0.0 
439 299 0.0 
439 305 0.0 
439 350 0.0 
440 22 0.0 
441 4 0.0 
441 113 0.0 
442 105 0.0 
443 8 0.0 
443 8 0.0 
443 8 0.0 
443 8 0.0 
443 38 0.0 
443 128 0.0 
443 128 0.0 
443 128 0.0 
443 128 0.0 
443 128 0.0 
443 128 0.0 
443 128 0.0 
443 128 0.0 
443 128 0.0 
443 128 0.0 
443 128 0.0 
443 128 0.0 
443 128 0.0 
443 222 0.0 
443 231 0.0 
443 231 0.0 
443 231 0.0 
443 231 0.0 
443 303 0.0 
443 334 0.0 
443 335 0.0 
443 335 0.0 
443 337 0.0 
443 338 0.0 
443 338 0.0 
443 338 0.0 
443 338 0.0 
443 340 0.0 
444 103 0.0 
444 113 0.0 
444 352 0.0 
445 334 0.0 
445 334 0.0 
445 334 0.0 
445 334 0.0 
445 334 0.0 
445 335 0.0 
445 337 0.0 
446 308 0.0 
447 111 0.0 
447 139 0.0 
447 217 0.0 
448 8 0.0 
449 337 0.0 
449 337 0.0 
449 338 0.0 
450 334 0.0 
450 337 0.0 
450 338 0.0 
450 338 0.0 
451 48 0.0 
451 59 0.0 
451 254 0.0 
451 281 0.0 
451 288 0.0 
451 290 0.0 
451 307 0.0 
451 338 0.0 
452 25 0.0 
452 330 0.0 
452 333 0.0 
452 341 0.0 
452 343 0.0 
452 345 0.0 
452 353 0.0 
452 354 0.0 
452 355 0.0 
452 356 -0.0 
453 1 0.0193117279559 
453 10 0.00220335158519 
453 61 0.187599658966 
453 85 0.0051097185351 
454 350 0.0 
455 3 0.0 
455 4 0.0 
455 5 0.0 
455 8 0.0 
455 8 0.0 
455 8 0.00825910456479 
455 8 0.0 
455 30 0.0 
455 30 0.0 
455 93 0.011519276537 
455 103 0.0 
455 106 0.0 
455 106 0.0 
455 128 0.0 
455 163 0.0 
455 217 0.0 
455 226 0.00779538881034 
455 226 0.00491834292188 
455 227 0.0 
455 227 0.0 
455 231 0.0 
455 282 0.0 
455 282 0.0 
455 284 0.0 
455 305 0.0 
455 308 0.0 
455 308 0.0 
455 309 0.0 
455 312 0.0 
455 340 0.0 
455 340 0.0 
455 340 0.0 
455 340 0.0 
455 340 0.0 
455 340 0.0 
455 340 0.0 
455 340 0.0 
455 340 0.0 
455 340 0.0 
455 340 0.0 
455 340 0.0 
455 340 0.0 
455 340 0.0 
455 340 0.0 
455 352 0.0 
455 352 0.0 
455 354 0.0 
455 354 0.0 
456 113 0.0 
456 173 0.0 
457 25 0.0 
457 25 0.0 
457 341 0.0 
457 341 0.0 
457 354 0.0 
457 355 0.0 
458 124 0.0 
458 299 0.0 
458 350 0.0 
459 1 0.0193117279559 
459 1 0.0 
459 1 0.0 
459 4 0.0 
459 4 0.0 
459 5 0.0 
459 7 0.0 
459 7 0.0 
459 8 0.0 
459 10 0.0 
459 16 0.0 
459 16 0.0 
459 16 0.0 
459 16 0.0 
459 20 0.0 
459 24 0.0 
459 28 0.0 
459 28 0.0 
459 28 0.0 
459 28 0.0 
459 28 0.0 
459 28 0.0 
459 28 0.0 
459 28 0.0 
459 30 0.0 
459 30 0.0 
459 42 0.00691156601533 
459 44 0.0 
459 48 0.164149701595 
459 48 0.0 
459 48 0.164149701595 
459 48 0.0 
459 48 0.0 
459 48 0.0 
459 57 0.0202081818134 
459 57 0.0 
459 61 0.0 
459 61 0.0 
459 61 0.187599658966 
459 70 0.0 
459 70 0.0 
459 85 0.0 
459 86 0.0 
459 91 0.0257489737123 
459 91 0.0 
459 91 0.0 
459 91 0.0 
459 93 0.0 
459 109 0.0 
459 110 0.00178352091461 
459 111 0.0 
459 112 0.0 
459 112 0.0 
459 113 0.0 
459 113 0.0 
459 113 0.0 
459 113 0.0 
459 113 0.0 
459 113 0.0 
459 113 0.0 
459 113 0.0 
459 113 0.0 
459 113 0.0 
459 113 0.0 
459 113 0.0 
459 113 0.0 
459 113 0.0 
459 113 0.0 
459 113 0.0 
459 113 0.0 
459 113 0.0 
459 113 0.0 
459 113 0.0 
459 121 0.0 
459 121 0.0 
459 121 0.0 
459 121 0.0 
459 121 0.0 
459 124 0.0 
459 124 0.0 
459 124 0.0 
459 139 0.0 
459 139 0.0 
459 139 0.0 
459 166 0.0 
459 173 0.0 
459 173 0.0 
459 185 0.0410374253988 
459 208 0.0 
459 229 0.0 
459 229 0.0 
459 230 0.0 
459 230 0.0 
459 231 0.0 
459 231 0.0 
459 253 0.0 
459 253 0.0 
459 253 0.0 
459 256 0.0 
459 258 0.0 
459 261 0.0 
459 264 0.0 
459 265 0.0 
459 270 0.0 
459 272 0.0 
459 273 0.0 
459 275 0.0 
459 279 0.0 
459 280 0.0 
459 282 0.0 
459 283 0.0 
459 285 0.0 
459 289 0.0 
459 291 0.0 
459 293 0.0 
459 299 0.0 
459 299 0.0 
459 299 0.0 
459 304 0.0 
459 305 0.0 
459 306 0.0 
459 307 0.0 
459 308 0.0 
459 309 0.0 
459 310 0.0 
459 311 0.0 
459 312 0.0 
459 313 0.0 
459 314 0.0 
459 315 0.0 
459 316 0.0 
459 317 0.0 
459 318 0.0 
459 319 0.0 
459 320 0.0 
459 321 0.0 
459 322 0.0 
459 323 0.0 
459 324 0.0 
459 325 0.0 
459 327 0.0 
459 328 0.0 
459 331 0.0 
459 332 0.0 
459 334 0.0 
459 335 0.0 
459 336 0.0 
459 336 0.0 
459 336 0.0 
459 336 0.0 
459 336 0.0 
459 336 0.0 
459 336 0.0 
459 336 0.0 
459 336 0.0 
459 337 0.0 
459 338 0.0 
459 339 0.0 
459 340 0.0 
459 340 0.0 
459 340 0.0 
459 340 0.0 
459 340 0.0 
459 340 0.0 
459 340 0.0 
459 340 0.0 
459 340 0.0 
459 342 0.0 
459 350 0.0 
459 350 0.0 
459 350 0.0 
459 351 0.0 
459 352 0.0 
459 354 0.0 
460 8 0.0 
460 10 0.0 
460 11 0.0 
460 11 0.0 
460 11 0.0 
460 11 0.0 
460 11 0.0 
460 11 0.0 
460 11 0.0 
460 11 0.0 
460 11 0.0 
460 11 0.0 
460 11 0.0 
460 11 0.0 
460 11 0.0 
460 11 0.0 
460 11 0.0 
460 11 0.0 
460 11 0.0 
460 11 0.0 
460 11 0.0 
460 11 0.0 
460 11 0.0 
460 11 0.0 
460 11 0.0 
460 11 0.0 
460 11 0.0 
460 11 0.0 
460 11 0.0 
460 12 0.0 
460 14 0.0 
460 17 0.0 
460 20 0.0 
460 48 0.0 
460 54 0.0 
460 83 0.0 
460 85 0.0 
460 91 0.0 
460 93 0.0 
460 94 0.0 
460 94 0.0 
460 103 0.0 
460 103 0.0 
460 103 0.0 
460 105 0.0 
460 110 0.0 
460 110 0.0 
460 110 0.0 
460 110 0.0 
460 110 0.0 
460 110 0.0 
460 110 0.00178352091461 
460 110 0.0 
460 110 0.00178352091461 
460 110 0.00178352091461 
460 110 0.00178352091461 
460 110 0.00178352091461 
460 110 0.0 
460 110 0.0 
460 111 0.0 
460 111 0.0 
460 111 0.0 
460 111 0.0 
460 111 0.0 
460 111 0.0 
460 111 0.0 
460 111 0.0 
460 111 0.0 
460 112 0.0 
460 124 0.0 
460 124 0.0 
460 124 0.0 
460 124 0.0 
460 124 0.0 
460 128 0.0 
460 128 0.0 
460 130 0.0 
460 158 0.0 
460 160 0.0 
460 168 0.0 
460 169 0.0 
460 175 0.0 
460 176 0.0 
460 180 0.0 
460 185 0.0 
460 188 0.0 
460 196 0.0 
460 208 0.0 
460 209 0.0 
460 213 0.0 
460 215 0.0 
460 217 0.0 
460 217 0.0 
460 218 0.0 
460 219 0.0 
460 219 0.0 
460 219 0.0 
460 222 0.0 
460 229 0.0 
460 230 0.0 
460 239 0.0 
460 243 0.0 
460 253 0.0 
460 254 0.0 
460 262 0.0 
460 263 0.0 
460 265 0.0 
460 275 0.0 
460 277 0.0 
460 290 0.0 
460 290 0.0 
460 321 0.0 
460 321 0.0 
460 322 0.0 
460 351 0.0 
460 354 0.0 
461 124 0.0 
462 128 0.0 
462 340 0.0 
