0 266 0.0 
463 113 0.0 
463 299 0.0 
463 299 0.0 
464 282 0.0 
464 336 0.0 
465 299 0.0 
465 299 0.0 
466 113 0.0 
466 160 0.0 
466 189 0.0 
466 189 0.0 
466 189 0.0 
466 189 0.0 
466 192 0.0 
467 354 0.0 
468 270 0.0 
468 270 0.0 
468 316 0.00600388040766 
468 334 0.0 
468 334 0.0 
468 334 0.0 
468 334 0.0 
468 335 0.0 
468 337 0.0 
468 340 0.0 
469 28 0.0 
469 28 0.0 
469 28 0.0 
469 28 0.0 
469 28 0.0 
469 91 0.0257489737123 
469 103 0.0 
469 103 0.0 
469 103 0.02851190418 
469 103 0.02851190418 
469 103 0.0179890096188 
469 124 0.0 
469 124 0.0 
469 124 0.0 
469 124 0.0 
469 139 0.0 
469 139 0.0 
469 139 0.0 
469 173 0.0 
469 173 0.0 
469 173 0.0 
469 226 0.00779538881034 
469 226 0.00491834292188 
469 248 0.011320669204 
469 248 0.00714254705235 
469 248 0.011320669204 
469 248 0.00714254705235 
469 261 0.0 
469 261 0.0 
469 302 0.0 
469 307 0.0 
469 307 0.0 
469 307 0.0 
469 307 0.0 
469 307 0.0 
469 307 0.0 
469 331 0.0 
469 331 0.0 
469 331 0.0 
470 283 0.0 
470 283 0.0 
471 266 0.0 
472 350 0.0 
473 113 0.0 
473 113 0.0 
474 285 0.0 
475 334 0.0 
475 334 0.0 
475 334 0.0 
475 334 0.0 
475 335 0.0 
475 335 0.0 
475 335 0.0 
475 335 0.0 
475 335 0.0 
475 335 0.0 
475 335 0.0 
475 335 0.0 
475 335 0.0 
475 337 0.0 
475 337 0.0 
475 337 0.0 
475 337 0.0 
475 337 0.0 
475 337 0.0 
475 337 0.0 
475 337 0.0 
475 337 0.0 
475 338 0.0 
475 338 0.0 
475 338 0.0 
475 338 0.0 
475 338 0.0 
475 338 0.0 
475 338 0.0 
475 338 0.0 
475 338 0.0 
475 338 0.0 
476 306 0.0 
477 121 0.0 
477 121 0.0 
477 270 0.0 
477 270 0.0 
477 298 0.0 
477 298 0.0 
477 298 0.0 
477 298 0.0 
477 305 0.0 
477 331 0.0 
477 340 0.0 
477 340 0.0 
477 351 0.0 
477 354 0.0 
477 354 0.0 
477 354 0.0 
477 354 0.0 
478 335 0.0 
478 337 0.0 
478 338 0.0 
478 342 0.0 
479 8 0.0 
479 8 0.0 
479 113 0.0 
479 128 0.0 
479 128 0.0 
479 128 0.0 
479 128 0.0 
479 128 0.0 
479 128 0.0 
479 128 0.0 
479 128 0.0 
479 128 0.0 
479 128 0.0 
479 128 0.0 
479 128 0.0 
479 270 0.0 
479 299 0.0 
479 307 0.0 
479 308 0.0 
479 332 0.0 
479 332 0.0 
479 336 0.0 
479 337 0.0 
479 337 0.0 
479 337 0.0 
479 338 0.0 
479 338 0.0 
479 338 0.0 
479 338 0.0 
479 338 0.0 
479 338 0.0 
479 338 0.0 
479 338 0.0 
479 338 0.0 
479 338 0.0 
479 338 0.0 
479 338 0.0 
479 340 0.0 
479 340 0.0 
479 340 0.0 
479 350 0.0 
479 351 0.0 
480 5 0.0 
480 7 0.0 
481 354 0.0 
482 306 0.0 
483 199 0.0 
483 199 0.00691156601533 
483 299 0.0 
483 299 0.0 
483 299 0.0 
483 299 0.0 
483 299 0.0 
483 299 0.0 
483 299 0.0 
483 299 0.0 
483 299 0.0 
483 299 0.0 
483 306 0.0 
483 354 0.0 
484 1 0.0 
484 1 0.0193117279559 
484 1 0.0193117279559 
484 8 0.0 
484 8 0.00825910456479 
484 11 0.0 
484 11 0.00366608612239 
484 11 0.0 
484 13 0.0 
484 25 0.0 
484 28 0.0 
484 28 0.0 
484 61 0.187599658966 
484 61 0.187599658966 
484 61 0.0 
484 75 0.0 
484 83 0.0 
484 109 0.0 
484 109 0.0 
484 109 0.0 
484 111 0.00853020045906 
484 111 0.0 
484 111 0.00853020045906 
484 111 0.0 
484 113 0.0 
484 121 0.0 
484 121 0.0 
484 121 0.0 
484 121 0.0 
484 121 0.0 
484 139 0.0 
484 173 0.0 
484 263 0.0 
484 263 0.0 
484 282 0.0 
484 282 0.0 
484 299 0.0 
484 299 0.0 
484 327 0.00330093805678 
484 330 0.0 
484 333 0.0 
484 336 0.0 
484 341 0.0 
484 343 0.0 
484 345 0.0 
484 350 0.0 
484 353 0.0 
484 354 0.0 
484 355 0.0 
484 355 0.0 
484 355 0.0 
484 356 -0.0 
485 285 0.0 
485 289 0.0019179059891 
485 289 0.0 
485 289 0.0 
485 291 0.0 
485 291 0.0 
485 291 0.0023740271572 
485 291 0.0 
485 308 0.0 
485 322 0.0 
485 322 0.0 
486 113 0.0 
486 124 0.0 
486 128 0.0 
486 128 0.0 
486 160 0.0 
486 160 0.0 
486 160 0.0 
486 290 0.0 
486 293 0.0 
486 332 0.0 
486 340 0.0 
486 340 0.0 
486 340 0.0 
486 340 0.0 
487 128 0.0 
488 128 0.0 
488 128 0.0 
488 128 0.0 
488 128 0.0 
488 128 0.0 
489 34 0.0 
489 93 0.011519276537 
490 4 0.0 
490 7 0.0 
490 7 0.0 
490 7 0.0 
490 10 0.00220335158519 
490 11 0.0 
490 11 0.0 
490 11 0.0 
490 11 0.0 
490 11 0.0 
490 11 0.0 
490 11 0.0 
490 11 0.0 
490 11 0.0 
490 11 0.0 
490 11 0.0 
490 11 0.0 
490 13 0.0 
490 18 0.0 
490 24 0.0 
490 25 0.0 
490 28 0.0 
490 28 0.0 
490 28 0.0 
490 28 0.0 
490 28 0.0 
490 28 0.0 
490 28 0.0 
490 48 0.0 
490 83 0.0 
490 83 0.0 
490 83 0.0 
490 85 0.0051097185351 
490 86 0.0625332221389 
490 87 0.0 
490 88 0.0 
490 89 0.0 
490 89 0.0 
490 90 0.0 
490 90 0.0 
490 90 0.0 
490 91 0.0257489737123 
490 92 0.0 
490 94 0.0 
490 103 0.0 
490 109 0.0 
490 112 0.0 
490 121 0.0 
490 124 0.0 
490 128 0.0 
490 137 0.0 
490 139 0.0 
490 139 0.0 
490 139 0.0 
490 152 0.0 
490 153 0.0 
490 154 0.0 
490 155 0.0 
490 157 0.0 
490 160 0.0 
490 161 0.0 
490 164 0.0 
490 166 0.0 
490 166 0.0 
490 166 0.0 
490 166 0.0 
490 166 0.0 
490 166 0.0 
490 166 0.0 
490 166 0.0 
490 169 0.0 
490 170 0.0 
490 171 0.0 
490 172 0.0 
490 173 0.0 
490 176 0.0 
490 178 0.0 
490 179 0.0 
490 180 0.0 
490 181 0.0 
490 182 0.0 
490 183 0.0 
490 184 0.0 
490 188 0.0 
490 189 0.0 
490 190 0.0 
490 198 0.0 
490 199 0.0 
490 200 0.0 
490 201 0.0 
490 203 0.0 
490 204 0.0 
490 213 0.0 
490 214 0.0 
490 216 0.0 
490 217 0.0 
490 218 0.0 
490 222 0.0 
490 222 0.0 
490 227 0.0 
490 235 0.0 
490 236 0.0 
490 243 0.0 
490 243 0.0 
490 243 0.0 
490 243 0.0 
490 243 0.0 
490 243 0.0 
490 243 0.0 
490 243 0.0 
490 243 0.00278219813481 
490 243 0.0 
490 243 0.0 
490 243 0.0 
490 243 0.0 
490 243 0.0 
490 243 0.0 
490 252 0.0 
490 256 0.0 
490 258 0.0 
490 262 0.0 
490 264 0.0 
490 265 0.0 
490 267 0.0 
490 270 0.0 
490 272 0.00484523642808 
490 272 0.0 
490 273 0.0 
490 274 0.0 
490 275 0.0 
490 278 0.0 
490 279 0.0 
490 282 0.0 
490 283 0.0 
490 285 0.0 
490 286 0.0 
490 289 0.0 
490 291 0.0 
490 293 0.0 
490 295 0.0 
490 297 0.0 
490 299 0.0 
490 300 0.0 
490 302 0.0 
490 303 0.0 
490 304 0.0 
490 305 0.0 
490 306 0.0 
490 307 0.0 
490 307 0.0 
490 308 0.0 
490 309 0.0 
490 310 0.00135160749778 
490 310 0.0 
490 310 0.00135160749778 
490 310 0.0 
490 310 0.0 
490 310 0.0 
490 310 0.0 
490 310 0.0 
490 310 0.0 
490 310 0.0 
490 311 0.0 
490 312 0.0 
490 312 0.0 
490 312 0.0 
490 313 0.0 
490 313 0.0 
490 313 0.0 
490 313 0.0 
490 313 0.0 
490 314 0.0 
490 315 0.0 
490 316 0.0 
490 317 0.0 
490 318 0.0 
490 319 0.0 
490 320 0.0 
490 321 0.0 
490 322 0.0 
490 323 0.0 
490 324 0.0 
490 325 0.0 
490 326 0.0 
490 327 0.0 
490 328 0.0 
490 330 0.0 
490 331 0.0 
490 332 0.0 
490 332 0.0 
490 332 0.0 
490 332 0.0 
490 332 0.0 
490 332 0.0 
490 332 0.0 
490 332 0.0 
490 332 0.0 
490 332 0.0 
490 332 0.0 
490 332 0.0 
490 332 0.0 
490 332 0.0 
490 333 0.0 
490 334 0.0 
490 335 0.0 
490 336 0.0 
490 337 0.0 
490 338 0.0 
490 339 0.0 
490 340 0.0 
490 341 0.0 
490 342 0.0 
490 343 0.0 
490 345 0.0 
490 346 0.0 
490 348 0.0 
490 350 0.0 
490 351 0.0 
490 352 0.0 
490 353 0.0 
490 354 0.0 
490 355 0.0 
490 356 -0.0 
491 227 0.0 
492 299 0.0 
493 1 0.0 
493 1 0.0193117279559 
493 1 0.0193117279559 
493 1 0.0193117279559 
493 1 0.0193117279559 
493 1 0.0193117279559 
493 3 0.0 
493 3 0.0 
493 3 0.0 
493 3 0.0 
493 4 0.0 
493 5 0.0 
493 5 0.0 
493 5 0.0 
493 7 0.0 
493 7 0.0 
493 7 0.0 
493 7 0.0 
493 7 0.0 
493 10 0.00220335158519 
493 10 0.00220335158519 
493 10 0.00220335158519 
493 20 0.0 
493 20 0.0 
493 22 0.0 
493 24 0.0 
493 24 0.0 
493 25 0.0 
493 25 0.0 
493 25 0.0 
493 25 0.0 
493 25 0.0 
493 28 0.0 
493 28 0.0 
493 28 0.0 
493 28 0.0 
493 28 0.0 
493 28 0.0 
493 28 0.0 
493 30 0.0 
493 30 0.0 
493 30 0.0 
493 30 0.0 
493 30 0.0 
493 30 0.0 
493 32 0.0 
493 32 0.0 
493 45 0.0 
493 54 0.0 
493 61 0.187599658966 
493 61 0.187599658966 
493 61 0.0 
493 61 0.187599658966 
493 61 0.187599658966 
493 61 0.187599658966 
493 70 0.0 
493 70 0.0 
493 70 0.0 
493 83 0.0 
493 83 0.0 
493 83 0.0 
493 83 0.0 
493 83 0.0 
493 83 0.0 
493 83 0.0 
493 85 0.0051097185351 
493 85 0.0051097185351 
493 85 0.0051097185351 
493 86 0.0625332221389 
493 91 0.0257489737123 
493 91 0.0257489737123 
493 109 0.0 
493 109 0.0 
493 109 0.0 
493 109 0.0 
493 109 0.0 
493 121 0.0 
493 121 0.0 
493 121 0.0 
493 121 0.0 
493 121 0.0 
493 121 0.0 
493 124 0.0 
493 124 0.0 
493 139 0.0 
493 139 0.0 
493 164 0.0 
493 164 0.0 
493 164 0.0 
493 166 0.0 
493 188 0.0 
493 208 0.0 
493 208 0.0 
493 212 0.0 
493 228 0.0 
493 229 0.0 
493 230 0.0 
493 234 0.0 
493 234 0.0 
493 238 0.0 
493 238 0.0 
493 243 0.0 
493 243 0.0 
493 256 0.0 
493 256 0.0 
493 258 0.0 
493 258 0.0 
493 264 0.0 
493 264 0.0 
493 270 0.0 
493 272 0.0 
493 272 0.0 
493 273 0.0 
493 273 0.0 
493 275 0.0 
493 275 0.0 
493 279 0.0 
493 279 0.0 
493 282 0.0 
493 282 0.0 
493 283 0.0 
493 283 0.0 
493 285 0.0 
493 285 0.0 
493 289 0.0 
493 289 0.0 
493 291 0.0 
493 291 0.0 
493 293 0.0 
493 293 0.0 
493 299 0.0 
493 299 0.0 
493 299 0.0 
493 304 0.0 
493 304 0.0 
493 305 0.0 
493 305 0.0 
493 306 0.0 
493 306 0.0 
493 307 0.0 
493 307 0.0 
493 308 0.0 
493 308 0.0 
493 309 0.0 
493 309 0.0 
493 309 0.0 
493 310 0.0 
493 310 0.0 
493 311 0.0 
493 311 0.0 
493 312 0.0 
493 312 0.0 
493 313 0.0 
493 313 0.0 
493 314 0.0 
493 314 0.0 
493 315 0.0 
493 315 0.0 
493 316 0.0 
493 316 0.0 
493 317 0.0 
493 317 0.0 
493 318 0.0 
493 318 0.0 
493 319 0.0 
493 319 0.0 
493 320 0.0 
493 320 0.0 
493 321 0.0 
493 321 0.0 
493 322 0.0 
493 322 0.0 
493 323 0.0 
493 323 0.0 
493 324 0.0 
493 324 0.0 
493 325 0.0 
493 325 0.0 
493 327 0.0 
493 327 0.0 
493 328 0.0 
493 328 0.0 
493 330 0.0 
493 330 0.0 
493 330 0.0 
493 330 0.0 
493 330 0.0 
493 331 0.0 
493 331 0.0 
493 332 0.0 
493 332 0.0 
493 333 0.0 
493 333 0.0 
493 333 0.0 
493 333 0.0 
493 333 0.0 
493 334 0.0 
493 334 0.0 
493 335 0.0 
493 335 0.0 
493 336 0.0 
493 336 0.0 
493 336 0.0 
493 336 0.0 
493 336 0.0 
493 336 0.0 
493 336 0.0 
493 336 0.0 
493 336 0.0 
493 336 0.0 
493 336 0.0 
493 336 0.0 
493 336 0.0 
493 336 0.0 
493 336 0.0 
493 336 0.0 
493 336 0.0 
493 336 0.0 
493 336 0.0 
493 336 0.0 
493 336 0.0 
493 336 0.0 
493 336 0.0 
493 336 0.0 
493 336 0.0 
493 336 0.0 
493 336 0.0 
493 336 0.0 
493 336 0.0 
493 336 0.0 
493 336 0.0 
493 337 0.0 
493 337 0.0 
493 338 0.0 
493 338 0.0 
493 339 0.0 
493 339 0.0 
493 340 0.0 
493 340 0.0 
493 340 0.0 
493 340 0.0 
493 340 0.0 
493 340 0.0 
493 340 0.0 
493 341 0.0 
493 341 0.0 
493 341 0.0 
493 341 0.0 
493 341 0.0 
493 342 0.0 
493 342 0.0 
493 343 0.0 
493 343 0.0 
493 343 0.0 
493 343 0.0 
493 343 0.0 
493 345 0.0 
493 345 0.0 
493 345 0.0 
493 345 0.0 
493 345 0.0 
493 350 0.0 
493 350 0.0 
493 350 0.0 
493 351 0.0 
493 351 0.0 
493 352 0.0 
493 352 0.0 
493 353 0.0 
493 353 0.0 
493 353 0.0 
493 353 0.0 
493 353 0.0 
493 354 0.0 
493 354 0.0 
493 354 0.0 
493 354 0.0 
493 354 0.0 
493 354 0.0 
493 355 0.0 
493 355 0.0 
493 355 0.0 
493 355 0.0 
493 355 0.0 
493 356 -0.0 
493 356 -0.0 
493 356 -0.0 
493 356 -0.0 
493 356 -0.0 
494 1 0.0 
494 61 0.0 
494 113 0.0 
494 113 0.0 
494 113 0.0 
494 113 0.0 
494 113 0.0 
494 113 0.0 
494 128 0.0 
494 128 0.0 
494 128 0.0 
494 128 0.0 
494 128 0.0 
494 128 0.0 
494 128 0.0 
494 173 0.0 
494 243 0.0 
494 282 0.0 
494 282 0.0 
494 285 0.0 
494 288 0.0 
494 291 0.0 
494 307 0.0 
494 307 0.0 
494 307 0.0 
494 307 0.0 
494 307 0.0 
494 309 0.0 
494 311 0.0 
494 311 0.0 
494 322 0.0 
494 323 0.00618309993297 
494 331 0.0 
494 331 0.0 
494 340 0.0 
494 350 0.0 
494 350 0.0 
494 350 0.0 
494 350 0.0 
494 352 0.0 
494 352 0.0 
494 352 0.0 
494 355 0.0 
495 13 0.0 
495 283 0.0 
495 285 0.0 
495 354 0.0 
496 103 0.0 
496 327 0.00330093805678 
497 299 0.0 
498 170 0.0 
499 113 0.0 
500 8 0.0 
500 116 0.00657567800954 
500 350 0.0 
500 350 0.0 
500 350 0.0 
500 350 0.0 
500 350 0.0 
500 350 0.0 
501 354 0.0 
502 128 0.0 
503 306 0.0 
503 306 0.0 
503 306 0.0 
503 306 0.0 
504 283 0.0 
505 124 0.0 
506 11 0.0 
507 124 0.0 
507 124 0.0 
508 124 0.0 
508 291 0.0 
508 299 0.0 
509 217 0.0 
509 217 0.0 
509 217 0.0 
509 282 0.0 
509 352 0.0 
510 38 0.0 
511 217 0.0 
511 288 0.0 
512 124 0.0 
512 350 0.0 
512 350 0.0 
513 219 0.0 
514 350 0.0 
515 8 0.0 
516 339 0.0 
517 3 0.0 
517 28 0.0 
518 103 0.0 
518 113 0.0 
518 113 0.0 
518 124 0.0 
518 124 0.0 
518 128 0.0 
518 260 0.0 
518 269 0.0 
518 283 0.0 
518 287 0.0 
518 288 0.0 
518 335 0.0 
518 338 0.0 
518 338 0.0 
518 338 0.0 
518 338 0.0 
518 338 0.0 
518 338 0.0 
518 338 0.0 
518 339 0.0 
518 350 0.0 
518 350 0.0 
518 352 0.0 
519 124 0.0 
520 98 0.0 
521 28 0.0 
522 1 0.0193117279559 
522 10 0.00220335158519 
522 25 0.0 
522 25 0.0 
522 28 0.0 
522 61 0.187599658966 
522 85 0.0051097185351 
522 113 0.0 
522 113 0.0 
522 166 0.0 
522 330 0.0 
522 330 0.0 
522 333 0.0 
522 333 0.0 
522 341 0.0 
522 341 0.0 
522 343 0.0 
522 343 0.0 
522 345 0.0 
522 345 0.0 
522 353 0.0 
522 353 0.0 
522 354 0.0 
522 354 0.0 
522 355 0.0 
522 355 0.0 
522 356 -0.0 
522 356 -0.0 
523 299 0.0 
524 299 0.0 
525 124 0.0 
525 350 0.0 
525 350 0.0 
526 113 0.0 
527 8 0.0 
527 8 0.0 
527 231 0.0 
527 231 0.0 
528 28 0.0 
529 113 0.0 
530 8 0.0 
531 9 0.0 
531 44 0.0 
531 44 0.0 
531 80 0.0 
531 82 0.0 
531 86 0.0 
531 350 0.0 
531 350 0.0 
531 350 0.0 
532 128 0.0 
533 44 0.0 
533 173 0.0 
533 336 0.0 
534 299 0.0 
535 58 0.0 
536 121 0.0 
537 285 0.0 
537 289 0.0 
537 305 0.0 
538 103 0.0 
538 217 0.0 
538 311 0.0 
539 54 0.0 
539 70 0.0 
540 299 0.0 
540 350 0.0 
541 336 0.0 
542 199 0.0 
543 113 0.0 
543 113 0.0 
543 299 0.0 
543 332 0.0 
543 332 0.0 
543 340 0.0 
543 350 0.0 
543 350 0.0 
543 350 0.0 
543 350 0.0 
544 207 0.0 
545 16 0.0 
545 16 0.0 
546 299 0.0 
547 335 0.0 
547 338 0.0 
547 338 0.0 
548 12 0.0 
548 18 0.0 
548 21 0.0 
548 21 0.0 
548 27 0.0 
548 27 0.0 
548 27 0.0 
548 27 0.0 
548 27 0.0 
548 95 0.0 
548 95 0.0 
548 96 0.0 
548 98 0.0 
548 100 0.0 
548 102 0.0 
548 115 0.0 
548 117 0.0 
548 118 0.0 
548 139 0.0 
548 152 0.0 
548 153 0.0 
548 154 0.0 
548 155 0.0 
548 157 0.0 
548 160 0.0 
548 161 0.0 
548 163 0.0 
548 164 0.0 
548 166 0.0 
548 169 0.0 
548 170 0.0 
548 171 0.0 
548 172 0.0 
548 173 0.0 
548 176 0.0 
548 178 0.0 
548 179 0.0 
548 180 0.0 
548 181 0.0 
548 182 0.0 
548 183 0.0 
548 184 0.0 
548 188 0.0 
548 189 0.0 
548 190 0.0 
548 191 0.0 
548 194 0.0 
548 197 0.0 
548 198 0.0 
548 199 0.0 
548 200 0.0 
548 201 0.0 
548 202 0.0 
548 203 0.0 
548 204 0.0 
548 205 0.0 
548 206 0.0 
548 209 0.0 
548 210 0.0 
548 213 0.0 
548 216 0.0 
548 217 0.0 
548 218 0.0 
548 219 0.0 
548 220 0.0 
548 221 0.0 
548 222 0.0 
548 223 0.0 
548 224 0.0 
548 225 0.0 
548 226 0.0 
548 227 0.0 
548 232 0.0 
548 233 0.0 
548 235 0.0 
548 236 0.0 
548 245 0.0 
548 246 0.0 
548 247 0.0 
548 248 0.0 
548 249 0.0 
548 250 0.0 
548 252 0.0 
548 262 0.0 
548 267 0.0 
548 274 0.0 
548 278 0.0 
548 286 0.0 
548 294 0.0 
548 295 0.0 
548 297 0.0 
548 300 0.0 
548 302 0.0 
548 326 0.0 
548 346 0.0 
548 348 0.0 
549 113 0.0 
549 113 0.0 
549 113 0.0 
550 113 0.0 
551 113 0.0 
551 113 0.0 
551 139 0.0 
551 139 0.0 
551 139 0.0 
551 160 0.0 
551 160 0.0 
551 166 0.0 
551 284 0.0 
551 309 0.0 
552 7 0.0 
552 305 0.0 
553 299 0.0 
553 308 0.0 
553 338 0.0 
553 340 0.0 
553 340 0.0 
554 185 0.0 
555 207 0.0 
556 54 0.0 
556 54 0.0 
556 54 0.0 
557 218 0.0 
557 290 0.0026636866387 
557 298 0.0 
558 307 0.0 
559 185 0.0 
560 91 0.0257489737123 
561 350 0.0 
562 113 0.0 
562 113 0.0 
562 113 0.0 
563 4 0.0 
563 247 0.00739763816819 
563 247 0.00739763816819 
563 247 0.0117249786854 
564 299 0.0 
564 338 0.0 
564 350 0.0 
565 124 0.0 
566 124 0.0 
566 124 0.0 
566 124 0.0 
566 124 0.0 
566 124 0.0 
566 124 0.0 
566 124 0.0 
566 124 0.0 
566 124 0.0 
566 124 0.0 
567 299 0.0 
568 283 0.0 
569 285 0.0 
570 124 0.0 
571 54 0.0 
571 128 0.0 
571 293 0.0 
571 299 0.0 
571 350 0.0 
572 5 0.0 
572 8 0.00825910456479 
572 113 0.0 
572 113 0.0 
572 113 0.0 
572 113 0.0 
572 124 0.0 
572 124 0.0 
572 124 0.0 
572 128 0.0 
572 337 0.0 
572 338 0.0 
572 338 0.0 
573 299 0.0 
573 299 0.0 
573 308 0.0 
573 350 0.0 
574 38 0.0 
575 103 0.0 
575 299 0.0 
575 299 0.0 
576 124 0.0 
577 28 0.0 
577 28 0.0 
578 17 0.0 
579 350 0.0 
580 113 0.0 
580 113 0.0 
580 113 0.0 
580 113 0.0 
580 113 0.0 
580 113 0.0 
581 284 0.0 
582 21 0.0 
582 21 0.0 
582 95 0.0 
582 95 0.0 
583 5 0.0 
583 350 0.0 
584 350 0.0 
585 211 0.0 
585 211 0.0 
586 58 0.0 
586 113 0.0 
587 28 0.0 
587 44 0.0 
587 44 0.0 
587 67 0.0 
588 321 0.0 
588 321 0.0 
589 128 0.0 
590 128 0.0 
590 217 0.0 
591 9 0.0 
591 80 0.0 
591 82 0.0 
591 86 0.0 
591 89 0.0 
592 202 0.00750398635864 
592 265 0.0 
592 308 0.0 
592 313 0.0 
592 332 0.0 
592 332 0.0 
592 332 0.0 
592 332 0.0 
592 352 0.0 
593 110 0.00178352091461 
593 110 0.00178352091461 
593 110 0.00178352091461 
593 251 0.0 
593 280 0.0 
594 350 0.0 
595 350 0.0 
596 44 0.0 
596 44 0.0 
597 340 0.0 
598 306 0.0 
599 8 0.0 
599 173 0.0 
599 173 0.0 
599 173 0.0 
599 243 0.0 
599 331 0.0 
600 48 0.0 
601 5 0.0 
601 68 0.0505075976253 
601 350 0.0 
602 113 0.0 
603 243 0.0 
604 3 0.0 
604 3 0.0 
604 5 0.0 
604 7 0.0 
604 7 0.0 
604 7 0.0 
604 28 0.0 
604 28 0.0 
604 28 0.0 
604 28 0.0 
604 113 0.0 
604 113 0.0 
604 113 0.0 
604 166 0.0 
604 223 0.0117249786854 
604 223 0.00739763816819 
604 223 0.00739763816819 
604 228 0.0 
604 290 0.0 
604 294 0.0 
604 307 0.0 
604 307 0.0 
604 307 0.0 
604 307 0.0 
604 307 0.0 
604 307 0.0 
604 307 0.0 
604 354 0.0 
605 199 0.0 
606 244 0.0 
606 293 0.0 
606 299 0.0 
606 350 0.0 
607 8 0.0 
608 3 0.0 
608 4 0.0 
608 5 0.0 
608 7 0.0 
608 22 0.0 
608 22 0.0 
608 22 0.0 
608 22 0.0 
608 24 0.0 
608 24 0.0 
608 28 0.0 
608 28 0.0 
608 83 0.0 
608 83 0.0 
608 109 0.0 
608 109 0.0 
608 112 0.0 
608 113 0.0 
608 113 0.0 
608 113 0.0 
608 113 0.0 
608 139 0.0 
608 139 0.0 
608 166 0.0 
608 166 0.0 
608 166 0.0 
608 189 0.0 
608 212 0.0 
608 222 0.0 
608 231 0.0 
608 256 0.0 
608 256 0.0 
608 258 0.0 
608 259 0.0 
608 259 0.0 
608 261 0.0 
608 264 0.0 
608 272 0.0 
608 273 0.0 
608 275 0.0 
608 279 0.0 
608 282 0.0 
608 283 0.0 
608 285 0.0 
608 289 0.0 
608 291 0.0 
608 293 0.0 
608 298 0.0 
608 299 0.0 
608 302 0.0 
608 304 0.0 
608 305 0.0 
608 306 0.0 
608 307 0.0 
608 308 0.0 
608 309 0.0 
608 310 0.0 
608 311 0.0 
608 312 0.0 
608 313 0.0 
608 314 0.0 
608 315 0.0 
608 316 0.0 
608 317 0.0 
608 317 0.00591811025515 
608 318 0.0 
608 319 0.0 
608 320 0.0 
608 321 0.0 
608 322 0.0 
608 323 0.0 
608 324 0.0 
608 325 0.0 
608 327 0.0 
608 328 0.0 
608 331 0.0 
608 332 0.0 
608 334 0.0 
608 335 0.0 
608 336 0.0 
608 337 0.0 
608 338 0.0 
608 339 0.0 
608 340 0.0 
608 342 0.0 
608 350 0.0 
608 351 0.0 
608 352 0.0 
608 355 0.0 
608 355 0.0 
608 355 0.0 
608 355 0.0 
609 44 0.0 
610 113 0.0 
611 28 0.0 
612 14 0.0 
612 14 0.0 
612 16 0.0 
612 16 0.0 
612 17 0.0 
612 17 0.0 
612 19 0.0 
612 19 0.0 
612 41 0.0 
612 41 0.0 
612 42 0.00691156601533 
612 83 0.0 
612 83 0.0 
612 104 0.0 
612 104 0.0 
612 106 0.0 
612 106 0.0 
612 107 0.0 
612 107 0.0 
612 108 0.0 
612 108 0.0 
612 109 0.0 
612 109 0.0 
612 111 0.0 
612 111 0.0 
612 112 0.0 
612 112 0.0 
612 113 0.0 
612 113 0.0 
612 114 0.0 
612 114 0.0 
612 116 0.0 
612 116 0.0 
612 119 0.0 
612 119 0.0 
612 120 0.0 
612 120 0.0 
612 121 0.0 
612 121 0.0 
612 122 0.0 
612 122 0.0 
612 123 0.0 
612 123 0.0 
612 125 0.0 
612 125 0.0 
612 126 0.0 
612 126 0.0 
612 127 0.0 
612 127 0.0 
612 128 0.0 
612 128 0.0 
612 129 0.0 
612 129 0.0 
612 130 0.0 
612 130 0.0 
612 131 0.0 
612 131 0.0 
612 132 0.0 
612 132 0.0 
612 134 0.0 
612 134 0.0 
612 135 0.0 
612 135 0.0 
612 138 0.0 
612 138 0.0 
612 140 0.0 
612 140 0.0 
612 142 0.0 
612 142 0.0 
612 143 0.0 
612 143 0.0 
612 144 0.0 
612 144 0.0 
612 145 0.0 
612 145 0.0 
612 146 0.0 
612 146 0.0 
612 147 0.0 
612 147 0.0 
612 148 0.0 
612 148 0.0 
612 149 0.0 
612 149 0.0 
612 150 0.0 
612 150 0.0 
612 151 0.0 
612 151 0.0 
612 156 0.0 
612 156 0.0 
612 158 0.0 
612 158 0.0 
612 159 0.0 
612 159 0.0 
612 162 0.0 
612 162 0.0 
612 165 0.0 
612 165 0.0 
612 167 0.0 
612 167 0.0 
612 168 0.0 
612 168 0.0 
612 174 0.0 
612 174 0.0 
612 175 0.0 
612 175 0.0 
612 177 0.0 
612 177 0.0 
612 187 0.0 
612 187 0.0 
612 192 0.0 
612 192 0.0 
612 193 0.0 
612 193 0.0 
612 195 0.0 
612 195 0.0 
612 196 0.0 
612 196 0.0 
612 207 0.0 
612 207 0.0 
612 211 0.0 
612 211 0.0 
612 212 0.0 
612 212 0.0 
612 239 0.0 
612 239 0.0 
612 259 0.0 
612 277 0.0 
612 277 0.0 
612 301 0.0 
612 301 0.0 
612 305 0.0 
612 349 0.0 
612 349 0.0 
613 16 0.0 
613 17 0.0 
613 19 0.0 
613 132 0.0 
613 135 0.0 
613 138 0.0 
613 142 0.0 
613 143 0.0 
613 144 0.0 
613 146 0.0 
613 151 0.0 
613 156 0.0 
613 167 0.0 
613 192 0.0 
613 196 0.0 
613 207 0.0 
613 212 0.0 
614 305 0.0 
615 7 0.0 
615 54 0.0 
615 54 0.0 
615 54 0.0 
615 124 0.0 
615 299 0.0 
615 299 0.0 
615 350 0.0 
616 299 0.0 
617 14 0.0 
618 113 0.0 
618 113 0.0 
618 113 0.0 
618 113 0.0 
618 340 0.0 
618 340 0.0 
618 350 0.0 
618 350 0.0 
619 228 0.0 
619 228 0.0 
619 228 0.0 
619 249 0.00739763816819 
619 249 0.0117249786854 
620 21 0.0 
620 21 0.0 
620 21 0.0 
620 21 0.0 
620 21 0.0 
620 95 0.0 
620 95 0.0 
620 95 0.0 
620 95 0.0 
620 95 0.0 
621 173 0.0 
621 176 0.0 
621 176 0.0 
622 263 0.0 
623 350 0.0 
624 5 0.0 
624 28 0.0 
624 112 0.0 
624 113 0.0 
624 113 0.0 
624 113 0.0 
624 128 0.0 
624 128 0.0 
624 128 0.0 
624 128 0.0 
624 128 0.0 
624 128 0.0 
624 128 0.0 
624 128 0.0 
624 128 0.0 
624 139 0.0 
624 160 0.0 
624 166 0.0 
624 173 0.0 
624 228 0.0 
624 243 0.0 
624 251 0.0 
624 260 0.0 
624 269 0.0 
624 279 0.0 
624 282 0.0 
624 299 0.0 
624 307 0.0 
624 329 0.0 
624 331 0.0 
624 352 0.0 
624 352 0.0 
624 355 0.0 
624 355 0.0 
625 22 0.0 
625 30 0.0 
625 30 0.0 
625 30 0.0 
625 128 0.0 
625 299 0.0 
625 319 0.00613729981706 
626 124 0.0 
627 336 0.0 
628 1 0.0121843442321 
628 1 0.0193117279559 
628 1 0.0193117279559 
628 1 0.0193117279559 
628 1 0.0193117279559 
628 1 0.0193117279559 
628 1 0.0193117279559 
628 1 0.0193117279559 
628 1 0.0193117279559 
628 1 0.0193117279559 
628 1 0.0193117279559 
628 3 0.0 
628 3 0.0 
628 3 0.0 
628 3 0.0 
628 3 0.0 
628 3 0.0 
628 3 0.0 
628 3 0.0 
628 3 0.0 
628 3 0.0 
628 3 0.0 
628 3 0.0 
628 3 0.0 
628 3 0.0 
628 3 0.0 
628 3 0.0 
628 3 0.0 
628 3 0.0 
628 3 0.00107882218435 
628 3 0.0 
628 3 0.0 
628 3 0.0 
628 3 0.0 
628 3 0.0 
628 4 0.0 
628 4 0.0 
628 4 0.0 
628 4 0.0 
628 4 0.0 
628 4 0.0 
628 4 0.0 
628 4 0.0 
628 4 0.0 
628 4 0.00110915047117 
628 4 0.0 
628 4 0.0 
628 4 0.0 
628 5 0.0 
628 5 0.0 
628 5 0.26263949275 
628 7 0.0 
628 7 0.0 
628 7 0.0 
628 7 0.0 
628 7 0.0 
628 7 0.0 
628 7 0.0 
628 7 0.0 
628 7 0.0 
628 7 0.0 
628 7 0.0 
628 7 0.0 
628 7 0.0 
628 7 0.000341978564393 
628 7 0.0 
628 7 0.0 
628 7 0.0 
628 7 0.0 
628 7 0.0 
628 7 0.0 
628 7 0.0 
628 7 0.0 
628 8 0.00825910456479 
628 8 0.00825910456479 
628 8 0.0 
628 8 0.00825910456479 
628 10 0.00220335158519 
628 10 0.00220335158519 
628 10 0.00220335158519 
628 10 0.00220335158519 
628 10 0.00220335158519 
628 10 0.00220335158519 
628 10 0.00220335158519 
628 10 0.00139016017783 
628 11 0.0 
628 11 0.0 
628 11 0.0 
628 11 0.00366608612239 
628 11 0.00366608612239 
628 11 0.0 
628 11 0.0 
628 12 0.00717713404447 
628 12 0.00452826777473 
628 12 0.00452826777473 
628 12 0.0 
628 13 0.0 
628 13 0.0 
628 13 0.0 
628 13 0.00377355632372 
628 14 0.00528563931584 
628 14 0.0 
628 14 0.00837753992528 
628 15 0.00277631613426 
628 16 0.0 
628 16 0.00296432850882 
628 17 0.0 
628 17 0.0 
628 17 0.0 
628 17 0.0 
628 17 0.00317197502591 
628 18 0.0 
628 18 0.0 
628 18 0.00594676844776 
628 18 0.00375199317932 
628 18 0.0 
628 19 0.0 
628 19 0.0 
628 19 0.00269005005248 
628 20 0.00269005005248 
628 21 0.0 
628 21 0.00442154100165 
628 22 0.0 
628 22 0.0 
628 22 0.0 
628 22 0.0 
628 22 0.0656598731875 
628 23 0.00253374734893 
628 24 0.00316433166154 
628 24 0.0 
628 24 0.0 
628 25 0.0 
628 25 0.0 
628 27 0.000406942766858 
628 27 0.0 
628 28 0.0 
628 28 0.0 
628 28 0.0 
628 28 0.0 
628 28 0.0 
628 28 0.0 
628 28 0.0 
628 28 0.0 
628 28 0.0 
628 28 0.0 
628 28 0.0 
628 28 0.0 
628 28 0.0 
628 28 0.0 
628 28 0.218866273761 
628 28 0.0 
628 28 0.0 
628 28 0.0 
628 28 0.0 
628 28 0.0 
628 28 0.0 
628 28 0.0 
628 30 0.0 
628 32 0.0 
628 32 0.0 
628 32 0.0 
628 32 0.0 
628 32 0.0 
628 34 0.0184118989855 
628 35 0.0 
628 35 0.0 
628 35 0.0 
628 38 0.0 
628 38 0.0 
628 38 0.0 
628 43 0.0 
628 43 0.00334146968089 
628 45 0.0 
628 45 0.0 
628 45 0.0 
628 48 0.0 
628 48 0.164149701595 
628 48 0.0 
628 48 0.0 
628 48 0.0 
628 48 0.0 
628 51 0.437732547522 
628 54 0.0 
628 54 0.0 
628 54 0.0 
628 57 0.0202081818134 
628 58 0.0820748507977 
628 61 0.187599658966 
628 61 0.187599658966 
628 61 0.118362210691 
628 61 0.187599658966 
628 61 0.187599658966 
628 61 0.187599658966 
628 61 0.187599658966 
628 61 0.187599658966 
628 61 0.187599658966 
628 61 0.187599658966 
628 61 0.187599658966 
628 67 0.187599658966 
628 70 0.0 
628 70 0.187599658966 
628 73 0.276178479195 
628 74 0.00470680138096 
628 75 0.0 
628 75 0.138089239597 
628 77 0.118362210691 
628 79 0.00552356941625 
628 81 0.00920594949275 
628 83 0.0 
628 83 0.0 
628 83 0.0 
628 83 0.0 
628 83 0.0 
628 83 0.0 
628 83 0.0 
628 83 0.207133859396 
628 83 0.0 
628 83 0.0 
628 83 0.0 
628 84 0.00282776611857 
628 85 0.0051097185351 
628 85 0.0051097185351 
628 85 0.0051097185351 
628 85 0.0051097185351 
628 85 0.0051097185351 
628 85 0.0051097185351 
628 85 0.00322387344204 
628 85 0.0051097185351 
628 86 0.0625332221389 
628 87 0.0345223098993 
628 87 0.0 
628 88 0.0 
628 88 0.0106222489849 
628 89 0.0116695137694 
628 89 0.0 
628 89 0.0 
628 90 0.0 
628 90 0.0 
628 90 0.00308005744591 
628 91 0.0257489737123 
628 91 0.0257489737123 
628 91 0.0257489737123 
628 91 0.0162457935512 
628 92 0.00304608605802 
628 92 0.0 
628 92 0.00304608605802 
628 92 0.00482793198898 
628 92 0.0 
628 93 0.011519276537 
628 93 0.011519276537 
628 93 0.011519276537 
628 93 0.011519276537 
628 93 0.011519276537 
628 93 0.011519276537 
628 93 0.011519276537 
628 93 0.011519276537 
628 93 0.00726785464212 
628 94 0.0 
628 94 0.0 
628 94 0.0 
628 94 0.00269005005248 
628 95 0.00986351724714 
628 95 0.0 
628 96 0.0 
628 97 0.00733629940078 
628 98 0.0 
628 99 0.00854160264134 
628 99 0.0 
628 100 0.437732547522 
628 100 0.0 
628 102 0.000842007575557 
628 102 0.0 
628 103 0.02851190418 
628 103 0.0 
628 103 0.02851190418 
628 103 0.0 
628 103 0.0 
628 103 0.0179890096188 
628 103 0.0 
628 103 0.0 
628 103 0.0 
628 103 0.0179890096188 
628 103 0.02851190418 
628 103 0.0 
628 104 0.00324915838428 
628 104 0.0051497942768 
628 106 0.00361762428656 
628 106 0.00573379872367 
628 107 0.00484039308503 
628 107 0.00305394781753 
628 108 0.00367733021267 
628 108 0.00232013710774 
628 109 0.00612167315558 
628 109 0.00386234582402 
628 109 0.0 
628 109 0.0 
628 110 0.00178352091461 
628 110 0.00178352091461 
628 110 0.00178352091461 
628 110 0.00112527643796 
628 111 0.00853020045906 
628 111 0.00538195716217 
628 112 0.000159523508046 
628 112 0.000252838770393 
628 113 0.0 
628 113 0.0 
628 113 0.0 
628 113 0.0 
628 113 0.0 
628 113 0.0 
628 113 0.0 
628 113 0.0 
628 113 0.0 
628 113 0.0 
628 113 0.0 
628 113 0.0 
628 113 0.0 
628 113 0.0 
628 113 0.0 
628 113 0.0 
628 113 0.0 
628 113 0.0 
628 113 0.0 
628 113 0.0 
628 113 0.0 
628 113 0.0 
628 113 0.0 
628 113 0.0 
628 113 0.0 
628 113 0.0 
628 113 0.0 
628 113 0.0 
628 113 0.0 
628 113 0.0 
628 113 0.0 
628 113 0.0 
628 113 0.0 
628 113 0.0 
628 113 0.0 
628 113 0.0 
628 113 0.0 
628 113 0.0 
628 113 0.0 
628 113 0.0 
628 113 0.0 
628 113 0.0 
628 113 0.0 
628 113 0.0 
628 113 0.0 
628 113 0.0 
628 113 0.0 
628 113 0.0 
628 113 0.0 
628 113 0.0 
628 113 0.0 
628 113 0.0 
628 113 0.0 
628 113 0.0 
628 113 0.0 
628 113 0.0 
628 113 0.0 
628 113 0.0 
628 113 0.0 
628 113 0.0 
628 113 0.0 
628 113 0.0301647670567 
628 113 0.0 
628 113 0.0 
628 113 0.0 
628 113 0.0 
628 113 0.0 
628 113 0.0 
628 113 0.0 
628 113 0.0301647670567 
628 113 0.0 
628 113 0.0 
628 113 0.0 
628 113 0.0 
628 113 0.0 
628 113 0.0 
628 113 0.0301647670567 
628 113 0.0 
628 113 0.0 
628 113 0.0 
628 113 0.0301647670567 
628 113 0.0190318487585 
628 113 0.0 
628 113 0.0 
628 113 0.0 
628 113 0.0 
628 113 0.0 
628 113 0.0 
628 113 0.0 
628 113 0.0 
628 113 0.0 
628 113 0.0 
628 113 0.0 
628 113 0.0 
628 113 0.0 
628 113 0.0 
628 113 0.0 
628 113 0.0 
628 113 0.0 
628 113 0.0 
628 113 0.0 
628 113 0.0 
628 113 0.0 
628 113 0.0 
628 113 0.0 
628 113 0.0 
628 113 0.0 
628 113 0.0 
628 113 0.0 
628 113 0.0 
628 113 0.0 
628 113 0.0 
628 113 0.0 
628 113 0.0 
628 113 0.0 
628 113 0.0 
628 113 0.0 
628 113 0.0 
628 113 0.0 
628 113 0.0 
628 113 0.0 
628 113 0.0 
628 113 0.0 
628 113 0.0 
628 113 0.0 
628 113 0.0 
628 113 0.0 
628 113 0.0 
628 113 0.0 
628 113 0.0 
628 113 0.0 
628 113 0.0 
628 113 0.0 
628 113 0.0 
628 113 0.0 
628 113 0.0 
628 114 0.0106764035299 
628 114 0.00673606060445 
628 115 0.0 
628 115 0.0190318487585 
628 116 0.00657567800954 
628 116 0.0104222027585 
628 117 0.0 
628 117 0.00662828376517 
628 118 0.0145910838619 
628 118 0.0 
628 119 0.0145910838619 
628 119 0.0231263209134 
628 120 0.00167073484045 
628 120 0.00264805206098 
628 121 0.0 
628 121 0.0 
628 121 0.0277515854686 
628 121 0.0175093002617 
628 121 0.0 
628 121 0.0 
628 121 0.0 
628 121 0.0 
628 121 0.0 
628 121 0.0 
628 122 0.0145910838619 
628 122 0.0231263209134 
628 123 0.000193718835362 
628 123 0.000307037087623 
628 124 0.0 
628 124 0.0 
628 124 0.0160146057606 
628 125 0.0216809269041 
628 125 0.01367914211 
628 126 0.0216809269041 
628 126 0.01367914211 
628 127 0.000200610695174 
628 127 0.000317960424582 
628 128 0.0236519183964 
628 128 0.0236519183964 
628 128 0.0 
628 128 0.0 
628 128 0.0 
628 128 0.0236519183964 
628 128 0.0 
628 128 0.0 
628 128 0.0 
628 128 0.0236519183964 
628 128 0.014922699891 
628 129 0.0128744859248 
628 129 0.0204055774957 
628 130 0.0127494912595 
628 130 0.020207464695 
628 131 0.00809871219099 
628 131 0.0051097185351 
628 132 0.0 
628 132 0.0182388555259 
628 133 0.0152697404847 
628 133 0.0 
628 134 0.00505075976253 
628 134 0.00800526514649 
628 135 0.0182388555259 
628 135 0.0 
628 136 0.0 
628 136 0.00781637150794 
628 137 0.0 
628 137 0.00512967817485 
628 137 0.0 
628 137 0.0 
628 138 0.00164355151355 
628 138 0.0 
628 139 0.0 
628 139 0.0122728748247 
628 139 0.019452046603 
628 139 0.0 
628 140 0.0175093002617 
628 140 0.0110471388325 
628 141 0.0051097185351 
628 142 0.0 
628 142 0.0051097185351 
628 143 0.0 
628 143 0.0051097185351 
628 144 0.0 
628 144 0.0121592376381 
628 145 0.0051097185351 
628 145 0.00809871219099 
628 146 0.0144307417795 
628 146 0.0 
628 147 0.0118306092918 
628 147 0.018751071766 
628 148 0.011320669204 
628 148 0.0179428346455 
628 149 0.0152697404847 
628 149 0.0242019649595 
628 150 0.0080361738801 
628 150 0.00507026072592 
628 151 0.00706020230427 
628 151 0.0 
628 152 0.0115631604567 
628 152 0.0 
628 152 0.00729554193094 
628 153 0.00454393634573 
628 153 0.0 
628 153 0.00720196869224 
628 154 0.0 
628 154 0.00732876360416 
628 154 0.00462393509224 
628 155 0.00773743074387 
628 155 0.0 
628 155 0.00488177547231 
628 156 0.0 
628 156 0.00725523522124 
628 157 0.0210239291191 
628 157 0.0132646225393 
628 157 0.0 
628 158 0.01367914211 
628 158 0.0216809269041 
628 159 0.00243635918014 
628 159 0.00386153790168 
628 160 0.0106192296371 
628 160 0.00669998768717 
628 160 0.0 
628 161 0.0099112810567 
628 161 0.0 
628 161 0.00625332212076 
628 162 0.00551763689145 
628 162 0.00348124140874 
628 163 0.0 
628 164 0.0193117298186 
628 164 0.0306083671749 
628 164 0.0 
628 165 0.0022284463048 
628 165 0.00140599312726 
628 166 0.0 
628 166 0.0 
628 166 0.00634563714266 
628 166 0.0 
628 166 0.00400365144014 
628 167 0.0 
628 167 0.0132646225393 
628 168 0.0107287056744 
628 168 0.00676905969158 
628 169 0.00451270677149 
628 169 0.0 
628 169 0.00715247076005 
628 170 0.00691156601533 
628 170 0.0109545728192 
628 170 0.0 
628 171 0.0 
628 171 0.0116277588531 
628 171 0.00733629893512 
628 172 0.00169216981158 
628 172 0.0 
628 172 0.00106764037628 
628 173 0.0174904949963 
628 173 0.0 
628 173 0.0 
628 173 0.0110352737829 
628 173 0.0 
628 173 0.0 
628 173 0.0 
628 174 0.0136932171881 
628 174 0.00863945763558 
628 175 0.00426510022953 
628 175 0.00269097858109 
628 176 0.0106764025986 
628 176 0.0169216971844 
628 176 0.0 
628 177 0.00687537994236 
628 177 0.0108972201124 
628 178 0.00750398635864 
628 178 0.0118935368955 
628 178 0.0 
628 179 0.00412955228239 
628 179 0.00654518511146 
628 179 0.0 
628 180 0.00424983073026 
628 180 0.00673582218587 
628 180 0.0 
628 181 0.00683957105502 
628 181 0.0 
628 181 0.010840463452 
628 182 0.0069850939326 
628 182 0.0110711120069 
628 182 0.0 
628 183 0.00683957105502 
628 183 0.010840463452 
628 183 0.0 
628 184 0.00628324225545 
628 184 0.0 
628 184 0.00396428443491 
628 186 0.0 
628 186 0.0106764025986 
628 187 0.00656583253294 
628 187 0.00414257915691 
628 188 0.00278219813481 
628 188 0.00440967967734 
628 188 0.0 
628 189 0.0 
628 189 0.00717713404447 
628 189 0.0 
628 189 0.00452826777473 
628 189 0.0 
628 189 0.0 
628 190 0.0 
628 190 0.0 
628 190 0.0147550292313 
628 190 0.0 
628 190 0.0093093868345 
628 191 0.0 
628 192 0.0 
628 192 0.0105903036892 
628 193 0.0145910847932 
628 193 0.00920594949275 
628 194 0.0 
628 195 0.0060681309551 
628 195 0.00382856442593 
628 196 0.00920594949275 
628 196 0.0 
628 197 0.0 
628 198 0.00229179346934 
628 198 0.0 
628 198 0.0036324064713 
628 199 0.0 
628 199 0.00691156601533 
628 199 0.0109545728192 
628 200 0.0 
628 200 0.0110125336796 
628 200 0.00694813532755 
628 201 0.0 
628 201 0.0145910847932 
628 201 0.00920594949275 
628 202 0.00750398635864 
628 202 0.0 
628 203 0.0 
628 203 0.00343768997118 
628 203 0.00544861005619 
628 204 0.0144307427108 
628 204 0.0 
628 204 0.00910478550941 
628 204 0.0 
628 205 0.0 
628 206 0.0 
628 206 0.0040282132104 
628 207 0.0 
628 207 0.00272544543259 
628 207 0.0 
628 208 0.00345223094337 
628 209 0.0 
628 209 0.00383581197821 
628 209 0.0060796183534 
628 209 0.00383581197821 
628 210 0.0 
628 211 0.00356398802251 
628 211 0.00224862620234 
628 212 0.0 
628 212 0.0 
628 212 0.00529515184462 
628 213 0.0 
628 213 0.0547165647149 
628 213 0.0345223098993 
628 214 0.0 
628 214 0.00519050424919 
628 216 0.00261150416918 
628 216 0.00164767575916 
628 216 0.0 
628 217 0.00253374734893 
628 217 0.00401589460671 
628 217 0.0 
628 218 0.00266410107724 
628 218 0.0 
628 218 0.00266410107724 
628 218 0.0 
628 218 0.00422250013798 
628 218 0.0 
628 219 0.0 
628 220 0.00311479484662 
628 220 0.0 
628 221 0.0 
628 222 0.0 
628 223 0.0 
628 224 0.0116212181747 
628 224 0.00733217224479 
628 224 0.00733217224479 
628 224 0.0 
628 225 0.0 
628 226 0.0 
628 227 0.00140750012361 
628 227 0.0 
628 227 0.000888033711817 
628 228 0.0 
628 228 0.0 
628 228 0.0 
628 232 0.0 
628 233 0.0 
628 234 0.0 
628 234 0.0 
628 234 0.0 
628 235 0.00691156601533 
628 235 0.0109545728192 
628 235 0.0 
628 236 0.0 
628 236 0.0116695137694 
628 236 0.018495740369 
628 237 0.00230385549366 
628 237 0.0 
628 238 0.0 
628 238 0.00841793324798 
628 238 0.0 
628 238 0.0 
628 239 0.020844405517 
628 239 0.0131513560191 
628 240 0.0 
628 240 0.0110471388325 
628 241 0.0162457935512 
628 241 0.0 
628 242 0.0 
628 242 0.00122271664441 
628 244 0.0 
628 244 0.0 
628 245 0.00733217224479 
628 245 0.0116212181747 
628 245 0.00733217224479 
628 245 0.0 
628 246 0.0 
628 246 0.00746428314596 
628 246 0.00746428314596 
628 246 0.0118306083605 
628 247 0.0117249786854 
628 247 0.00739763816819 
628 247 0.0 
628 248 0.0 
628 248 0.011320669204 
628 248 0.00714254705235 
628 248 0.00714254705235 
628 249 0.0 
628 249 0.00739763816819 
628 249 0.0117249786854 
628 250 0.00173703383189 
628 250 0.0027531334199 
628 250 0.00173703383189 
628 250 0.0 
628 252 0.0 
628 252 0.00428265193477 
628 252 0.00270205270499 
628 253 0.0 
628 255 0.0 
628 255 0.0 
628 255 0.00251834490336 
628 255 0.00251834490336 
628 256 0.00828535389155 
628 256 0.0 
628 256 0.0 
628 257 0.00511441659182 
628 258 0.0 
628 258 0.0 
628 258 0.00328783900477 
628 259 0.0 
628 259 0.0 
628 259 0.0 
628 259 0.00309154996648 
628 259 0.0 
628 259 0.0 
628 259 0.0 
628 260 0.00753214024007 
628 260 0.0 
628 261 0.00680413236842 
628 262 0.0 
628 262 0.0104222027585 
628 262 0.00657567800954 
628 263 0.00531112449244 
628 264 0.0 
628 264 0.0 
628 264 0.00443067075685 
628 265 0.0 
628 265 0.0552356950939 
628 267 0.0 
628 267 0.0162457935512 
628 267 0.0257489737123 
628 268 0.00311479484662 
628 268 0.0 
628 269 0.0 
628 269 0.00268134451471 
628 270 0.00381813570857 
628 271 0.00609217211604 
628 272 0.0 
628 272 0.0 
628 273 0.0 
628 273 0.0 
628 274 0.00429149530828 
628 274 0.00270763225853 
628 274 0.0 
628 275 0.0 
628 275 0.0 
628 275 0.0 
628 276 0.00858299061656 
628 276 0.0 
628 277 0.0107287056744 
628 277 0.00676905969158 
628 278 0.0 
628 278 0.0011587907793 
628 278 0.0018366399454 
628 279 0.0 
628 279 0.0 
628 280 0.00142605067231 
628 280 0.0 
628 281 0.0 
628 281 0.0 
628 281 0.0 
628 281 0.0 
628 281 0.0 
628 281 0.0 
628 281 0.0 
628 281 0.0 
628 281 0.0 
628 281 0.0 
628 281 0.0 
628 281 0.0 
628 281 0.00131305132527 
628 281 0.00131305132527 
628 282 0.0 
628 282 0.0 
628 283 0.0 
628 283 0.0 
628 284 0.0015933373943 
628 285 0.0 
628 285 0.0 
628 285 0.0 
628 286 0.0042775166221 
628 286 0.00269881240092 
628 286 0.0 
628 287 0.00178179657087 
628 287 0.0 
628 287 0.0 
628 288 0.00118871650193 
628 289 0.0 
628 289 0.0 
628 290 0.00168059917632 
628 291 0.0 
628 291 0.0 
628 292 0.00198689545505 
628 293 0.0 
628 293 0.0 
628 294 0.0 
628 294 0.0 
628 295 0.0158216580749 
628 295 0.0 
628 295 0.00998235493898 
628 296 0.00659898295999 
628 297 0.0 
628 297 0.00279999501072 
628 297 0.001766600064 
628 298 0.0 
628 298 0.0 
628 298 0.000213815597817 
628 299 0.0 
628 299 0.0 
628 299 0.0 
628 299 0.0 
628 299 0.0 
628 299 0.0 
628 299 0.0 
628 299 0.0 
628 299 0.0 
628 299 0.0 
628 299 0.0 
628 299 0.0 
628 299 0.0 
628 299 0.0 
628 299 0.0 
628 299 0.0 
628 299 0.0 
628 299 0.0 
628 299 0.0 
628 299 0.0 
628 299 0.0 
628 299 0.0 
628 299 0.0 
628 299 0.0 
628 299 0.0 
628 300 0.00869667250663 
628 300 0.0137839000672 
628 300 0.0 
628 301 0.00278810528107 
628 301 0.00441904226318 
628 302 0.0 
628 302 0.0 
628 302 0.0 
628 302 0.00746428314596 
628 302 0.0 
628 302 0.0118306083605 
628 302 0.0 
628 302 0.0 
628 302 0.0 
628 303 0.0 
628 303 0.00729554239661 
628 303 0.00460297474638 
628 303 0.00460297474638 
628 303 0.0 
628 304 0.0 
628 304 0.0 
628 305 0.0 
628 305 0.0 
628 305 0.0 
628 305 0.0 
628 305 0.0 
628 305 0.0 
628 305 0.0 
628 305 0.0 
628 305 0.0 
628 305 0.0 
628 305 0.0 
628 306 0.0 
628 306 0.0 
628 306 0.0 
628 306 0.0 
628 307 0.0 
628 307 0.0 
628 307 0.0 
628 307 0.0 
628 308 0.0 
628 308 0.0 
628 308 0.0 
628 309 0.0 
628 309 0.0 
628 310 0.0 
628 310 0.0 
628 310 0.0 
628 311 0.0 
628 311 0.0 
628 312 0.0 
628 312 0.0 
628 313 0.0 
628 313 0.0 
628 313 0.0 
628 314 0.0 
628 314 0.0 
628 315 0.0 
628 315 0.0 
628 316 0.0 
628 316 0.0 
628 317 0.0 
628 317 0.0 
628 318 0.0 
628 318 0.0 
628 319 0.0 
628 319 0.0 
628 320 0.0 
628 320 0.0 
628 321 0.0 
628 321 0.0 
628 321 0.0 
628 321 0.0 
628 322 0.0 
628 322 0.0 
628 322 0.0 
628 322 0.0 
628 322 0.0 
628 322 0.0 
628 322 0.0 
628 323 0.0 
628 323 0.0 
628 324 0.0 
628 324 0.0 
628 325 0.0 
628 325 0.0 
628 326 0.0 
628 326 0.00246378523298 
628 326 0.00155447551515 
628 327 0.0 
628 327 0.0 
628 328 0.0 
628 328 0.0 
628 329 0.0 
628 329 0.0042775166221 
628 329 0.00677970331162 
628 330 0.0 
628 330 0.00079974468099 
628 331 0.0 
628 331 0.0 
628 331 0.0 
628 332 0.0 
628 332 0.0 
628 333 0.0 
628 333 0.000765744422097 
628 334 0.0 
628 334 0.0 
628 335 0.0 
628 335 0.0 
628 336 0.0 
628 336 0.0 
628 336 0.0 
628 336 0.0 
628 336 0.0 
628 336 0.0 
628 336 0.0 
628 336 0.0 
628 336 0.0 
628 336 0.0 
628 336 0.0 
628 336 0.0 
628 336 0.0 
628 336 0.0 
628 336 0.0 
628 336 0.0 
628 336 0.0 
628 336 0.0 
628 336 0.0 
628 336 0.0 
628 336 0.0 
628 336 0.0 
628 336 0.0 
628 336 0.0 
628 336 0.0 
628 336 0.0 
628 336 0.0 
628 336 0.0 
628 336 0.0 
628 336 0.0 
628 336 0.0 
628 336 0.0 
628 336 0.0 
628 336 0.0 
628 336 0.0 
628 336 0.0 
628 336 0.0 
628 337 0.0 
628 337 0.0 
628 338 0.0 
628 338 0.0 
628 339 0.0 
628 339 0.0 
628 340 0.0 
628 340 0.0 
628 340 0.0 
628 340 0.0 
628 340 0.0 
628 340 0.0 
628 340 0.0 
628 340 0.0 
628 340 0.0 
628 340 0.0 
628 340 0.0 
628 340 0.0 
628 340 0.0 
628 340 0.0 
628 340 0.0 
628 340 0.0 
628 340 0.0 
628 340 0.0 
628 340 0.0 
628 341 0.00163419218734 
628 341 0.0 
628 342 0.0 
628 342 0.0 
628 343 0.00952339544892 
628 343 0.0 
628 344 0.00652466760948 
628 345 0.00659898295999 
628 345 0.0 
628 346 0.0238763187081 
628 346 0.0 
628 346 0.0150642804801 
628 347 0.00663231126964 
628 348 0.00881340634078 
628 348 0.0139689184725 
628 348 0.0 
628 349 0.000157816277351 
628 349 0.00025013287086 
628 350 0.0 
628 350 0.0 
628 351 0.0 
628 351 0.0 
628 351 0.0 
628 352 0.0 
628 352 0.0 
628 352 0.0 
628 353 0.000691156659741 
628 353 0.0 
628 354 0.0 
628 354 0.0 
628 354 0.00120809336659 
628 354 0.0 
628 354 0.0 
628 354 0.0 
628 354 0.0 
628 354 0.0 
628 354 0.0 
628 354 0.0 
628 354 0.0 
628 354 0.0 
628 354 0.0 
628 354 0.0 
628 354 0.0 
628 354 0.0 
628 355 0.0040909582749 
628 355 0.0 
628 355 0.0 
628 355 0.0 
628 355 0.0 
628 355 0.0 
628 355 0.0 
628 355 0.0 
628 355 0.0 
628 355 0.0 
628 356 -0.0 
628 356 -0.0 
628 356 -3.04452666269e+23 
629 163 0.0 
630 5 0.0 
631 299 0.0 
632 28 0.0 
632 308 0.0 
632 308 0.0 
633 293 0.0 
633 293 0.0 
634 332 0.0 
634 332 0.0 
634 332 0.0 
635 336 0.0 
636 305 0.000634893018287 
636 305 0.000634893018287 
636 305 0.0 
636 306 0.0 
637 113 0.0 
638 305 0.0 
639 98 0.0 
639 124 0.0 
639 321 0.0 
640 299 0.0 
640 299 0.0 
641 113 0.0 
642 98 0.0 
642 124 0.0 
642 321 0.0 
643 28 0.0 
644 211 0.0 
644 211 0.0 
645 3 0.0 
645 3 0.0 
645 3 0.0 
645 3 0.0 
645 113 0.0 
645 113 0.0 
645 113 0.0 
645 113 0.0 
645 113 0.0 
645 113 0.0 
645 113 0.0 
645 113 0.0 
645 113 0.0 
645 124 0.0 
645 124 0.0 
645 124 0.0 
645 124 0.0 
645 124 0.0 
645 124 0.0 
645 124 0.0 
645 124 0.0 
645 124 0.0 
645 124 0.0 
645 128 0.0 
645 128 0.0 
645 251 0.0 
645 283 0.0 
645 285 0.0 
645 285 0.0 
645 299 0.0 
645 299 0.0 
645 299 0.0 
645 299 0.0 
645 299 0.0 
645 299 0.0 
645 299 0.0 
645 299 0.0 
645 299 0.0 
645 299 0.0 
645 299 0.0 
645 299 0.0 
645 299 0.0 
645 299 0.0 
645 299 0.0 
645 305 0.0 
645 306 0.0 
645 331 0.0 
645 340 0.0 
645 340 0.0 
645 340 0.0 
645 342 0.0 
645 350 0.0 
645 350 0.0 
645 350 0.0 
645 350 0.0 
645 350 0.0 
645 350 0.0 
645 350 0.0 
645 350 0.0 
645 350 0.0 
645 350 0.0 
645 350 0.0 
645 350 0.0 
645 350 0.0 
645 350 0.0 
645 350 0.0 
645 350 0.0 
645 350 0.0 
645 350 0.0 
645 350 0.0 
645 350 0.0 
645 350 0.0 
645 350 0.0 
645 350 0.0 
645 350 0.0 
645 350 0.0 
645 350 0.0 
645 350 0.0 
645 350 0.0 
645 350 0.0 
645 350 0.0 
645 350 0.0 
645 352 0.0 
646 1 0.0193117279559 
646 3 0.0 
646 3 0.0 
646 7 0.0 
646 7 0.0 
646 28 0.0 
646 32 0.0 
646 58 0.0 
646 61 0.187599658966 
646 83 0.0 
646 83 0.0 
646 113 0.0 
646 113 0.0 
646 259 0.0 
646 298 0.0 
646 308 0.0 
646 308 0.0 
646 308 0.0 
646 321 0.0 
646 332 0.0 
646 336 0.0 
646 336 0.0 
646 336 0.0 
646 336 0.0 
646 336 0.0 
646 336 0.0 
646 336 0.0 
646 336 0.0 
646 336 0.0 
646 336 0.0 
646 336 0.0 
646 336 0.0 
646 336 0.0 
646 336 0.0 
646 340 0.00315672485158 
646 340 0.0 
646 340 0.0 
646 340 0.0 
646 340 0.0 
646 340 0.0 
646 340 0.0 
646 340 0.0 
646 340 0.0 
646 351 0.00105815508869 
646 351 0.0 
646 351 0.0 
646 351 0.00105815508869 
646 355 0.0 
647 4 0.0 
647 5 0.0 
647 42 0.00691156601533 
648 113 0.0 
648 113 0.0 
648 113 0.0 
648 124 0.0 
648 124 0.0 
648 124 0.0 
648 124 0.0 
648 124 0.0 
648 124 0.0 
648 289 0.0 
648 350 0.0 
648 350 0.0 
648 354 0.0 
649 121 0.0 
649 121 0.0 
649 121 0.0 
649 180 0.0 
649 336 0.0 
649 336 0.0 
649 336 0.0 
649 336 0.0 
649 336 0.0 
649 336 0.0 
650 10 0.0 
650 11 0.0 
650 28 0.0 
650 44 0.0 
650 83 0.0 
650 85 0.0 
650 91 0.0 
650 93 0.0 
650 94 0.0 
650 110 0.0 
650 110 0.0 
650 110 0.0 
650 110 0.0 
650 110 0.0 
650 110 0.0 
650 110 0.0 
650 110 0.0 
650 141 0.0 
650 176 0.0 
650 213 0.0 
650 228 0.0 
650 300 0.0 
650 308 0.0 
651 8 0.0 
651 10 0.0 
651 11 0.0 
651 16 0.0 
651 16 0.0 
651 16 0.0 
651 16 0.0 
651 16 0.0 
651 17 0.0 
651 17 0.0 
651 17 0.0 
651 17 0.0 
651 17 0.0 
651 19 0.0 
651 19 0.0 
651 19 0.0 
651 19 0.0 
651 19 0.0 
651 22 0.0 
651 28 0.0 
651 28 0.0 
651 28 0.0 
651 38 0.0 
651 38 0.0 
651 83 0.0 
651 83 0.0 
651 85 0.0 
651 89 0.0 
651 91 0.0 
651 93 0.0 
651 110 0.0 
651 110 0.0 
651 110 0.00178352091461 
651 110 0.0 
651 110 0.0 
651 110 0.0 
651 110 0.0 
651 110 0.00178352091461 
651 110 0.0 
651 110 0.0 
651 112 0.0 
651 128 0.0 
651 132 0.0 
651 132 0.0 
651 132 0.0 
651 132 0.0 
651 132 0.0 
651 135 0.0 
651 135 0.0 
651 135 0.0 
651 135 0.0 
651 135 0.0 
651 138 0.0 
651 138 0.0 
651 138 0.0 
651 138 0.0 
651 138 0.0 
651 139 0.0 
651 142 0.0 
651 142 0.0 
651 142 0.0 
651 142 0.0 
651 142 0.0 
651 143 0.0 
651 143 0.0 
651 143 0.0 
651 143 0.0 
651 143 0.0 
651 144 0.0 
651 144 0.0 
651 144 0.0 
651 144 0.0 
651 144 0.0 
651 146 0.0 
651 146 0.0 
651 146 0.0 
651 146 0.0 
651 146 0.0 
651 151 0.0 
651 151 0.0 
651 151 0.0 
651 151 0.0 
651 151 0.0 
651 156 0.0 
651 156 0.0 
651 156 0.0 
651 156 0.0 
651 156 0.0 
651 162 0.0 
651 166 0.0 
651 167 0.0 
651 167 0.0 
651 167 0.0 
651 167 0.0 
651 167 0.0 
651 173 0.0 
651 173 0.0 
651 173 0.0 
651 173 0.0 
651 174 0.0 
651 176 0.0 
651 180 0.0 
651 181 0.0 
651 192 0.0 
651 192 0.0 
651 192 0.0 
651 192 0.0 
651 192 0.0 
651 196 0.0 
651 196 0.0 
651 196 0.0 
651 196 0.0 
651 196 0.0 
651 207 0.0 
651 207 0.0 
651 207 0.0 
651 207 0.0 
651 207 0.0 
651 211 0.0 
651 212 0.0 
651 212 0.0 
651 212 0.0 
651 212 0.0 
651 212 0.0 
651 213 0.0 
651 229 0.0 
651 230 0.0 
651 239 0.0 
651 239 0.0 
651 254 0.0 
651 254 0.0 
651 286 0.0 
651 297 0.0 
651 305 0.0 
651 321 0.0 
651 346 0.0 
651 348 0.0 
651 350 0.0 
652 7 0.0 
652 7 0.0 
652 10 0.0 
652 11 0.0 
652 11 0.0 
652 11 0.0 
652 11 0.0 
652 11 0.0 
652 14 0.0 
652 83 0.0 
652 83 0.0 
652 85 0.0 
652 91 0.0 
652 93 0.0 
652 94 0.0 
652 110 0.0 
652 110 0.0 
652 110 0.0 
652 110 0.00178352091461 
652 110 0.0 
652 110 0.0 
652 110 0.0 
652 121 0.0 
652 124 0.0 
652 124 0.0 
652 141 0.0 
652 173 0.0 
652 176 0.0 
652 213 0.0 
652 252 0.0 
652 270 0.0 
652 355 0.0 
653 7 0.0 
653 10 0.0 
653 11 0.0 
653 12 0.0 
653 21 0.0 
653 22 0.0 
653 28 0.0 
653 28 0.0 
653 28 0.0 
653 83 0.0 
653 85 0.0 
653 91 0.0 
653 93 0.0 
653 95 0.0 
653 96 0.0 
653 98 0.0 
653 100 0.0 
653 102 0.0 
653 110 0.0 
653 110 0.0 
653 110 0.0 
653 110 0.0 
653 110 0.00178352091461 
653 110 0.0 
653 110 0.0 
653 110 0.0 
653 110 0.0 
653 115 0.0 
653 117 0.0 
653 118 0.0 
653 121 0.0 
653 121 0.0 
653 124 0.0 
653 124 0.0 
653 124 0.0 
653 124 0.0 
653 163 0.0 
653 176 0.0 
653 180 0.0 
653 191 0.0 
653 194 0.0 
653 195 0.0 
653 197 0.0 
653 202 0.0 
653 205 0.0 
653 206 0.0 
653 209 0.0 
653 210 0.0 
653 213 0.0 
653 218 0.0 
653 219 0.0 
653 220 0.0 
653 221 0.0 
653 222 0.0 
653 223 0.0 
653 224 0.0 
653 225 0.0 
653 226 0.0 
653 232 0.0 
653 233 0.0 
653 245 0.0 
653 246 0.0 
653 247 0.0 
653 248 0.0 
653 249 0.0 
653 250 0.0 
653 294 0.0 
653 321 0.0 
653 336 0.0 
654 10 0.0 
654 11 0.0 
654 11 0.0 
654 11 0.0 
654 11 0.0 
654 85 0.0 
654 91 0.0 
654 93 0.0 
654 110 0.0 
654 110 0.0 
654 110 0.0 
654 110 0.0 
654 110 0.0 
654 110 0.0 
654 110 0.0 
654 113 0.0 
654 161 0.0 
654 163 0.0 
654 166 0.0 
654 169 0.0 
654 171 0.0 
654 176 0.0 
654 178 0.0 
654 180 0.0 
654 181 0.0 
654 182 0.0 
654 184 0.0 
654 188 0.0 
654 198 0.0 
654 200 0.0 
654 201 0.0 
654 213 0.0 
654 213 0.0 
654 235 0.0 
654 236 0.0 
654 243 0.0 
654 252 0.0 
654 254 0.0 
654 254 0.0 
654 254 0.0 
654 262 0.0 
654 267 0.0 
654 274 0.0 
654 278 0.0 
654 286 0.0 
654 295 0.0 
654 297 0.0 
654 300 0.0 
654 308 0.0 
654 326 0.0 
654 346 0.0 
654 348 0.0 
655 7 0.0 
655 10 0.0 
655 11 0.0 
655 11 0.0 
655 11 0.0 
655 11 0.0 
655 11 0.0 
655 21 0.0 
655 28 0.0 
655 28 0.0 
655 83 0.0 
655 83 0.0 
655 85 0.0 
655 91 0.0 
655 93 0.0 
655 95 0.0 
655 105 0.0 
655 110 0.0 
655 110 0.0 
655 110 0.0 
655 110 0.0 
655 110 0.0 
655 110 0.0 
655 176 0.0 
655 213 0.0 
655 240 0.0 
656 10 0.0 
656 10 0.0 
656 11 0.0 
656 11 0.0 
656 13 0.0 
656 18 0.0 
656 21 0.0 
656 85 0.0 
656 85 0.0 
656 87 0.0 
656 88 0.0 
656 89 0.0 
656 90 0.0 
656 90 0.0 
656 91 0.0 
656 91 0.0 
656 92 0.0 
656 93 0.0 
656 93 0.0 
656 94 0.0 
656 95 0.0 
656 103 0.0 
656 110 0.0 
656 110 0.0 
656 110 0.0 
656 110 0.00178352091461 
656 110 0.0 
656 110 0.0 
656 110 0.0 
656 137 0.0 
656 139 0.0 
656 152 0.0 
656 153 0.0 
656 154 0.0 
656 155 0.0 
656 157 0.0 
656 160 0.0 
656 161 0.0 
656 164 0.0 
656 166 0.0 
656 169 0.0 
656 170 0.0 
656 171 0.0 
656 172 0.0 
656 173 0.0 
656 176 0.0 
656 176 0.0 
656 178 0.0 
656 179 0.0 
656 180 0.0 
656 181 0.0 
656 182 0.0 
656 183 0.0 
656 184 0.0 
656 188 0.0 
656 189 0.0 
656 190 0.0 
656 198 0.0 
656 198 0.0 
656 199 0.0 
656 200 0.0 
656 201 0.0 
656 203 0.0 
656 204 0.0 
656 209 0.0 
656 213 0.0 
656 213 0.0 
656 214 0.0 
656 216 0.0 
656 217 0.0 
656 227 0.0 
656 235 0.0 
656 236 0.0 
656 242 0.0 
656 252 0.0 
656 254 0.0 
656 254 0.0 
656 262 0.0 
656 267 0.0 
656 274 0.0 
656 278 0.0 
656 286 0.0 
656 287 0.0 
656 295 0.0 
656 297 0.0 
656 299 0.0 
656 299 0.0 
656 300 0.0 
656 302 0.0 
656 326 0.0 
656 346 0.0 
656 348 0.0 
657 5 0.0 
657 10 0.0 
657 11 0.0 
657 28 0.0 
657 28 0.0 
657 41 0.0 
657 85 0.0 
657 91 0.0 
657 93 0.0 
657 110 0.00178352091461 
657 110 0.0 
657 110 0.0 
657 110 0.0 
657 110 0.0 
657 110 0.0 
657 110 0.0 
657 110 0.0 
657 124 0.0 
657 176 0.0 
657 213 0.0 
657 219 0.0 
657 219 0.0 
657 254 0.0 
657 332 0.0 
658 7 0.0 
658 11 0.0 
658 21 0.0 
658 28 0.0 
658 83 0.0 
658 95 0.0 
658 110 0.0 
658 110 0.0 
658 110 0.0 
658 110 0.0 
658 110 0.0 
658 110 0.0 
658 110 0.0 
658 110 0.0 
658 110 0.0 
658 113 0.0 
658 113 0.0 
658 176 0.0 
658 188 0.0 
658 213 0.0 
658 241 0.0 
658 299 0.0 
659 21 0.0 
659 28 0.0 
659 54 0.0 
659 95 0.0 
659 110 0.0 
659 110 0.0 
659 110 0.0 
659 110 0.00178352091461 
659 110 0.0 
659 110 0.0 
659 110 0.0 
659 110 0.0 
659 110 0.0 
659 110 0.00178352091461 
659 166 0.0 
659 176 0.0 
659 213 0.0 
659 251 0.0 
659 268 0.0 
659 332 0.0 
660 19 0.0 
661 1 0.0193117279559 
661 28 0.0 
661 61 0.187599658966 
661 97 0.0 
662 8 0.0 
662 8 0.0 
662 8 0.0 
662 8 0.0 
662 8 0.0 
662 8 0.0 
662 8 0.0 
662 12 0.0 
662 14 0.0 
662 75 0.0 
662 75 0.0 
662 98 0.0 
662 98 0.0 
662 103 0.0 
662 103 0.02851190418 
662 107 0.0 
662 110 0.00178352091461 
662 110 0.00178352091461 
662 110 0.00178352091461 
662 113 0.0301647670567 
662 210 0.00746010337025 
662 261 0.0 
662 270 0.0 
662 327 0.0 
662 328 0.0 
662 332 0.0 
663 1 0.0193117279559 
663 61 0.187599658966 
664 155 0.0 
665 164 0.0 
666 190 0.0147550292313 
667 48 0.0 
668 11 0.0 
668 11 0.0 
668 11 0.0 
668 11 0.0 
668 11 0.0 
668 11 0.0 
668 11 0.0 
668 11 0.0 
668 11 0.0 
668 11 0.0 
668 11 0.0 
668 11 0.0 
668 11 0.0 
668 11 0.0 
668 11 0.0 
668 11 0.0 
668 11 0.0 
668 11 0.0 
668 11 0.0 
668 11 0.0 
668 11 0.0 
668 11 0.0 
668 11 0.0 
668 11 0.0 
668 11 0.0 
668 11 0.0 
668 11 0.0 
668 11 0.0 
668 11 0.0 
668 11 0.0 
668 86 0.0625332221389 
668 91 0.0257489737123 
668 91 0.0257489737123 
668 103 0.0 
668 103 0.0 
668 350 0.0 
668 350 0.0 
669 8 0.0 
669 48 0.0 
669 66 0.0 
669 82 0.0 
669 111 0.0 
669 111 0.0 
669 111 0.0 
669 111 0.0 
669 111 0.0 
669 111 0.0 
669 111 0.0 
669 111 0.0 
669 111 0.0 
669 111 0.0 
669 128 0.0 
669 219 0.0 
669 254 0.0 
669 293 0.0 
669 338 0.0 
670 306 0.0 
671 336 0.0 
671 351 0.0 
671 351 0.0 
672 354 0.0 
672 354 0.0 
673 8 0.0 
673 8 0.0 
673 8 0.0 
673 8 0.0 
673 8 0.0 
673 8 0.0 
673 8 0.0 
673 8 0.0 
673 8 0.0 
673 8 0.0 
673 8 0.0 
673 8 0.0 
673 8 0.0 
673 8 0.0 
673 8 0.0 
673 8 0.0 
673 8 0.0 
673 8 0.0 
673 8 0.0 
673 8 0.0 
673 8 0.00825910456479 
673 8 0.00825910456479 
673 8 0.0 
673 8 0.0 
673 8 0.0 
673 8 0.0 
673 8 0.00825910456479 
673 8 0.00825910456479 
673 8 0.0 
673 13 0.0 
673 22 0.0 
673 22 0.0 
673 22 0.0 
673 28 0.0 
673 28 0.0 
673 28 0.0 
673 28 0.0 
673 40 0.0123661998659 
673 75 0.0 
673 77 0.0 
673 83 0.0 
673 83 0.0 
673 108 0.0 
673 108 0.0 
673 109 0.0 
673 109 0.0 
673 109 0.0 
673 109 0.0 
673 109 0.0 
673 109 0.0 
673 121 0.0 
673 121 0.0 
673 121 0.0 
673 139 0.0 
673 139 0.0 
673 151 0.00706020230427 
673 151 0.0 
673 166 0.0 
673 166 0.0 
673 173 0.0 
673 173 0.0 
673 173 0.0 
673 173 0.0 
673 173 0.0 
673 173 0.0 
673 173 0.0 
673 173 0.0 
673 181 0.0 
673 181 0.0 
673 181 0.0 
673 188 0.0 
673 188 0.0 
673 189 0.0 
673 229 0.0 
673 229 0.0 
673 229 0.0 
673 229 0.0 
673 230 0.0 
673 230 0.0 
673 230 0.0 
673 230 0.0 
673 234 0.0 
673 234 0.0 
673 234 0.0 
673 234 0.0 
673 234 0.0 
673 238 0.0 
673 238 0.0 
673 238 0.0 
673 238 0.0 
673 238 0.0 
673 282 0.0 
673 336 0.0 
673 336 0.0 
673 336 0.0 
673 336 0.0 
673 350 0.0 
674 13 0.0 
674 113 0.0 
674 281 0.0 
675 48 0.0 
675 48 0.0 
676 128 0.0 
677 13 0.0 
678 28 0.0 
678 213 0.0 
679 48 0.0 
679 213 0.0 
680 164 0.0 
680 176 0.0 
680 213 0.0 
681 121 0.0 
681 176 0.0 
681 213 0.0 
681 229 0.0 
681 230 0.0 
681 307 0.0 
682 8 0.0 
682 110 0.0 
682 110 0.00178352091461 
682 110 0.0 
682 110 0.0 
682 110 0.0 
682 176 0.0 
682 188 0.0 
682 213 0.0 
682 243 0.00278219813481 
683 11 0.0 
683 11 0.0 
683 11 0.0 
683 11 0.0 
683 11 0.0 
683 11 0.0 
683 11 0.0 
683 11 0.0 
683 11 0.0 
683 11 0.0 
683 11 0.0 
683 16 0.0 
683 24 0.0 
683 83 0.0 
683 110 0.0 
683 110 0.0 
683 110 0.0 
683 110 0.0 
683 110 0.00178352091461 
683 110 0.0 
683 110 0.0 
683 110 0.0 
683 110 0.0 
683 112 0.0 
683 113 0.0 
683 113 0.0 
683 113 0.0 
683 113 0.0 
683 113 0.0 
683 113 0.0 
683 139 0.0 
683 164 0.0 
683 166 0.0 
683 166 0.0 
683 176 0.0 
683 213 0.0 
683 217 0.0 
683 254 0.0 
683 254 0.0 
683 254 0.0 
683 256 0.0 
683 294 0.0 
683 340 0.0 
683 355 0.0 
684 28 0.0 
684 28 0.0 
684 28 0.0 
684 38 0.0 
684 213 0.0 
685 7 0.0 
685 213 0.0 
686 28 0.0 
686 213 0.0 
687 176 0.0 
687 213 0.0 
688 8 0.0 
688 8 0.0 
688 8 0.0 
688 8 0.0 
688 8 0.0 
688 12 0.0 
688 14 0.0 
688 75 0.0 
688 75 0.0 
688 98 0.0 
688 98 0.0 
688 103 0.0 
688 103 0.02851190418 
688 107 0.0 
688 110 0.00178352091461 
688 110 0.00178352091461 
688 113 0.0301647670567 
688 210 0.00746010337025 
688 261 0.0 
688 270 0.0 
688 327 0.0 
688 328 0.0 
688 332 0.0 
689 306 0.0 
690 299 0.0 
691 83 0.0 
692 128 0.0 
693 185 0.0 
694 164 0.0 
695 199 0.0 
696 8 0.0 
697 28 0.0 
698 113 0.0 
698 113 0.0 
698 113 0.0 
698 113 0.0 
698 113 0.0 
698 113 0.0 
698 113 0.0 
698 113 0.0 
698 289 0.0 
699 38 0.0 
699 38 0.0 
700 113 0.0 
700 113 0.0 
700 113 0.0 
700 113 0.0 
701 199 0.0 
701 199 0.0 
702 199 0.0 
703 265 0.0 
704 350 0.0 
705 22 0.0 
705 28 0.0 
705 83 0.0 
705 121 0.0 
705 139 0.0 
705 166 0.0 
705 279 0.0 
705 309 0.0 
706 44 0.0 
706 44 0.0 
707 308 0.0 
708 124 0.0 
709 1 0.0 
709 1 0.0 
709 1 0.0 
709 1 0.0 
709 3 0.0 
709 3 0.0 
709 3 0.0 
709 3 0.0 
709 4 0.0 
709 4 0.0 
709 5 0.0 
709 7 0.0 
709 9 0.0 
709 9 0.0 
709 9 0.0 
709 10 0.0 
709 10 0.0 
709 10 0.0 
709 10 0.0 
709 10 0.0 
709 11 0.0 
709 11 0.0 
709 16 0.0 
709 16 0.0 
709 16 0.0 
709 18 0.0 
709 18 0.0 
709 22 0.0 
709 22 0.0 
709 22 0.0 
709 28 0.0 
709 28 0.0 
709 28 0.0 
709 28 0.0 
709 28 0.0 
709 30 0.0 
709 30 0.0 
709 30 0.0 
709 30 0.0 
709 30 0.0 
709 44 0.0394540689886 
709 46 0.0 
709 48 0.0 
709 48 0.0 
709 48 0.0 
709 48 0.0 
709 48 0.0 
709 48 0.0 
709 48 0.164149701595 
709 48 0.0 
709 48 0.0 
709 48 0.164149701595 
709 48 0.0 
709 48 0.0 
709 54 0.0 
709 54 0.0 
709 54 0.0 
709 54 0.0 
709 54 0.0 
709 54 0.0 
709 54 0.0 
709 54 0.0 
709 54 0.0 
709 61 0.0 
709 61 0.0 
709 61 0.0 
709 61 0.0 
709 66 0.0 
709 70 0.0 
709 70 0.0 
709 80 0.0 
709 80 0.0 
709 80 0.0 
709 82 0.0 
709 83 0.0 
709 83 0.0 
709 85 0.0 
709 85 0.0 
709 85 0.0 
709 85 0.0 
709 85 0.0 
709 86 0.0 
709 86 0.0 
709 86 0.0 
709 86 0.0 
709 86 0.0 
709 86 0.0 
709 91 0.0 
709 91 0.0 
709 91 0.0 
709 91 0.0 
709 91 0.0 
709 93 0.0 
709 93 0.0 
709 93 0.0 
709 93 0.0 
709 93 0.0 
709 93 0.0 
709 107 0.0 
709 108 0.0 
709 111 0.00853020045906 
709 111 0.00853020045906 
709 111 0.00853020045906 
709 111 0.00853020045906 
709 111 0.00853020045906 
709 111 0.00853020045906 
709 121 0.0 
709 121 0.0 
709 121 0.0 
709 121 0.0 
709 121 0.0 
709 121 0.0 
709 121 0.0 
709 121 0.0 
709 121 0.0 
709 121 0.0 
709 121 0.0 
709 121 0.0 
709 121 0.0 
709 124 0.0 
709 124 0.0 
709 124 0.0 
709 124 0.0 
709 128 0.0 
709 128 0.0 
709 128 0.0 
709 128 0.0 
709 128 0.0 
709 128 0.0 
709 128 0.0 
709 139 0.0 
709 139 0.0 
709 155 0.00773743074387 
709 155 0.00773743074387 
709 166 0.0 
709 166 0.0 
709 189 0.0 
709 190 0.0 
709 199 0.0 
709 204 0.0 
709 217 0.0 
709 217 0.0 
709 217 0.0 
709 217 0.00401589460671 
709 221 0.0 
709 244 0.0 
709 254 0.0 
709 255 0.0 
709 259 0.0 
709 259 0.0 
709 259 0.0 
709 259 0.0 
709 265 0.0 
709 265 0.0 
709 267 0.0 
709 270 0.0 
709 282 0.0 
709 290 0.0 
709 290 0.0 
709 299 0.0 
709 299 0.0 
709 299 0.0 
709 299 0.0 
709 299 0.0 
709 299 0.0 
709 299 0.0 
709 299 0.0 
709 307 0.0 
709 307 0.0 
709 308 0.0 
709 308 0.0 
709 311 0.0 
709 321 0.0 
709 321 0.0 
709 322 0.0 
709 322 0.0 
709 322 0.0 
709 330 0.00079974468099 
709 330 0.0 
709 330 0.0 
709 330 0.00079974468099 
709 333 0.000765744422097 
709 333 0.000765744422097 
709 333 0.0 
709 336 0.0 
709 336 0.0 
709 336 0.0 
709 336 0.0 
709 336 0.0 
709 336 0.0 
709 336 0.0 
709 336 0.0 
709 336 0.0 
709 336 0.0 
709 336 0.0 
709 336 0.0 
709 336 0.0 
709 336 0.0 
709 336 0.0 
709 340 0.0 
709 343 0.0 
709 343 0.00952339544892 
709 345 0.00659898295999 
709 345 0.0 
709 351 0.0 
709 352 0.0 
710 128 0.0 
711 34 0.0 
712 350 0.0 
713 113 0.0301647670567 
713 113 0.0 
713 113 0.0 
713 113 0.0 
713 113 0.0 
713 113 0.0 
713 113 0.0 
713 340 0.0 
714 308 0.0 
714 308 0.0 
715 1 0.0 
715 1 0.0 
715 1 0.0 
715 1 0.0 
715 1 0.0 
715 1 0.0 
715 1 0.0 
715 7 0.0 
715 10 0.0 
715 10 0.0 
715 10 0.0 
715 16 0.0 
715 20 0.0 
715 20 0.0 
715 20 0.0 
715 20 0.0 
715 20 0.0 
715 20 0.0 
715 20 0.0 
715 20 0.0 
715 20 0.0 
715 20 0.0 
715 25 0.0 
715 25 0.0 
715 25 0.0 
715 25 0.0 
715 28 0.0 
715 28 0.0 
715 30 0.0 
715 50 0.0 
715 61 0.0 
715 61 0.0 
715 61 0.0 
715 61 0.0 
715 61 0.0 
715 61 0.0 
715 61 0.0 
715 70 0.0 
715 70 0.0 
715 85 0.0 
715 85 0.0 
715 85 0.0 
715 113 0.0 
715 113 0.0 
715 113 0.0 
715 113 0.0 
715 113 0.0 
715 113 0.0 
715 124 0.0 
715 124 0.0 
715 124 0.0 
715 124 0.0 
715 124 0.0 
715 124 0.0 
715 124 0.0 
715 160 0.0 
715 160 0.0 
715 160 0.0 
715 160 0.0 
715 160 0.0 
715 166 0.0 
715 188 0.0 
715 188 0.0 
715 208 0.0 
715 208 0.0 
715 208 0.0 
715 208 0.0 
715 208 0.0 
715 208 0.0 
715 208 0.0 
715 208 0.0 
715 208 0.0 
715 208 0.0 
715 237 0.0 
715 237 0.00230385549366 
715 237 0.00230385549366 
715 241 0.0162457935512 
715 241 0.0162457935512 
715 241 0.0 
715 243 0.0 
715 270 0.0 
715 299 0.0 
715 330 0.0 
715 330 0.0 
715 330 0.0 
715 330 0.0 
715 333 0.0 
715 333 0.0 
715 333 0.0 
715 333 0.0 
715 336 0.0 
715 336 0.0 
715 336 0.0 
715 341 0.0 
715 341 0.0 
715 341 0.0 
715 341 0.0 
715 343 0.0 
715 343 0.0 
715 343 0.0 
715 343 0.0 
715 345 0.0 
715 345 0.0 
715 345 0.0 
715 345 0.0 
715 353 0.0 
715 353 0.0 
715 353 0.0 
715 353 0.0 
715 354 0.0 
715 354 0.0 
715 354 0.0 
715 354 0.0 
715 354 0.0 
715 354 0.0 
715 354 0.0 
715 354 0.0 
715 354 0.0 
715 354 0.0 
715 354 0.0 
715 355 0.0 
715 355 0.0 
715 355 0.0 
715 355 0.0 
715 356 -0.0 
715 356 -0.0 
715 356 -0.0 
715 356 -0.0 
716 38 0.0 
717 299 0.0 
718 312 0.0 
719 139 0.0 
720 212 0.0 
721 121 0.0 
721 212 0.0 
722 212 0.0 
723 28 0.0 
724 1 0.0 
724 44 0.0 
724 44 0.0 
724 61 0.0 
724 110 0.0 
724 110 0.0 
724 113 0.0 
724 113 0.0 
724 113 0.0 
724 113 0.0 
724 128 0.0 
724 128 0.0 
724 166 0.0 
724 217 0.0 
724 228 0.0 
724 228 0.0 
724 243 0.0 
724 243 0.0 
724 287 0.0 
725 322 0.0 
725 322 0.0 
726 8 0.0 
726 8 0.0 
726 8 0.0 
726 8 0.0 
726 75 0.0 
726 103 0.0 
726 107 0.0 
726 110 0.00178352091461 
726 110 0.00178352091461 
726 160 0.0 
726 210 0.00746010337025 
726 270 0.0 
726 332 0.0 
727 185 0.0 
728 18 0.0 
728 18 0.0 
728 18 0.0 
729 28 0.0 
729 28 0.0 
730 38 0.0 
730 38 0.0 
730 38 0.0 
730 38 0.0 
730 38 0.0 
730 38 0.0 
730 38 0.0 
730 38 0.0 
730 38 0.0 
730 38 0.0 
731 113 0.0 
732 4 0.0 
732 292 0.0 
733 106 0.0 
733 227 0.0 
733 279 0.00473448820412 
733 279 0.0 
733 279 0.00473448820412 
733 279 0.0 
733 279 0.0 
733 279 0.0 
734 1 0.0193117279559 
734 1 0.0193117279559 
734 7 0.0 
734 7 0.0 
734 7 0.0 
734 16 0.0 
734 19 0.0 
734 19 0.0 
734 22 0.0 
734 22 0.0 
734 28 0.0 
734 28 0.0 
734 28 0.0 
734 61 0.187599658966 
734 61 0.187599658966 
734 83 0.0 
734 83 0.0 
734 109 0.0 
734 109 0.0 
734 109 0.0 
734 109 0.0 
734 113 0.0 
734 113 0.0 
734 113 0.0 
734 113 0.0 
734 113 0.0 
734 113 0.0 
734 113 0.0 
734 113 0.0 
734 113 0.0 
734 113 0.0 
734 113 0.0 
734 113 0.0 
734 113 0.0 
734 113 0.0 
734 113 0.0 
734 113 0.0 
734 116 0.00657567800954 
734 121 0.0 
734 128 0.0 
734 139 0.0 
734 139 0.0 
734 166 0.0 
734 173 0.0 
734 173 0.0 
734 173 0.0 
734 180 0.0 
734 181 0.0 
734 188 0.0 
734 189 0.0 
734 189 0.0 
734 189 0.0 
734 189 0.0 
734 189 0.0 
734 190 0.0 
734 190 0.0 
734 192 0.0 
734 196 0.0 
734 207 0.0 
734 207 0.0 
734 212 0.0 
734 212 0.0 
734 212 0.00839261710644 
734 228 0.0 
734 228 0.0 
734 228 0.0 
734 228 0.0 
734 228 0.0 
734 228 0.0 
734 231 0.0 
734 243 0.0 
734 243 0.0 
734 243 0.0 
734 292 0.0 
734 292 0.0 
734 292 0.00198689545505 
734 299 0.0 
734 305 0.0 
734 306 0.0 
734 314 0.00591811025515 
734 336 0.0 
734 336 0.0 
734 336 0.0 
734 336 0.0 
734 336 0.0 
734 336 0.0 
734 336 0.0 
734 336 0.0 
734 336 0.0 
734 336 0.0 
734 336 0.0 
734 336 0.0 
734 336 0.0 
734 336 0.0 
734 336 0.0 
734 336 0.0 
734 336 0.0 
734 336 0.0 
734 336 0.0 
734 336 0.0 
734 336 0.0 
734 336 0.0 
734 336 0.0 
734 336 0.0 
734 336 0.0 
734 336 0.0 
734 336 0.0 
734 336 0.0 
734 336 0.0 
734 336 0.0 
734 336 0.0 
734 336 0.0 
734 336 0.0 
734 336 0.0 
734 336 0.0 
734 336 0.0 
734 336 0.0 
734 336 0.0 
734 336 0.0 
734 336 0.0 
734 336 0.0 
734 336 0.0 
734 336 0.0 
734 336 0.0 
734 336 0.0 
734 336 0.0 
734 336 0.0 
734 336 0.0 
734 336 0.0 
734 336 0.0 
734 336 0.0 
734 350 0.0 
734 350 0.0 
734 350 0.0 
734 350 0.0 
734 350 0.0 
734 350 0.0 
734 350 0.0 
734 350 0.0 
735 340 0.0 
736 113 0.0 
737 3 0.0 
738 350 0.0 
739 113 0.0 
739 113 0.0 
739 350 0.0 
739 350 0.0 
739 350 0.0 
739 350 0.0 
739 350 0.0 
740 24 0.0 
740 24 0.0 
740 256 0.0 
740 256 0.0 
740 258 0.0 
740 258 0.0 
740 258 0.0 
740 258 0.0 
740 264 0.0 
740 264 0.0 
740 264 0.0 
740 264 0.0 
740 272 0.0 
740 272 0.0 
740 272 0.0 
740 272 0.0 
740 272 0.0 
740 272 0.0 
740 273 0.0 
740 273 0.0 
740 273 0.0 
740 273 0.0 
740 273 0.0 
740 273 0.0 
740 275 0.0 
740 275 0.0 
740 275 0.0 
740 275 0.0 
740 275 0.0 
740 275 0.0 
740 279 0.0 
740 279 0.0 
740 279 0.0 
740 279 0.0 
740 279 0.0 
740 279 0.0 
740 282 0.0 
740 282 0.0 
740 282 0.0 
740 282 0.0 
740 282 0.0 
740 282 0.0 
740 283 0.0 
740 283 0.0 
740 283 0.0 
740 283 0.0 
740 283 0.0 
740 283 0.0 
740 285 0.0 
740 285 0.0 
740 285 0.0 
740 285 0.0 
740 285 0.0 
740 285 0.0 
740 289 0.0 
740 289 0.0 
740 289 0.0 
740 289 0.0 
740 289 0.0 
740 289 0.0 
740 291 0.0 
740 291 0.0 
740 291 0.0 
740 291 0.0 
740 291 0.0 
740 291 0.0 
740 293 0.0 
740 293 0.0 
740 293 0.0 
740 293 0.0 
740 293 0.0 
740 293 0.0 
740 299 0.0 
740 299 0.0 
740 299 0.0 
740 299 0.0 
740 299 0.0 
740 299 0.0 
740 304 0.0 
740 304 0.0 
740 304 0.0 
740 304 0.0 
740 304 0.0 
740 304 0.0 
740 305 0.0 
740 305 0.0 
740 305 0.0 
740 305 0.0 
740 305 0.0 
740 305 0.0 
740 306 0.0 
740 306 0.0 
740 306 0.0 
740 306 0.0 
740 306 0.0 
740 306 0.0 
740 307 0.0 
740 307 0.0 
740 307 0.0 
740 307 0.0 
740 307 0.0 
740 307 0.0 
740 308 0.0 
740 308 0.0 
740 308 0.0 
740 308 0.0 
740 308 0.0 
740 308 0.0 
740 309 0.0 
740 309 0.0 
740 309 0.0 
740 309 0.0 
740 309 0.0 
740 309 0.0 
740 310 0.0 
740 310 0.0 
740 310 0.0 
740 310 0.0 
740 310 0.0 
740 310 0.0 
740 311 0.0 
740 311 0.0 
740 311 0.0 
740 311 0.0 
740 311 0.0 
740 311 0.0 
740 312 0.0 
740 312 0.0 
740 312 0.0 
740 312 0.0 
740 312 0.0 
740 312 0.0 
740 313 0.0 
740 313 0.0 
740 313 0.0 
740 313 0.0 
740 313 0.0 
740 313 0.0 
740 314 0.0 
740 314 0.0 
740 314 0.0 
740 314 0.0 
740 314 0.0 
740 314 0.0 
740 315 0.0 
740 315 0.0 
740 315 0.0 
740 315 0.0 
740 315 0.0 
740 315 0.0 
740 316 0.0 
740 316 0.0 
740 316 0.0 
740 316 0.0 
740 316 0.0 
740 316 0.0 
740 317 0.0 
740 317 0.0 
740 317 0.0 
740 317 0.0 
740 317 0.0 
740 317 0.0 
740 318 0.0 
740 318 0.0 
740 318 0.0 
740 318 0.0 
740 318 0.0 
740 318 0.0 
740 319 0.0 
740 319 0.0 
740 319 0.0 
740 319 0.0 
740 319 0.0 
740 319 0.0 
740 320 0.0 
740 320 0.0 
740 320 0.0 
740 320 0.0 
740 320 0.0 
740 320 0.0 
740 321 0.0 
740 321 0.0 
740 321 0.0 
740 321 0.0 
740 321 0.0 
740 321 0.0 
740 322 0.0 
740 322 0.0 
740 322 0.0 
740 322 0.0 
740 322 0.0 
740 322 0.0 
740 323 0.0 
740 323 0.0 
740 323 0.0 
740 323 0.0 
740 323 0.0 
740 323 0.0 
740 324 0.0 
740 324 0.0 
740 324 0.0 
740 324 0.0 
740 324 0.0 
740 324 0.0 
740 325 0.0 
740 325 0.0 
740 325 0.0 
740 325 0.0 
740 325 0.0 
740 325 0.0 
740 327 0.0 
740 327 0.0 
740 327 0.0 
740 327 0.0 
740 327 0.0 
740 327 0.0 
740 328 0.0 
740 328 0.0 
740 328 0.0 
740 328 0.0 
740 328 0.0 
740 328 0.0 
740 331 0.0 
740 331 0.0 
740 331 0.0 
740 331 0.0 
740 331 0.0 
740 331 0.0 
740 332 0.0 
740 332 0.0 
740 332 0.0 
740 332 0.0 
740 332 0.0 
740 332 0.0 
740 334 0.0 
740 334 0.0 
740 334 0.0 
740 334 0.0 
740 334 0.0 
740 334 0.0 
740 335 0.0 
740 335 0.0 
740 335 0.0 
740 335 0.0 
740 335 0.0 
740 335 0.0 
740 336 0.0 
740 336 0.0 
740 336 0.0 
740 336 0.0 
740 336 0.0 
740 336 0.0 
740 337 0.0 
740 337 0.0 
740 337 0.0 
740 337 0.0 
740 337 0.0 
740 337 0.0 
740 338 0.0 
740 338 0.0 
740 338 0.0 
740 338 0.0 
740 338 0.0 
740 338 0.0 
740 339 0.0 
740 339 0.0 
740 339 0.0 
740 339 0.0 
740 339 0.0 
740 339 0.0 
740 340 0.0 
740 340 0.0 
740 340 0.0 
740 340 0.0 
740 340 0.0 
740 340 0.0 
740 342 0.0 
740 342 0.0 
740 342 0.0 
740 342 0.0 
740 342 0.0 
740 342 0.0 
740 350 0.0 
740 350 0.0 
740 350 0.0 
740 350 0.0 
740 350 0.0 
740 350 0.0 
740 351 0.0 
740 351 0.0 
740 351 0.0 
740 351 0.0 
740 351 0.0 
740 351 0.0 
740 352 0.0 
740 352 0.0 
740 352 0.0 
740 352 0.0 
740 352 0.0 
740 352 0.0 
741 166 0.0 
741 166 0.0 
741 173 0.0 
742 354 0.0 
743 113 0.0 
743 113 0.0 
744 128 0.0 
744 303 0.0 
745 113 0.0 
746 48 0.0 
746 124 0.0 
747 1 0.0 
747 9 0.0 
747 10 0.0 
747 13 0.0 
747 13 0.0 
747 13 0.00377355632372 
747 51 0.437732547522 
747 61 0.0 
747 70 0.0 
747 80 0.0 
747 85 0.0 
747 86 0.0 
747 93 0.0 
747 217 0.00401589460671 
747 217 0.0 
747 217 0.0 
747 217 0.0 
747 217 0.0 
747 350 0.0 
748 331 0.0 
749 4 0.0 
749 8 0.0 
749 8 0.0 
749 28 0.0 
749 70 0.0 
749 128 0.0 
749 128 0.0 
749 234 0.0 
749 234 0.0 
749 238 0.0 
749 238 0.0 
749 243 0.0 
749 260 0.0 
749 269 0.0 
749 281 0.0 
749 289 0.0 
749 299 0.0 
749 340 0.0 
749 340 0.0 
749 340 0.0 
749 340 0.0 
750 113 0.0 
750 121 0.0 
750 121 0.0 
750 128 0.0 
750 229 0.0 
750 229 0.0 
750 230 0.0 
750 230 0.0 
751 204 0.0 
751 204 0.0 
751 204 0.0 
752 113 0.0 
753 103 0.0 
753 332 0.0 
754 28 0.0 
754 38 0.0 
754 83 0.0 
754 112 0.0 
755 97 0.0 
755 97 0.0 
755 97 0.0 
756 28 0.0 
756 281 0.0 
757 139 0.0 
758 22 0.0 
759 7 0.0 
759 113 0.0 
759 113 0.0 
759 113 0.0 
759 113 0.0 
759 124 0.0 
759 166 0.0 
759 217 0.0 
759 217 0.0 
760 97 0.0 
760 97 0.0 
760 344 0.0 
760 344 0.0 
761 111 0.0 
761 127 0.000200610695174 
761 139 0.0 
761 139 0.0 
761 355 0.0 
762 124 0.0 
763 237 0.00230385549366 
763 240 0.0110471388325 
763 241 0.0162457935512 
763 242 0.00122271664441 
763 268 0.00311479484662 
764 293 0.0 
765 340 0.0 
766 3 0.0 
766 5 0.0 
766 7 0.0 
766 7 0.0 
766 8 0.0 
766 9 0.0 
766 10 0.0 
766 14 0.0 
766 14 0.0 
766 16 0.0 
766 20 0.0 
766 28 0.0 
766 28 0.0 
766 28 0.0 
766 28 0.0 
766 28 0.0 
766 48 0.0 
766 70 0.0 
766 80 0.0 
766 82 0.0 
766 83 0.0 
766 83 0.0 
766 85 0.0 
766 86 0.0 
766 91 0.0 
766 93 0.0 
766 103 0.0 
766 110 0.0 
766 110 0.0 
766 110 0.0 
766 110 0.0 
766 110 0.0 
766 110 0.0 
766 110 0.00178352091461 
766 110 0.0 
766 110 0.0 
766 110 0.0 
766 111 0.0 
766 111 0.0 
766 111 0.0 
766 111 0.0 
766 111 0.0 
766 111 0.0 
766 113 0.0 
766 115 0.0 
766 124 0.0 
766 124 0.0 
766 124 0.0 
766 124 0.0 
766 128 0.0 
766 128 0.0 
766 128 0.0 
766 131 0.0 
766 173 0.0 
766 173 0.0 
766 175 0.0 
766 176 0.0 
766 181 0.0 
766 181 0.0 
766 208 0.0 
766 213 0.0 
766 218 0.0 
766 239 0.0 
766 254 0.0 
766 264 0.0 
766 265 0.0 
766 275 0.0 
766 277 0.0 
766 278 0.0 
766 290 0.0 
767 166 0.0 
767 217 0.0 
768 1 0.0193117279559 
768 18 0.0 
768 18 0.00375199317932 
768 18 0.0 
768 61 0.187599658966 
768 112 0.0 
768 113 0.0 
768 113 0.0 
768 113 0.0 
768 139 0.0 
768 189 0.00452826777473 
768 189 0.0 
768 189 0.0 
768 190 0.0 
768 204 0.0 
768 204 0.00910478550941 
768 204 0.0 
768 221 0.00287685915828 
768 221 0.00287685915828 
768 221 0.00455971388146 
768 228 0.0 
768 263 0.0 
768 270 0.0 
768 302 0.0 
768 302 0.0 
768 340 0.0 
768 355 0.0 
768 355 0.0 
769 305 0.000634893018287 
769 305 0.000634893018287 
769 305 0.0 
769 306 0.0 
769 306 0.0 
769 354 0.0 
770 19 0.0 
770 199 0.0 
771 128 0.0 
772 170 0.0 
773 8 0.0 
773 128 0.0 
773 335 0.0 
773 338 0.0 
773 338 0.0 
774 155 0.0 
775 7 0.0 
775 124 0.0 
775 124 0.0 
776 113 0.0 
777 128 0.0236519183964 
777 128 0.0 
777 310 0.0 
777 310 0.0 
777 313 0.0 
777 332 0.0 
777 332 0.0 
777 332 0.0 
777 332 0.0 
777 332 0.0 
777 332 0.0 
777 332 0.0 
777 332 0.0 
777 332 0.0 
777 332 0.0 
777 332 0.0 
777 332 0.0 
777 332 0.0 
777 332 0.0 
777 332 0.0 
777 332 0.0 
777 332 0.0 
777 332 0.0 
777 332 0.0 
777 332 0.0 
777 332 0.0 
777 332 0.0 
777 332 0.0 
777 332 0.0 
777 332 0.0 
777 332 0.0 
777 332 0.0 
777 332 0.0 
777 332 0.0 
777 332 0.0 
777 339 0.0 
778 128 0.0 
778 128 0.0 
778 128 0.0 
778 128 0.0 
778 128 0.0 
778 338 0.0 
779 83 0.0 
780 25 0.0 
780 25 0.0 
780 25 0.0 
780 25 0.0 
780 28 0.0 
780 28 0.0 
780 113 0.0 
780 113 0.0 
780 139 0.0 
780 166 0.0 
780 166 0.0 
780 173 0.0 
780 330 0.0 
780 330 0.0 
780 330 0.0 
780 330 0.0 
780 333 0.0 
780 333 0.0 
780 333 0.0 
780 333 0.0 
780 341 0.0 
780 341 0.0 
780 341 0.0 
780 341 0.0 
780 343 0.0 
780 343 0.0 
780 343 0.0 
780 343 0.0 
780 345 0.0 
780 345 0.0 
780 345 0.0 
780 345 0.0 
780 353 0.0 
780 353 0.0 
780 353 0.0 
780 353 0.0 
780 354 0.0 
780 354 0.0 
780 354 0.0 
780 354 0.0 
780 355 0.0 
780 355 0.0 
780 355 0.0 
780 355 0.0 
780 355 0.0 
780 355 0.0 
780 355 0.0 
780 355 0.0 
780 355 0.0 
780 355 0.0 
780 355 0.0 
780 355 0.0 
780 355 0.0 
780 355 0.0 
780 355 0.0 
780 355 0.0 
780 355 0.0 
780 355 0.0 
780 355 0.0 
780 355 0.0 
780 355 0.0 
780 355 0.0 
780 355 0.0 
780 355 0.0 
780 355 0.0 
780 356 -0.0 
780 356 -0.0 
780 356 -0.0 
780 356 -0.0 
781 185 0.0 
782 113 0.0 
783 34 0.0 
783 128 0.0 
783 306 0.0 
784 336 0.0 
785 307 0.0 
786 260 0.0 
786 260 0.0 
786 269 0.0 
786 269 0.0 
787 180 0.0 
788 332 0.0 
789 113 0.0 
789 113 0.0 
789 113 0.0 
789 113 0.0 
789 285 0.0 
789 289 0.0 
789 289 0.0 
789 289 0.0019179059891 
789 291 0.0023740271572 
789 291 0.0 
789 291 0.0 
789 291 0.0 
789 308 0.0 
789 322 0.0 
790 166 0.0 
791 28 0.0 
792 355 0.0 
793 83 0.0 
794 113 0.0 
795 23 0.0 
795 124 0.0 
795 124 0.0 
795 281 0.0 
795 288 0.0 
795 290 0.0 
795 298 0.0 
795 309 0.0 
795 321 0.0 
795 321 0.0 
795 335 0.0 
796 18 0.0 
796 139 0.0 
796 196 0.0 
797 137 0.0 
798 9 0.0 
798 80 0.0 
798 82 0.0 
798 86 0.0 
799 1 0.0193117279559 
799 3 0.0 
799 4 0.0 
799 8 0.0 
799 8 0.0 
799 8 0.0 
799 8 0.0 
799 8 0.0 
799 28 0.0 
799 28 0.0 
799 61 0.187599658966 
799 83 0.0 
799 103 0.0 
799 113 0.0301647670567 
799 113 0.0 
799 121 0.0 
799 121 0.0 
799 124 0.0 
799 204 0.0 
799 251 0.0 
799 254 0.0 
799 259 0.0 
799 283 0.0 
799 299 0.0 
799 299 0.0 
799 299 0.0 
799 299 0.0 
799 299 0.0 
799 310 0.0 
799 332 0.0 
799 350 0.0 
799 350 0.0 
799 354 0.0 
799 354 0.0 
799 355 0.0 
800 350 0.0 
801 124 0.0 
801 128 0.0 
801 128 0.0 
801 139 0.0 
801 338 0.0 
802 7 0.0 
803 121 0.0 
803 285 0.0 
803 306 0.0 
803 308 0.0 
803 321 0.0 
803 352 0.0 
804 124 0.0 
804 124 0.0 
805 302 0.0 
806 113 0.0 
806 113 0.0 
806 113 0.0 
806 217 0.0 
806 288 0.0 
806 299 0.0 
806 354 0.0 
807 199 0.0 
808 173 0.0174904949963 
808 299 0.0 
809 4 0.0 
809 103 0.0 
809 103 0.0 
809 276 0.0 
809 280 0.0 
809 350 0.0 
809 350 0.0 
809 350 0.0 
809 350 0.0 
809 350 0.0 
809 350 0.0 
810 124 0.0 
810 229 0.0 
810 230 0.0 
810 289 0.0 
810 311 0.0 
810 313 0.0 
810 354 0.0 
811 354 0.0 
812 25 0.0 
812 330 0.0 
812 333 0.0 
812 341 0.0 
812 343 0.0 
812 345 0.0 
812 353 0.0 
812 354 0.0 
812 355 0.0 
812 356 -0.0 
813 192 0.0 
814 124 0.0 
814 350 0.0 
814 350 0.0 
814 350 0.0 
815 293 0.0 
816 41 0.0 
817 113 0.0 
817 113 0.0 
817 124 0.0 
817 251 0.0 
817 284 0.0 
817 350 0.0 
817 354 0.0 
818 83 0.0 
818 83 0.0 
818 113 0.0 
818 113 0.0 
818 279 0.0 
818 279 0.0 
818 279 0.0 
819 228 0.0 
819 243 0.0 
820 1 0.0193117279559 
820 1 0.0193117279559 
820 1 0.0193117279559 
820 1 0.0193117279559 
820 1 0.0193117279559 
820 1 0.0193117279559 
820 9 0.0 
820 9 0.00448190327734 
820 9 0.0 
820 9 0.00448190327734 
820 10 0.00220335158519 
820 10 0.00220335158519 
820 10 0.00220335158519 
820 10 0.00220335158519 
820 10 0.00220335158519 
820 11 0.0 
820 11 0.00366608612239 
820 13 0.0 
820 13 0.00377355632372 
820 13 0.0 
820 13 0.0 
820 13 0.0 
820 18 0.0 
820 19 0.0 
820 20 0.00426362873986 
820 20 0.00426362873986 
820 61 0.187599658966 
820 61 0.187599658966 
820 61 0.187599658966 
820 61 0.187599658966 
820 61 0.187599658966 
820 61 0.187599658966 
820 80 0.656598806381 
820 80 0.0 
820 80 0.0 
820 80 0.656598806381 
820 85 0.0051097185351 
820 85 0.0051097185351 
820 85 0.0051097185351 
820 85 0.0051097185351 
820 85 0.0051097185351 
820 86 0.0625332221389 
820 86 0.0625332221389 
820 86 0.0625332221389 
820 86 0.0625332221389 
820 86 0.0625332221389 
820 91 0.0257489737123 
820 91 0.0257489737123 
820 91 0.0257489737123 
820 91 0.0257489737123 
820 91 0.0257489737123 
820 91 0.0257489737123 
820 91 0.0257489737123 
820 93 0.011519276537 
820 93 0.011519276537 
820 93 0.011519276537 
820 94 0.0 
820 94 0.00269005005248 
820 103 0.0 
820 103 0.0179890096188 
820 137 0.0 
820 189 0.0 
820 190 0.0 
820 191 0.00380636961199 
820 192 0.0 
820 194 0.0105055812746 
820 196 0.0 
820 199 0.0 
820 204 0.0 
820 207 0.0 
820 208 0.00547165656462 
820 208 0.00547165656462 
820 209 0.0 
820 209 0.00383581197821 
820 209 0.0 
820 209 0.0060796183534 
820 209 0.00383581197821 
820 210 0.0 
820 218 0.0 
820 244 0.0 
820 251 0.0 
820 251 0.0 
820 251 0.0 
820 253 0.0 
820 254 0.0 
820 254 0.0 
820 254 0.0 
820 254 0.0 
820 254 0.0 
820 254 0.0 
820 254 0.0 
820 282 0.0 
820 282 0.0 
820 307 0.0 
820 308 0.0 
820 308 0.0 
820 308 0.0 
820 310 0.0 
820 311 0.0 
820 312 0.0 
820 313 0.0 
820 320 0.00102541514207 
820 321 0.0 
820 321 0.0 
820 321 0.0 
820 321 0.0 
820 321 0.0 
820 321 0.0 
820 321 0.0 
820 322 0.0 
820 327 0.0 
820 327 0.0 
820 328 0.0 
820 331 0.0 
820 331 0.000877685844898 
820 331 0.0 
820 331 0.0 
820 331 0.0 
820 331 0.0 
820 331 0.0 
820 331 0.0 
820 331 0.0 
820 331 0.0 
820 331 0.000877685844898 
820 332 0.0 
820 332 0.0 
820 332 0.0 
820 332 0.0 
820 336 0.0 
820 336 0.0 
820 351 0.0 
820 351 0.0 
820 352 0.00366814946756 
820 352 0.0 
820 352 0.0 
820 352 0.00366814946756 
820 352 0.0 
821 113 0.0 
822 299 0.0 
822 299 0.0 
822 299 0.0 
823 336 0.0 
824 350 0.0 
824 350 0.0 
825 231 0.0 
825 231 0.0 
825 334 0.0 
825 335 0.0 
826 113 0.0 
827 289 0.0 
828 350 0.0 
829 8 0.0 
829 8 0.0 
829 103 0.0 
829 113 0.0 
829 113 0.0 
829 113 0.0 
829 113 0.0 
829 113 0.0 
829 270 0.0 
829 299 0.0 
829 299 0.0 
829 350 0.0 
830 1 0.0 
830 61 0.0 
831 128 0.0 
831 128 0.0 
832 350 0.0 
833 14 0.0 
834 4 0.0 
835 195 0.0 
836 41 0.0 
837 113 0.0 
838 70 0.0 
839 254 0.0 
839 290 0.0 
839 306 0.0 
839 306 0.0 
839 306 0.0 
839 306 0.0 
839 340 0.0 
839 350 0.0 
840 112 0.0 
840 113 0.0 
840 124 0.0 
840 128 0.0 
840 128 0.0 
840 128 0.0 
840 128 0.0 
840 128 0.0 
840 128 0.0 
840 128 0.0 
840 128 0.0 
840 128 0.0 
840 128 0.0 
840 128 0.0 
840 128 0.0 
840 128 0.0 
840 228 0.0 
840 254 0.0 
840 254 0.0 
840 259 0.0 
840 260 0.0 
840 260 0.0 
840 269 0.0 
840 269 0.0 
840 281 0.0 
840 284 0.0 
840 284 0.0 
840 284 0.0 
840 285 0.0 
840 287 0.0 
840 292 0.0 
840 305 0.0 
840 306 0.0 
840 308 0.0 
840 312 0.0 
840 312 0.0 
840 321 0.0 
840 321 0.0 
840 321 0.0 
840 321 0.0 
840 331 0.0 
840 331 0.0 
840 332 0.0 
840 332 0.0 
840 335 0.0 
840 338 0.0 
840 339 0.0 
840 340 0.0 
840 342 0.0 
840 350 0.0 
840 350 0.0 
840 350 0.0 
840 352 0.0 
841 103 0.02851190418 
841 103 0.02851190418 
841 103 0.0 
841 103 0.0 
841 103 0.02851190418 
841 103 0.0179890096188 
841 103 0.0 
841 103 0.0 
841 103 0.0 
841 110 0.00178352091461 
841 110 0.00178352091461 
841 113 0.0 
842 27 0.0 
843 1 0.0193117279559 
843 7 0.0 
843 8 0.0 
843 16 0.0 
843 17 0.0 
843 19 0.0 
843 61 0.187599658966 
843 111 0.0 
843 111 0.0 
843 192 0.0 
843 196 0.0 
843 207 0.0 
843 212 0.0 
843 212 0.0 
843 234 0.0 
843 237 0.00230385549366 
843 238 0.0 
843 240 0.0110471388325 
843 241 0.0162457935512 
843 242 0.00122271664441 
843 268 0.00311479484662 
843 281 0.0 
843 293 0.0 
843 298 0.0 
843 307 0.0 
843 307 0.0 
843 321 0.0 
843 322 0.0 
843 351 0.0 
844 70 0.0 
845 349 0.0 
845 349 0.0 
846 195 0.0 
847 28 0.0 
848 350 0.0 
849 38 0.0 
850 163 0.0 
850 163 0.0 
850 163 0.0 
850 288 0.0 
851 299 0.0 
852 70 0.0 
853 77 0.0 
854 17 0.0 
854 298 0.0 
855 124 0.0 
856 28 0.0 
857 299 0.0 
858 105 0.0 
859 306 0.0 
860 7 0.0 
860 22 0.0 
860 22 0.0 
860 30 0.0 
860 30 0.0 
860 106 0.0 
860 106 0.0 
860 106 0.0 
860 106 0.0 
860 107 0.0 
860 111 0.0 
860 111 0.00853020045906 
860 128 0.0 
860 153 0.00454393634573 
860 215 0.00750398635864 
860 227 0.0 
860 227 0.0 
860 227 0.0 
860 227 0.0 
860 228 0.0 
860 228 0.0 
860 228 0.0 
860 228 0.0 
860 228 0.0 
860 228 0.0 
860 228 0.0 
860 228 0.0 
860 228 0.0 
860 231 0.0 
860 263 0.0 
860 265 0.0 
860 279 0.0 
860 280 0.0 
860 293 0.0 
860 299 0.0 
860 314 0.00591811025515 
860 336 0.0 
860 336 0.0 
860 336 0.0 
860 336 0.0 
860 336 0.0 
860 336 0.0 
860 336 0.0 
860 336 0.0 
860 336 0.0 
860 336 0.0 
860 336 0.0 
860 336 0.0 
860 336 0.0 
860 336 0.0 
860 336 0.0 
860 336 0.0 
860 336 0.0 
860 336 0.0 
860 336 0.0 
860 336 0.0 
860 336 0.0 
861 28 0.0 
862 44 0.0 
863 299 0.0 
864 70 0.0 
865 299 0.0 
866 5 0.0 
867 8 0.00825910456479 
868 103 0.0 
868 113 0.0 
868 113 0.0 
868 113 0.0 
869 166 0.0 
869 315 0.00579395378008 
869 334 0.0 
869 334 0.0 
869 334 0.0 
869 335 0.0 
869 335 0.0 
869 335 0.0 
869 335 0.0 
869 337 0.0 
869 338 0.0 
869 338 0.0 
869 338 0.0 
869 338 0.0 
869 338 0.0 
869 338 0.0 
869 338 0.0 
869 340 0.0 
869 340 0.0 
870 54 0.0 
871 8 0.00825910456479 
871 8 0.00825910456479 
871 8 0.0 
871 8 0.00825910456479 
871 34 0.0 
871 34 0.0 
871 113 0.0 
871 128 0.0 
871 281 0.0 
871 284 0.0 
871 298 0.0 
871 299 0.0 
871 306 0.0 
871 306 0.0 
871 306 0.0 
871 307 0.0 
871 308 0.0 
871 350 0.0 
871 354 0.0 
871 355 0.0 
871 355 0.0 
872 7 0.0 
872 7 0.0 
872 113 0.0 
872 113 0.0 
872 113 0.0 
872 113 0.0 
872 113 0.0 
872 113 0.0 
872 113 0.0 
872 160 0.0 
872 160 0.0 
872 217 0.0 
872 283 0.0 
872 283 0.0 
872 284 0.0 
872 288 0.0 
872 288 0.0 
872 298 0.0 
872 298 0.0 
872 306 0.0 
872 307 0.0 
872 350 0.0 
872 350 0.0 
872 354 0.0 
872 354 0.0 
873 16 0.0 
873 17 0.0 
873 19 0.0 
873 132 0.0 
873 135 0.0 
873 138 0.0 
873 142 0.0 
873 143 0.0 
873 144 0.0 
873 146 0.0 
873 151 0.0 
873 156 0.0 
873 167 0.0 
873 192 0.0 
873 196 0.0 
873 207 0.0 
873 212 0.0 
874 299 0.0 
875 270 0.0 
875 312 0.0 
876 350 0.0 
877 70 0.0 
878 77 0.0 
879 77 0.0 
880 77 0.0 
881 111 0.0 
881 121 0.0 
881 282 0.0 
881 282 0.0 
882 350 0.0 
883 350 0.0 
884 77 0.0 
885 3 0.0 
885 217 0.0 
886 3 0.0 
886 34 0.0 
887 48 0.0 
888 6 0.0 
888 26 0.0 
888 29 0.0 
888 31 0.0 
888 33 0.0 
888 36 0.0 
888 37 0.0 
888 39 0.0 
888 40 0.0 
888 46 0.0 
888 47 0.0 
888 49 0.0 
888 50 0.0 
888 51 0.0 
888 53 0.0 
888 55 0.0 
888 56 0.0 
888 60 0.0 
888 62 0.0 
888 63 0.0 
888 64 0.0 
888 65 0.0 
888 68 0.0 
888 69 0.0 
888 71 0.0 
888 76 0.0 
888 78 0.0 
888 185 0.0 
888 199 0.0 
888 199 0.0 
888 199 0.0 
888 207 0.0 
889 14 0.0 
889 103 0.0 
889 124 0.0 
889 124 0.0 
889 164 0.0 
889 253 0.0 
889 254 0.0 
889 270 0.0 
889 271 0.0 
889 321 0.0 
889 322 0.0 
889 322 0.0 
889 328 0.0 
889 331 0.0 
889 336 0.0 
889 342 0.0 
889 351 0.0 
889 352 0.0 
890 58 0.0 
891 75 0.0 
891 110 0.00178352091461 
891 209 0.0 
891 251 0.0 
891 251 0.0 
891 257 0.0 
891 283 0.0 
892 299 0.0 
893 4 0.0 
893 4 0.0 
893 7 0.0 
893 118 0.0145910838619 
893 118 0.0145910838619 
893 118 0.0 
893 128 0.0 
893 288 0.0 
894 113 0.0 
895 8 0.0 
895 8 0.0 
895 8 0.0 
895 8 0.0 
895 8 0.0 
895 8 0.0 
895 8 0.0 
895 8 0.0 
895 8 0.0 
895 8 0.0 
895 8 0.0 
895 8 0.0 
895 8 0.0 
895 8 0.0 
895 8 0.00825910456479 
895 8 0.0 
895 8 0.0 
895 8 0.0 
895 8 0.0 
895 13 0.0 
895 16 0.0 
895 18 0.0 
895 75 0.0 
895 110 0.00178352091461 
895 110 0.00178352091461 
895 110 0.00178352091461 
895 111 0.0 
895 111 0.0 
895 113 0.0 
895 124 0.0 
895 166 0.0 
895 189 0.0 
895 204 0.0 
895 263 0.0 
895 299 0.0 
895 350 0.0 
895 350 0.0 
895 350 0.0 
895 350 0.0 
896 113 0.0 
896 228 0.0 
897 185 0.0 
897 185 0.0 
898 8 0.00825910456479 
898 8 0.0 
898 8 0.0 
898 8 0.0 
898 28 0.0 
898 28 0.0 
898 28 0.0 
898 83 0.0 
898 113 0.0 
898 113 0.0 
898 113 0.0 
898 113 0.0 
898 113 0.0 
898 113 0.0 
898 113 0.0 
898 113 0.0301647670567 
898 113 0.0 
898 113 0.0 
898 113 0.0 
898 113 0.0 
898 113 0.0 
898 113 0.0301647670567 
898 113 0.0 
898 113 0.0 
898 113 0.0 
898 113 0.0301647670567 
898 113 0.0 
898 173 0.0 
898 243 0.0 
898 308 0.0 
898 340 0.0 
898 340 0.0 
898 340 0.0 
898 351 0.0 
898 355 0.0 
899 113 0.0 
899 113 0.0 
900 350 0.0 
901 113 0.0 
902 289 0.0 
903 199 0.0 
904 105 0.0 
905 105 0.0 
906 90 0.0 
906 254 0.0 
907 5 0.0 
907 281 0.0 
907 293 0.0 
907 294 0.0 
907 298 0.0 
907 306 0.0 
907 354 0.0 
907 354 0.0 
907 354 0.0 
908 299 0.0 
908 299 0.0 
909 44 0.0 
909 44 0.0 
910 7 0.0 
910 111 0.0 
910 111 0.0 
910 112 0.0 
910 185 0.0410374253988 
910 336 0.0 
910 336 0.0 
911 238 0.00841793324798 
912 44 0.0 
913 113 0.0301647670567 
913 113 0.0 
913 113 0.0 
913 113 0.0 
913 340 0.0 
913 340 0.0 
913 340 0.0 
914 299 0.0 
914 350 0.0 
915 215 0.0 
915 215 0.0 
915 215 0.0 
915 215 0.00750398635864 
916 332 0.0 
917 299 0.0 
918 98 0.01336347498 
918 98 0.01336347498 
918 98 0.0211806055158 
918 254 0.0 
918 331 0.0 
919 113 0.0 
919 337 0.0 
920 228 0.0 
920 228 0.0 
921 34 0.0 
922 293 0.0 
923 211 0.0 
924 281 0.0 
924 281 0.0 
924 281 0.0 
924 281 0.0 
924 287 0.0 
924 287 0.0 
925 350 0.0 
926 105 0.0 
926 185 0.0 
927 44 0.0 
927 75 0.0 
927 75 0.0 
927 196 0.0 
927 352 0.0 
928 3 0.0 
928 4 0.0 
928 113 0.0 
928 128 0.0 
928 128 0.0 
928 128 0.0 
928 128 0.0 
928 128 0.0 
928 128 0.0 
928 128 0.0 
928 217 0.0 
928 298 0.0 
928 334 0.0 
928 335 0.0 
928 338 0.0 
928 340 0.0 
928 340 0.0 
928 340 0.0 
929 7 0.0 
930 217 0.0 
931 121 0.0 
932 7 0.0 
932 89 0.0 
932 89 0.0 
933 11 0.0 
933 11 0.0 
933 254 0.0 
933 254 0.0 
933 254 0.0 
933 254 0.0 
933 254 0.0 
933 254 0.0 
933 254 0.0 
933 254 0.0 
933 254 0.0 
933 350 0.0 
933 350 0.0 
933 350 0.0 
933 350 0.0 
933 350 0.0 
934 355 0.0 
935 121 0.0 
936 28 0.0 
936 91 0.0257489737123 
936 124 0.0 
936 350 0.0 
937 185 0.0 
937 185 0.0 
937 185 0.0 
937 199 0.0 
938 28 0.0 
938 139 0.0 
938 139 0.0 
938 173 0.0 
939 113 0.0 
