5140 192 0.0 
5141 321 0.0 
5142 273 0.0 
5142 304 0.0 
5142 305 0.0 
5142 306 0.0 
5143 334 0.0 
5143 334 0.0 
5143 334 0.0 
5143 334 0.0 
5143 334 0.0 
5143 335 0.0 
5143 335 0.0 
5143 335 0.0 
5143 335 0.0 
5143 335 0.0 
5143 337 0.0 
5143 337 0.0 
5143 337 0.0 
5143 337 0.0 
5143 337 0.0 
5143 337 0.0 
5143 337 0.0 
5143 338 0.0 
5143 338 0.0 
5143 338 0.0 
5143 338 0.0 
5143 338 0.0 
5143 338 0.0 
5143 338 0.0 
5143 338 0.0 
5143 338 0.0 
5143 338 0.0 
5143 338 0.0 
5143 338 0.0 
5143 338 0.0 
5143 338 0.0 
5143 338 0.0 
5144 54 0.0 
5144 299 0.0 
5145 8 0.0 
5145 8 0.0 
5145 113 0.0 
5145 217 0.0 
5145 228 0.0 
5145 249 0.0117249786854 
5145 249 0.00739763816819 
5145 249 0.00739763816819 
5145 270 0.0 
5145 284 0.0 
5145 298 0.0 
5145 307 0.0 
5145 311 0.0 
5146 1 0.0 
5146 1 0.0193117279559 
5146 3 0.0 
5146 61 0.0 
5146 61 0.187599658966 
5146 128 0.0 
5146 128 0.0 
5146 128 0.0 
5146 128 0.0 
5146 128 0.0 
5146 128 0.0 
5146 128 0.0 
5146 128 0.0 
5146 128 0.0 
5146 128 0.0 
5146 222 0.0 
5146 231 0.0 
5146 250 0.00173703383189 
5146 250 0.0027531334199 
5146 260 0.0 
5146 269 0.0 
5146 282 0.0 
5146 298 0.0 
5146 305 0.0 
5146 308 0.0 
5146 308 0.0 
5146 308 0.0 
5146 312 0.0 
5146 312 0.0 
5146 334 0.0 
5146 335 0.0 
5146 338 0.0 
5146 340 0.0 
5146 340 0.0 
5146 340 0.0 
5146 340 0.0 
5146 340 0.0 
5146 340 0.0 
5146 340 0.0 
5146 340 0.0 
5146 340 0.0 
5146 351 0.0 
5146 352 0.0 
5146 352 0.0 
5147 54 0.0 
5148 8 0.0 
5148 18 0.0 
5148 107 0.0 
5148 108 0.0 
5148 108 0.0 
5148 113 0.0 
5148 113 0.0 
5148 113 0.0 
5148 124 0.0 
5148 124 0.0 
5148 124 0.0 
5148 124 0.0 
5148 124 0.0 
5148 128 0.0 
5148 128 0.0236519183964 
5148 128 0.0 
5148 128 0.0 
5148 128 0.0 
5148 128 0.0 
5148 189 0.0 
5148 190 0.0 
5148 204 0.0 
5148 260 0.0 
5148 269 0.0 
5148 283 0.0 
5148 284 0.0 
5148 284 0.0 
5148 290 0.0 
5148 290 0.0 
5148 290 0.0 
5148 338 0.0 
5148 338 0.0 
5148 339 0.0 
5148 340 0.0 
5148 340 0.0 
5148 340 0.0 
5148 340 0.0 
5148 340 0.0 
5148 340 0.0 
5148 340 0.0 
5148 340 0.0 
5148 340 0.0 
5148 340 0.0 
5148 340 0.0 
5148 340 0.0 
5148 340 0.0 
5148 340 0.0 
5148 340 0.0 
5148 342 0.0 
5149 7 0.0 
5150 279 0.0 
5151 1 0.0193117279559 
5151 61 0.187599658966 
5152 340 0.0 
5153 11 0.0 
5153 124 0.0 
5153 124 0.0 
5153 124 0.0 
5153 124 0.0 
5153 124 0.0 
5154 54 0.0 
5154 54 0.0 
5154 93 0.011519276537 
5154 93 0.011519276537 
5154 113 0.0 
5154 113 0.0 
5155 77 0.0 
5156 305 0.0 
5157 113 0.0 
5157 299 0.0 
5158 91 0.0257489737123 
5158 110 0.00178352091461 
5158 209 0.0 
5158 209 0.00383581197821 
5158 209 0.0060796183534 
5158 209 0.00383581197821 
5159 350 0.0 
5160 160 0.0 
5161 128 0.0 
5162 10 0.00220335158519 
5162 85 0.0051097185351 
5162 86 0.0625332221389 
5162 93 0.011519276537 
5163 128 0.0 
5164 336 0.0 
5164 336 0.0 
5164 336 0.0 
5165 2 0.0 
5165 8 0.0 
5165 8 0.0 
5165 66 0.0 
5165 228 0.0 
5165 228 0.0 
5165 229 0.0 
5165 229 0.0 
5165 230 0.0 
5165 230 0.0 
5165 231 0.0 
5165 231 0.0 
5165 234 0.0 
5165 234 0.0 
5165 238 0.0 
5165 238 0.0 
5165 243 0.0 
5165 243 0.0 
5165 244 0.0 
5165 244 0.0 
5165 251 0.0 
5165 251 0.0 
5165 253 0.0 
5165 253 0.0 
5165 254 0.0 
5165 254 0.0 
5166 113 0.0 
5166 113 0.0 
5167 190 0.0147550292313 
5168 5 0.0 
5168 124 0.0 
5169 340 0.0 
5170 113 0.0 
5170 113 0.0 
5170 124 0.0 
5170 124 0.0 
5170 124 0.0 
5170 124 0.0 
5170 124 0.0 
5170 299 0.0 
5170 350 0.0 
5170 350 0.0 
5170 350 0.0 
5170 350 0.0 
5170 350 0.0 
5171 160 0.0 
5172 113 0.0 
5172 221 0.0 
5172 260 0.0 
5172 269 0.0 
5173 28 0.0 
5173 28 0.0 
5174 1 0.0193117279559 
5174 1 0.0193117279559 
5174 61 0.187599658966 
5174 61 0.187599658966 
5174 103 0.0 
5174 291 0.0 
5174 308 0.0 
5175 350 0.0 
5176 113 0.0 
5177 305 0.0 
5177 305 0.0 
5177 305 0.0 
5178 336 0.0 
5179 299 0.0 
5180 28 0.0 
5180 299 0.0 
5181 308 0.0 
5182 103 0.0 
5182 124 0.0 
5183 160 0.0 
5184 305 0.0 
5185 342 0.0 
5186 113 0.0 
5186 113 0.0 
5186 160 0.0 
5187 271 0.0 
5188 70 0.0 
5189 354 0.0 
5190 28 0.0 
5190 28 0.0 
5190 299 0.0 
5190 336 0.0 
5191 113 0.0 
5191 113 0.0301647670567 
5192 113 0.0 
5192 217 0.0 
5193 189 0.0 
5194 2 0.000963413331192 
5194 62 0.0 
5194 66 0.00462868949398 
5194 213 0.0345223098993 
5194 302 0.0 
5195 305 0.0 
5196 290 0.0 
5196 290 0.0 
5197 305 0.0 
5198 44 0.0 
5198 350 0.0 
5199 124 0.0 
5199 290 0.0 
5200 28 0.0 
5200 113 0.0 
5200 113 0.0 
5200 294 0.0 
5200 299 0.0 
5200 299 0.0 
5200 340 0.0 
5200 354 0.0 
5200 354 0.0 
5201 299 0.0 
5201 299 0.0 
5201 307 0.0 
5202 285 0.0 
5203 331 0.0 
5204 110 0.00178352091461 
5205 293 0.0 
5206 113 0.0 
5206 113 0.0 
5206 124 0.0 
5206 124 0.0 
5206 279 0.0 
5206 279 0.0 
5206 279 0.0 
5206 279 0.0 
5206 279 0.0 
5206 279 0.0 
5206 299 0.0 
5206 299 0.0 
5206 299 0.0 
5206 340 0.0 
5207 336 0.0 
5208 244 0.0 
5208 350 0.0 
5209 299 0.0 
5210 38 0.0 
5211 354 0.0 
5212 261 0.0 
5213 83 0.0 
5214 44 0.0 
5215 112 0.0 
5216 113 0.0 
5216 113 0.0 
5216 113 0.0 
5216 113 0.0 
5217 8 0.0 
5217 8 0.0 
5217 128 0.0 
5217 164 0.0306083671749 
5217 327 0.0 
5218 3 0.0 
5218 4 0.0 
5218 8 0.0 
5218 8 0.0 
5218 12 0.0 
5218 28 0.0 
5218 28 0.0 
5218 30 0.0 
5218 30 0.0 
5218 54 0.0 
5218 70 0.0 
5218 83 0.0 
5218 103 0.0 
5218 113 0.0 
5218 113 0.0 
5218 113 0.0 
5218 113 0.0 
5218 113 0.0 
5218 124 0.0 
5218 124 0.0 
5218 173 0.0 
5218 173 0.0 
5218 231 0.0 
5218 231 0.0 
5218 243 0.0 
5218 248 0.011320669204 
5218 248 0.00714254705235 
5218 285 0.0 
5218 307 0.0 
5218 307 0.0 
5218 308 0.0 
5218 308 0.0 
5218 336 0.0 
5218 337 0.0 
5218 340 0.0 
5218 340 0.0 
5218 340 0.0 
5218 340 0.0 
5218 340 0.0 
5218 340 0.0 
5218 351 0.0 
5218 352 0.0 
5219 155 0.0 
5220 113 0.0 
5220 113 0.0 
5220 113 0.0 
5220 113 0.0 
5221 8 0.0 
5221 113 0.0 
5221 113 0.0 
5221 113 0.0301647670567 
5221 128 0.0 
5221 249 0.0117249786854 
5221 249 0.00739763816819 
5221 249 0.00739763816819 
5221 282 0.0 
5221 298 0.0 
5221 306 0.0 
5221 307 0.0 
5221 321 0.0 
5221 340 0.0 
5221 352 0.0 
5221 352 0.0 
5221 352 0.0 
5222 323 0.00618309993297 
5223 8 0.0 
5223 8 0.00825910456479 
5223 8 0.0 
5223 8 0.0 
5223 290 0.0 
5223 307 0.0 
5224 336 0.0 
5225 299 0.0 
5225 299 0.0 
5225 299 0.0 
5225 299 0.0 
5225 299 0.0 
5226 204 0.0 
5227 3 0.0 
5227 3 0.0 
5227 7 0.0 
5227 8 0.0 
5227 8 0.0 
5227 28 0.0 
5227 124 0.0 
5227 124 0.0 
5227 139 0.0 
5227 279 0.0 
5227 279 0.0 
5227 288 0.0 
5227 288 0.0 
5227 292 0.0 
5227 307 0.0 
5227 331 0.0 
5227 331 0.0 
5227 331 0.0 
5227 337 0.0 
5227 337 0.0 
5227 353 0.0 
5228 3 0.0 
5229 113 0.0 
5229 113 0.0 
5230 254 0.0 
5231 7 0.0 
5232 285 0.0 
5232 285 0.0 
5232 285 0.0 
5232 285 0.0 
5232 285 0.0 
5232 285 0.0 
5232 285 0.0 
5233 185 0.0 
5234 113 0.0 
5235 8 0.0 
5235 28 0.0 
5235 28 0.0 
5235 28 0.0 
5235 28 0.0 
5235 121 0.0 
5235 139 0.0 
5235 160 0.0 
5235 160 0.0 
5235 173 0.0 
5235 231 0.0 
5235 231 0.0 
5235 231 0.0 
5235 231 0.0 
5235 231 0.00739763816819 
5235 260 0.0 
5235 269 0.0 
5235 308 0.0 
5235 308 0.0 
5235 351 0.0 
5235 355 0.0 
5236 350 0.0 
5237 24 0.0 
5237 256 0.0 
5237 258 0.0 
5237 264 0.0 
5237 272 0.0 
5237 273 0.0 
5237 275 0.0 
5237 279 0.0 
5237 282 0.0 
5237 283 0.0 
5237 285 0.0 
5237 289 0.0 
5237 291 0.0 
5237 293 0.0 
5237 299 0.0 
5237 304 0.0 
5237 305 0.0 
5237 306 0.0 
5237 307 0.0 
5237 308 0.0 
5237 309 0.0 
5237 310 0.0 
5237 311 0.0 
5237 312 0.0 
5237 313 0.0 
5237 314 0.0 
5237 315 0.0 
5237 316 0.0 
5237 317 0.0 
5237 318 0.0 
5237 319 0.0 
5237 320 0.0 
5237 321 0.0 
5237 322 0.0 
5237 323 0.0 
5237 324 0.0 
5237 325 0.0 
5237 327 0.0 
5237 328 0.0 
5237 331 0.0 
5237 332 0.0 
5237 334 0.0 
5237 335 0.0 
5237 336 0.0 
5237 337 0.0 
5237 338 0.0 
5237 339 0.0 
5237 340 0.0 
5237 342 0.0 
5237 350 0.0 
5237 351 0.0 
5237 352 0.0 
5238 105 0.0 
5238 105 0.0 
5238 105 0.0 
5238 199 0.0 
5239 336 0.0 
5239 336 0.0 
5239 336 0.0 
5239 336 0.0 
5240 98 0.0 
5241 265 0.0 
5241 280 0.0 
5242 1 0.0 
5242 1 0.0 
5242 2 0.0 
5242 2 0.0 
5242 2 0.0 
5242 2 0.0 
5242 2 0.0 
5242 2 0.0 
5242 7 0.0 
5242 7 0.0 
5242 7 0.0 
5242 7 0.0 
5242 7 0.0 
5242 7 0.0 
5242 7 0.0 
5242 7 0.0 
5242 8 0.0 
5242 8 0.0 
5242 8 0.0 
5242 8 0.0 
5242 12 0.0 
5242 12 0.0 
5242 12 0.0 
5242 12 0.0 
5242 21 0.0 
5242 21 0.0 
5242 21 0.0 
5242 21 0.0 
5242 21 0.0 
5242 21 0.0 
5242 21 0.0 
5242 21 0.0 
5242 21 0.0 
5242 21 0.0 
5242 21 0.0 
5242 21 0.0 
5242 22 0.0 
5242 22 0.0 
5242 22 0.0 
5242 22 0.0 
5242 22 0.0 
5242 22 0.0 
5242 22 0.0 
5242 22 0.0 
5242 22 0.0 
5242 22 0.0 
5242 38 0.0 
5242 38 0.0 
5242 38 0.0 
5242 38 0.0 
5242 38 0.0 
5242 38 0.0 
5242 38 0.0 
5242 38 0.0 
5242 61 0.0 
5242 61 0.0 
5242 66 0.0 
5242 66 0.0 
5242 66 0.0 
5242 66 0.0 
5242 66 0.0 
5242 66 0.0 
5242 95 0.0 
5242 95 0.0 
5242 95 0.0 
5242 95 0.0 
5242 95 0.0 
5242 95 0.0 
5242 95 0.0 
5242 95 0.0 
5242 95 0.0 
5242 95 0.0 
5242 95 0.0 
5242 95 0.0 
5242 96 0.0 
5242 96 0.0 
5242 96 0.0 
5242 96 0.0 
5242 97 0.0 
5242 97 0.0 
5242 97 0.0 
5242 97 0.0 
5242 97 0.0 
5242 97 0.0 
5242 97 0.0 
5242 97 0.0 
5242 97 0.0 
5242 97 0.0 
5242 97 0.0 
5242 97 0.0 
5242 97 0.0 
5242 97 0.0 
5242 98 0.0 
5242 98 0.0 
5242 98 0.0 
5242 98 0.0 
5242 100 0.0 
5242 100 0.0 
5242 100 0.0 
5242 100 0.0 
5242 102 0.0 
5242 102 0.0 
5242 102 0.0 
5242 102 0.0 
5242 115 0.0 
5242 115 0.0 
5242 115 0.0 
5242 115 0.0 
5242 117 0.0 
5242 117 0.0 
5242 117 0.0 
5242 117 0.0 
5242 118 0.0 
5242 118 0.0 
5242 118 0.0 
5242 118 0.0 
5242 128 0.0 
5242 128 0.0 
5242 163 0.0 
5242 163 0.0 
5242 163 0.0 
5242 163 0.0 
5242 191 0.0 
5242 191 0.0 
5242 191 0.0 
5242 191 0.0 
5242 194 0.0 
5242 194 0.0 
5242 194 0.0 
5242 194 0.0 
5242 197 0.0 
5242 197 0.0 
5242 197 0.0 
5242 197 0.0 
5242 202 0.0 
5242 202 0.0 
5242 202 0.0 
5242 202 0.0 
5242 205 0.0 
5242 205 0.0 
5242 205 0.0 
5242 205 0.0 
5242 206 0.0 
5242 206 0.0 
5242 206 0.0 
5242 206 0.0 
5242 209 0.0 
5242 209 0.0 
5242 209 0.0 
5242 209 0.0 
5242 210 0.0 
5242 210 0.0 
5242 210 0.0 
5242 210 0.0 
5242 218 0.0 
5242 218 0.0 
5242 218 0.0 
5242 218 0.0 
5242 219 0.0 
5242 219 0.0 
5242 219 0.0 
5242 219 0.0 
5242 220 0.0 
5242 220 0.0 
5242 220 0.0 
5242 220 0.0 
5242 221 0.0 
5242 221 0.0 
5242 221 0.0 
5242 221 0.0 
5242 222 0.0 
5242 222 0.0 
5242 222 0.0 
5242 222 0.0 
5242 223 0.0 
5242 223 0.0 
5242 223 0.0 
5242 223 0.0 
5242 224 0.0 
5242 224 0.0 
5242 224 0.0 
5242 224 0.0 
5242 225 0.0 
5242 225 0.0 
5242 225 0.0 
5242 225 0.0 
5242 226 0.0 
5242 226 0.0 
5242 226 0.0 
5242 226 0.0 
5242 228 0.0 
5242 228 0.0 
5242 228 0.0 
5242 228 0.0 
5242 228 0.0 
5242 228 0.0 
5242 228 0.0 
5242 228 0.0 
5242 229 0.0 
5242 229 0.0 
5242 229 0.0 
5242 229 0.0 
5242 229 0.0 
5242 229 0.0 
5242 229 0.0 
5242 229 0.0 
5242 230 0.0 
5242 230 0.0 
5242 230 0.0 
5242 230 0.0 
5242 230 0.0 
5242 230 0.0 
5242 230 0.0 
5242 230 0.0 
5242 231 0.0 
5242 231 0.0 
5242 231 0.0 
5242 231 0.0 
5242 231 0.0 
5242 231 0.0 
5242 231 0.0 
5242 231 0.0 
5242 232 0.0 
5242 232 0.0 
5242 232 0.0 
5242 232 0.0 
5242 233 0.0 
5242 233 0.0 
5242 233 0.0 
5242 233 0.0 
5242 234 0.0 
5242 234 0.0 
5242 234 0.0 
5242 234 0.0 
5242 234 0.0 
5242 234 0.0 
5242 234 0.0 
5242 234 0.0 
5242 238 0.0 
5242 238 0.0 
5242 238 0.0 
5242 238 0.0 
5242 238 0.0 
5242 238 0.0 
5242 238 0.0 
5242 238 0.0 
5242 243 0.0 
5242 243 0.0 
5242 243 0.0 
5242 243 0.0 
5242 243 0.0 
5242 243 0.0 
5242 243 0.0 
5242 243 0.0 
5242 244 0.0 
5242 244 0.0 
5242 244 0.0 
5242 244 0.0 
5242 244 0.0 
5242 244 0.0 
5242 244 0.0 
5242 244 0.0 
5242 245 0.0 
5242 245 0.0 
5242 245 0.0 
5242 245 0.0 
5242 246 0.0 
5242 246 0.0 
5242 246 0.0 
5242 246 0.0 
5242 247 0.0 
5242 247 0.0 
5242 247 0.0 
5242 247 0.0 
5242 248 0.0 
5242 248 0.0 
5242 248 0.0 
5242 248 0.0 
5242 249 0.0 
5242 249 0.0 
5242 249 0.0 
5242 249 0.0 
5242 250 0.0 
5242 250 0.0 
5242 250 0.0 
5242 250 0.0 
5242 251 0.0 
5242 251 0.0 
5242 251 0.0 
5242 251 0.0 
5242 251 0.0 
5242 251 0.0 
5242 251 0.0 
5242 251 0.0 
5242 253 0.0 
5242 253 0.0 
5242 253 0.0 
5242 253 0.0 
5242 253 0.0 
5242 253 0.0 
5242 253 0.0 
5242 253 0.0 
5242 254 0.0 
5242 254 0.0 
5242 254 0.0 
5242 254 0.0 
5242 254 0.0 
5242 254 0.0 
5242 254 0.0 
5242 254 0.0 
5242 255 0.0 
5242 255 0.0 
5242 260 0.0 
5242 260 0.0 
5242 260 0.0 
5242 260 0.0 
5242 260 0.0 
5242 260 0.0 
5242 260 0.0 
5242 260 0.0 
5242 260 0.0 
5242 260 0.0 
5242 260 0.0 
5242 260 0.0 
5242 260 0.0 
5242 260 0.0 
5242 260 0.0 
5242 260 0.0 
5242 269 0.0 
5242 269 0.0 
5242 269 0.0 
5242 269 0.0 
5242 269 0.0 
5242 269 0.0 
5242 269 0.0 
5242 269 0.0 
5242 269 0.0 
5242 269 0.0 
5242 269 0.0 
5242 269 0.0 
5242 269 0.0 
5242 269 0.0 
5242 269 0.0 
5242 269 0.0 
5242 270 0.0 
5242 270 0.0 
5242 270 0.0 
5242 270 0.0 
5242 270 0.00381813570857 
5242 270 0.00381813570857 
5242 271 0.00609217211604 
5242 271 0.0 
5242 271 0.0 
5242 271 0.0 
5242 271 0.0 
5242 271 0.00609217211604 
5242 276 0.0 
5242 276 0.0 
5242 280 0.0 
5242 280 0.0 
5242 288 0.0 
5242 288 0.0 
5242 290 0.0 
5242 290 0.0 
5242 290 0.0 
5242 290 0.0 
5242 294 0.0 
5242 294 0.0 
5242 294 0.0 
5242 294 0.0 
5242 304 0.0 
5242 304 0.0 
5242 305 0.0 
5242 305 0.0 
5242 329 0.0 
5242 329 0.0 
5243 54 0.0 
5244 1 0.0193117279559 
5244 7 0.0 
5244 7 0.0 
5244 61 0.187599658966 
5245 7 0.0 
5245 7 0.0 
5245 8 0.0 
5245 8 0.0 
5245 8 0.0 
5245 83 0.0 
5245 83 0.0 
5245 83 0.0 
5245 113 0.0 
5245 166 0.0 
5245 173 0.0 
5245 173 0.0 
5245 173 0.0 
5245 228 0.0 
5245 228 0.0 
5245 243 0.0 
5245 260 0.0 
5245 269 0.0 
5245 299 0.0 
5245 355 0.0 
5246 336 0.0 
5246 336 0.0 
5246 336 0.0 
5247 173 0.0 
5247 338 0.0 
5247 340 0.0 
5248 110 0.00178352091461 
5248 303 0.0 
5249 233 0.0 
5250 301 0.0 
5251 109 0.0 
5252 299 0.0 
5252 299 0.0 
5253 113 0.0 
5253 113 0.0 
5254 340 0.0 
5255 154 0.0 
5255 154 0.0 
5256 305 0.0 
5257 211 0.0 
5257 223 0.0 
5257 225 0.0 
5257 226 0.0 
5257 232 0.0 
5258 7 0.0 
5258 7 0.0 
5259 354 0.0 
5259 354 0.0 
5260 305 0.0 
5261 159 0.0 
5262 162 0.0 
5262 211 0.0 
5262 211 0.0 
5262 211 0.0 
5263 159 0.0 
5263 301 0.0 
5263 301 0.0 
5263 301 0.0 
5264 162 0.0 
5264 162 0.0 
5265 301 0.0 
5266 234 0.0 
5266 234 0.0 
5266 238 0.0 
5266 238 0.0 
5266 338 0.0 
5266 338 0.0 
5266 350 0.0 
5267 83 0.0 
5268 279 0.0 
5268 283 0.0 
5268 283 0.0 
5268 283 0.0 
5268 312 0.0 
5269 16 0.0 
5269 16 0.0 
5269 25 0.0 
5269 113 0.0 
5269 192 0.0 
5269 192 0.0 
5269 306 0.0 
5269 330 0.0 
5269 333 0.0 
5269 341 0.0 
5269 343 0.0 
5269 345 0.0 
5269 353 0.0 
5269 354 0.0 
5269 355 0.0 
5269 356 -0.0 
5270 322 0.0 
5271 228 0.0 
5272 113 0.0 
5272 113 0.0 
5273 354 0.0 
5274 28 0.0 
5274 75 0.0 
5274 234 0.0 
5274 238 0.0 
5274 254 0.0 
5274 254 0.0 
5274 282 0.0 
5274 282 0.0 
5274 287 0.0 
5274 294 0.0 
5274 298 0.0 
5274 298 0.0 
5274 321 0.0 
5274 321 0.0 
5274 321 0.0 
5274 321 0.0 
5274 321 0.0 
5274 321 0.0 
5274 321 0.0 
5274 321 0.0 
5274 322 0.0 
5274 331 0.0 
5274 355 0.0 
5275 43 0.0 
5275 43 0.0 
5275 43 0.0 
5275 43 0.0 
5275 43 0.0 
5275 43 0.0 
5275 43 0.0 
5276 48 0.0 
5277 16 0.0 
5277 17 0.0 
5277 19 0.0 
5277 132 0.0 
5277 135 0.0 
5277 138 0.0 
5277 142 0.0 
5277 143 0.0 
5277 144 0.0 
5277 146 0.0 
5277 151 0.0 
5277 156 0.0 
5277 167 0.0 
5277 192 0.0 
5277 196 0.0 
5277 207 0.0 
5277 212 0.0 
5278 113 0.0 
5279 11 0.0 
5279 218 0.0 
5279 259 0.0 
5279 308 0.0 
5279 310 0.0 
5280 44 0.0 
5281 113 0.0 
5282 8 0.0 
5282 8 0.0 
5282 108 0.0 
5282 108 0.0 
5282 355 0.0 
5283 83 0.207133859396 
5284 321 0.0 
5285 113 0.0 
5286 299 0.0 
5287 8 0.0 
5287 8 0.0 
5287 48 0.0 
5287 109 0.0 
5287 113 0.0 
5287 113 0.0 
5287 121 0.0 
5287 121 0.0 
5287 121 0.0 
5287 121 0.0 
5287 173 0.0 
5287 229 0.0 
5287 229 0.0 
5287 230 0.0 
5287 230 0.0 
5287 299 0.0 
5287 336 0.0 
5287 340 0.0 
5287 340 0.0 
5287 340 0.0 
5287 340 0.0 
5288 113 0.0 
5289 199 0.0 
5290 113 0.0 
5290 309 0.0 
5290 350 0.0 
5291 24 0.0 
5291 256 0.0 
5291 258 0.0 
5291 264 0.0 
5291 272 0.0 
5291 273 0.0 
5291 275 0.0 
5291 279 0.0 
5291 282 0.0 
5291 283 0.0 
5291 285 0.0 
5291 289 0.0 
5291 291 0.0 
5291 293 0.0 
5291 299 0.0 
5291 304 0.0 
5291 305 0.0 
5291 306 0.0 
5291 307 0.0 
5291 308 0.0 
5291 309 0.0 
5291 310 0.0 
5291 311 0.0 
5291 312 0.0 
5291 313 0.0 
5291 314 0.0 
5291 315 0.0 
5291 316 0.0 
5291 317 0.0 
5291 318 0.0 
5291 319 0.0 
5291 320 0.0 
5291 321 0.0 
5291 322 0.0 
5291 323 0.0 
5291 324 0.0 
5291 325 0.0 
5291 327 0.0 
5291 328 0.0 
5291 331 0.0 
5291 332 0.0 
5291 334 0.0 
5291 335 0.0 
5291 336 0.0 
5291 337 0.0 
5291 338 0.0 
5291 339 0.0 
5291 340 0.0 
5291 342 0.0 
5291 350 0.0 
5291 351 0.0 
5291 352 0.0 
5292 113 0.0 
5293 350 0.0 
5294 18 0.0 
5294 18 0.0 
5294 18 0.00375199317932 
5294 18 0.0 
5294 18 0.0 
5294 18 0.0 
5294 18 0.0 
5294 18 0.0 
5294 18 0.0 
5294 25 0.0 
5294 113 0.0 
5294 113 0.0 
5294 139 0.0 
5294 139 0.0 
5294 139 0.0 
5294 139 0.0 
5294 139 0.0 
5294 139 0.0 
5294 139 0.0 
5294 155 0.00773743074387 
5294 155 0.00773743074387 
5294 155 0.00773743074387 
5294 160 0.0 
5294 160 0.0 
5294 160 0.0106192296371 
5294 160 0.0 
5294 160 0.0 
5294 160 0.0 
5294 166 0.0 
5294 166 0.0 
5294 166 0.0 
5294 166 0.0 
5294 166 0.0 
5294 166 0.0 
5294 170 0.0 
5294 176 0.0 
5294 189 0.0 
5294 189 0.0 
5294 189 0.00452826777473 
5294 189 0.0 
5294 189 0.0 
5294 190 0.0093093868345 
5294 190 0.0 
5294 190 0.0 
5294 204 0.0 
5294 204 0.0 
5294 204 0.0 
5294 204 0.00910478550941 
5294 302 0.0 
5294 302 0.0 
5294 330 0.0 
5294 333 0.0 
5294 341 0.0 
5294 343 0.0 
5294 345 0.0 
5294 353 0.0 
5294 354 0.0 
5294 355 0.0 
5294 356 -0.0 
5295 113 0.0 
5295 113 0.0 
5295 113 0.0 
5295 113 0.0 
5295 124 0.0 
5295 124 0.0 
5295 340 0.0 
5296 34 0.0 
5297 231 0.0 
5298 185 0.0 
5298 185 0.0 
5298 185 0.0 
5299 352 0.0 
5300 8 0.00825910456479 
5300 113 0.0 
5300 113 0.0 
5300 113 0.0 
5300 124 0.0 
5300 124 0.0 
5300 281 0.0 
5300 282 0.0 
5300 282 0.00133634754457 
5300 282 0.0 
5300 288 0.0 
5300 288 0.0 
5300 288 0.0 
5300 288 0.0 
5300 288 0.0 
5300 288 0.00118871650193 
5300 292 0.0 
5300 334 0.0 
5300 334 0.0 
5300 340 0.0 
5300 340 0.0 
5300 340 0.0 
5300 340 0.0 
5300 340 0.0 
5300 340 0.0 
5300 340 0.0 
5300 351 0.0 
5300 352 0.0 
5301 7 0.0 
5302 124 0.0 
5303 307 0.0 
5303 308 0.0 
5303 308 0.0 
5304 11 0.0 
5305 38 0.0 
5306 5 0.0 
5306 5 0.0 
5306 28 0.0 
5306 28 0.0 
5306 113 0.0 
5306 222 0.0 
5306 231 0.0 
5306 279 0.0 
5306 299 0.0 
5306 307 0.0 
5306 340 0.0 
5306 355 0.0 
5307 309 0.0 
5307 350 0.0 
5308 279 0.0 
5309 340 0.0 
5309 340 0.0 
5309 340 0.0 
5309 340 0.0 
5310 72 0.207133859396 
5310 101 0.00854160264134 
5311 299 0.0 
5311 336 0.0 
5312 299 0.0 
5312 299 0.0 
5313 124 0.0 
5314 38 0.0 
5314 282 0.0 
5315 38 0.0 
5315 38 0.0 
5316 7 0.0 
5316 28 0.0 
5316 113 0.0 
5316 113 0.0 
5316 113 0.0 
5316 113 0.0 
5316 113 0.0 
5316 113 0.0 
5316 113 0.0 
5316 124 0.0 
5316 137 0.0 
5316 139 0.0 
5316 340 0.0 
5316 340 0.0 
5316 340 0.0 
5316 354 0.0 
5316 355 0.0 
5316 355 0.0 
5316 355 0.0 
5317 38 0.0 
5318 346 0.0 
5319 346 0.0 
5320 1 0.0193117279559 
5320 9 0.00448190327734 
5320 10 0.00220335158519 
5320 10 0.00220335158519 
5320 28 0.0 
5320 61 0.187599658966 
5320 80 0.656598806381 
5320 85 0.0051097185351 
5320 85 0.0051097185351 
5320 86 0.0625332221389 
5320 86 0.0625332221389 
5320 86 0.0625332221389 
5320 91 0.0257489737123 
5320 91 0.0257489737123 
5320 93 0.011519276537 
5320 111 0.0 
5320 173 0.0 
5321 228 0.0 
5321 281 0.0 
5321 313 0.0 
5322 8 0.0 
5322 8 0.00825910456479 
5322 28 0.0 
5322 28 0.0 
5322 28 0.0 
5322 290 0.0 
5322 299 0.0 
5323 113 0.0 
5324 113 0.0 
5325 113 0.0 
5326 3 0.0 
5326 5 0.0 
5326 44 0.0 
5326 113 0.0 
5326 113 0.0 
5326 113 0.0301647670567 
5326 113 0.0 
5326 141 0.0 
5326 355 0.0 
5326 355 0.0 
5326 355 0.0 
5327 299 0.0 
5328 4 0.0 
5328 4 0.0 
5328 4 0.0 
5328 4 0.0 
5328 4 0.0 
5328 111 0.0 
5328 111 0.0 
5328 111 0.0 
5328 111 0.0 
5328 124 0.0 
5328 128 0.0 
5328 128 0.0 
5328 128 0.0 
5328 128 0.0 
5328 281 0.0 
5328 299 0.0 
5328 352 0.0 
5329 28 0.0 
5330 173 0.0 
5330 305 0.0 
5331 75 0.0 
5331 83 0.0 
5332 350 0.0 
5333 8 0.0 
5333 11 0.0 
5333 13 0.0 
5333 14 0.00837753992528 
5333 16 0.0 
5333 17 0.0 
5333 18 0.00594676844776 
5333 19 0.0 
5333 22 0.0 
5333 24 0.0 
5333 25 0.0 
5333 27 0.0 
5333 32 0.0 
5333 41 0.0 
5333 43 0.0 
5333 48 0.0 
5333 77 0.0 
5333 87 0.0 
5333 88 0.0 
5333 90 0.0 
5333 92 0.0 
5333 94 0.0 
5333 99 0.0 
5333 103 0.0 
5333 104 0.0051497942768 
5333 106 0.00573379872367 
5333 107 0.00484039308503 
5333 108 0.00367733021267 
5333 109 0.00612167315558 
5333 111 0.00853020045906 
5333 112 0.000252838770393 
5333 113 0.0301647670567 
5333 114 0.0106764035299 
5333 116 0.0104222027585 
5333 119 0.0231263209134 
5333 120 0.00264805206098 
5333 121 0.0277515854686 
5333 122 0.0231263209134 
5333 123 0.000307037087623 
5333 124 0.0 
5333 125 0.0216809269041 
5333 126 0.0216809269041 
5333 127 0.000317960424582 
5333 128 0.0236519183964 
5333 129 0.0204055774957 
5333 130 0.020207464695 
5333 131 0.00809871219099 
5333 132 0.0 
5333 133 0.0 
5333 134 0.00800526514649 
5333 135 0.0 
5333 136 0.0 
5333 137 0.0 
5333 138 0.0 
5333 139 0.019452046603 
5333 140 0.0175093002617 
5333 141 0.0 
5333 142 0.0 
5333 143 0.0 
5333 144 0.0 
5333 145 0.00809871219099 
5333 146 0.0 
5333 147 0.018751071766 
5333 148 0.0179428346455 
5333 149 0.0242019649595 
5333 150 0.0080361738801 
5333 151 0.0 
5333 152 0.0115631604567 
5333 153 0.00720196869224 
5333 154 0.00732876360416 
5333 155 0.00773743074387 
5333 156 0.0 
5333 157 0.0210239291191 
5333 158 0.0216809269041 
5333 159 0.00386153790168 
5333 160 0.0106192296371 
5333 161 0.0099112810567 
5333 162 0.00551763689145 
5333 164 0.0306083671749 
5333 165 0.0022284463048 
5333 166 0.00634563714266 
5333 167 0.0 
5333 168 0.0107287056744 
5333 169 0.00715247076005 
5333 170 0.0109545728192 
5333 171 0.0116277588531 
5333 172 0.00169216981158 
5333 173 0.0174904949963 
5333 174 0.0136932171881 
5333 175 0.00426510022953 
5333 176 0.0169216971844 
5333 177 0.0108972201124 
5333 178 0.0118935368955 
5333 179 0.00654518511146 
5333 180 0.00673582218587 
5333 181 0.010840463452 
5333 182 0.0110711120069 
5333 183 0.010840463452 
5333 184 0.00628324225545 
5333 187 0.00656583253294 
5333 188 0.00440967967734 
5333 189 0.00717713404447 
5333 190 0.0147550292313 
5333 192 0.0 
5333 193 0.0145910847932 
5333 195 0.0060681309551 
5333 196 0.0 
5333 198 0.0036324064713 
5333 199 0.0109545728192 
5333 200 0.0110125336796 
5333 201 0.0145910847932 
5333 203 0.00544861005619 
5333 204 0.0144307427108 
5333 207 0.0 
5333 211 0.00356398802251 
5333 212 0.0 
5333 213 0.0547165647149 
5333 214 0.0 
5333 216 0.00261150416918 
5333 217 0.00401589460671 
5333 227 0.00140750012361 
5333 228 0.0 
5333 229 0.0 
5333 230 0.0 
5333 231 0.0 
5333 234 0.0 
5333 235 0.0109545728192 
5333 236 0.018495740369 
5333 238 0.0 
5333 239 0.020844405517 
5333 243 0.0 
5333 244 0.0 
5333 251 0.0 
5333 252 0.00428265193477 
5333 253 0.0 
5333 254 0.0 
5333 256 0.0 
5333 258 0.0 
5333 262 0.0104222027585 
5333 264 0.0 
5333 267 0.0257489737123 
5333 272 0.0 
5333 273 0.0 
5333 274 0.00429149530828 
5333 275 0.0 
5333 277 0.0107287056744 
5333 278 0.0018366399454 
5333 279 0.0 
5333 282 0.0 
5333 283 0.0 
5333 285 0.0 
5333 286 0.0042775166221 
5333 289 0.0 
5333 291 0.0 
5333 293 0.0 
5333 295 0.0158216580749 
5333 296 0.0 
5333 297 0.00279999501072 
5333 299 0.0 
5333 300 0.0137839000672 
5333 301 0.00441904226318 
5333 302 0.0118306083605 
5333 304 0.0 
5333 305 0.0 
5333 306 0.0 
5333 307 0.0 
5333 308 0.0 
5333 309 0.0 
5333 310 0.0 
5333 311 0.0 
5333 312 0.0 
5333 313 0.0 
5333 314 0.0 
5333 315 0.0 
5333 316 0.0 
5333 317 0.0 
5333 318 0.0 
5333 319 0.0 
5333 320 0.0 
5333 321 0.0 
5333 322 0.0 
5333 323 0.0 
5333 324 0.0 
5333 325 0.0 
5333 326 0.00246378523298 
5333 327 0.0 
5333 328 0.0 
5333 330 0.0 
5333 331 0.0 
5333 332 0.0 
5333 333 0.0 
5333 334 0.0 
5333 335 0.0 
5333 336 0.0 
5333 337 0.0 
5333 338 0.0 
5333 339 0.0 
5333 340 0.0 
5333 341 0.0 
5333 342 0.0 
5333 343 0.0 
5333 345 0.0 
5333 346 0.0238763187081 
5333 347 0.0 
5333 348 0.0139689184725 
5333 349 0.00025013287086 
5333 350 0.0 
5333 351 0.0 
5333 352 0.0 
5333 353 0.0 
5333 354 0.0 
5333 355 0.0 
5333 356 -0.0 
5334 89 0.0 
5335 306 0.0 
5336 128 0.0 
5337 350 0.0 
5338 299 0.0 
5338 350 0.0 
5339 199 0.0 
5340 338 0.0 
5340 338 0.0 
5341 113 0.0 
5342 44 0.0 
5343 113 0.0 
5344 336 0.0 
5345 44 0.0 
5346 354 0.0 
5347 340 0.0 
5347 355 0.0 
5348 350 0.0 
5349 176 0.0 
5350 28 0.0 
5350 48 0.0 
5350 48 0.0 
5350 48 0.0 
5350 111 0.0 
5350 111 0.0 
5350 113 0.0 
5350 124 0.0 
5350 124 0.0 
5350 124 0.0 
5350 124 0.0 
5350 336 0.0 
5350 350 0.0 
5350 350 0.0 
5350 350 0.0 
5350 350 0.0 
5351 336 0.0 
5352 107 0.0 
5352 107 0.0 
5352 111 0.0 
5352 128 0.0 
5352 128 0.0 
5352 128 0.0 
5353 113 0.0 
5353 113 0.0 
5353 113 0.0 
5353 113 0.0 
5353 113 0.0 
5353 113 0.0 
5353 113 0.0 
5353 113 0.0 
5353 113 0.0 
5353 113 0.0 
5353 113 0.0 
5353 113 0.0 
5353 113 0.0 
5353 113 0.0 
5353 113 0.0 
5353 113 0.0 
5353 113 0.0 
5353 113 0.0 
5353 113 0.0 
5353 113 0.0 
5353 113 0.0 
5353 113 0.0 
5353 113 0.0 
5353 113 0.0 
5353 113 0.0 
5353 113 0.0 
5353 113 0.0 
5353 113 0.0 
5353 113 0.0 
5353 113 0.0 
5353 113 0.0 
5353 113 0.0 
5353 113 0.0 
5353 113 0.0 
5353 113 0.0 
5353 113 0.0 
5353 113 0.0 
5353 113 0.0 
5353 113 0.0 
5353 113 0.0301647670567 
5353 113 0.0 
5353 113 0.0 
5353 113 0.0 
5353 113 0.0 
5353 113 0.0 
5353 113 0.0 
5353 113 0.0 
5353 113 0.0 
5353 113 0.0 
5353 113 0.0 
5353 113 0.0 
5353 113 0.0 
5353 113 0.0 
5353 113 0.0 
5353 113 0.0 
5353 113 0.0 
5353 113 0.0301647670567 
5353 196 0.0 
5353 196 0.0 
5353 196 0.0 
5353 196 0.00920594949275 
5353 243 0.0 
5353 299 0.0 
5353 305 0.0 
5353 306 0.0 
5353 306 0.0 
5354 281 0.0 
5354 305 0.0 
5354 321 0.0 
5354 332 0.0 
5354 332 0.0 
5354 332 0.0 
5354 332 0.0 
5354 336 0.0 
5354 336 0.0 
5354 336 0.0 
5354 336 0.0 
5354 336 0.00098517886363 
5354 336 0.0 
5354 336 0.00098517886363 
5354 336 0.0 
5354 336 0.0 
5354 336 0.0 
5354 336 0.0 
5354 336 0.0 
5355 338 0.0 
5356 13 0.0 
5357 14 0.0 
5357 104 0.0 
5357 106 0.0 
5357 107 0.0 
5357 108 0.0 
5357 109 0.0 
5357 111 0.0 
5357 112 0.0 
5357 113 0.0 
5357 114 0.0 
5357 116 0.0 
5357 119 0.0 
5357 120 0.0 
5357 121 0.0 
5357 122 0.0 
5357 123 0.0 
5357 125 0.0 
5357 126 0.0 
5357 127 0.0 
5357 128 0.0 
5357 129 0.0 
5357 130 0.0 
5357 131 0.0 
5357 134 0.0 
5357 140 0.0 
5357 145 0.0 
5357 147 0.0 
5357 148 0.0 
5357 149 0.0 
5357 150 0.0 
5357 158 0.0 
5357 159 0.0 
5357 162 0.0 
5357 165 0.0 
5357 168 0.0 
5357 174 0.0 
5357 175 0.0 
5357 177 0.0 
5357 187 0.0 
5357 193 0.0 
5357 195 0.0 
5357 211 0.0 
5357 239 0.0 
5357 277 0.0 
5357 301 0.0 
5357 349 0.0 
5358 8 0.0 
5359 113 0.0 
5359 113 0.0 
5359 113 0.0 
5360 299 0.0 
5361 251 0.0 
5361 351 0.0 
5362 8 0.0 
5362 25 0.0 
5362 25 0.0 
5362 25 0.0 
5362 113 0.0 
5362 229 0.0 
5362 230 0.0 
5362 299 0.0 
5362 299 0.0 
5362 330 0.0 
5362 330 0.0 
5362 330 0.0 
5362 333 0.0 
5362 333 0.0 
5362 333 0.0 
5362 341 0.0 
5362 341 0.0 
5362 341 0.0 
5362 343 0.0 
5362 343 0.0 
5362 343 0.0 
5362 345 0.0 
5362 345 0.0 
5362 345 0.0 
5362 353 0.0 
5362 353 0.0 
5362 353 0.0 
5362 354 0.0 
5362 354 0.0 
5362 354 0.0 
5362 355 0.0 
5362 355 0.0 
5362 355 0.0 
5362 355 0.0 
5362 356 -0.0 
5362 356 -0.0 
5362 356 -0.0 
5363 27 0.0 
5364 124 0.0 
5365 7 0.0 
5365 7 0.0 
5365 22 0.0 
5365 28 0.0 
5365 28 0.0 
5365 28 0.0 
5365 28 0.0 
5365 48 0.0 
5365 83 0.0 
5365 83 0.0 
5365 121 0.0 
5365 121 0.0 
5365 128 0.0 
5365 139 0.0 
5365 139 0.0 
5365 164 0.0 
5365 164 0.0 
5365 166 0.0 
5365 166 0.0 
5365 166 0.0 
5365 166 0.0 
5365 173 0.0 
5365 173 0.0 
5365 173 0.0 
5365 180 0.0 
5365 181 0.0 
5365 188 0.0 
5365 212 0.0 
5365 260 0.0 
5365 269 0.0 
5365 271 0.0 
5365 306 0.0 
5365 327 0.0 
5365 327 0.0 
5365 327 0.0 
5365 327 0.0 
5365 331 0.0 
5365 331 0.0 
5365 335 0.0 
5365 338 0.0 
5365 351 0.0 
5365 351 0.0 
5365 355 0.0 
5365 355 0.0 
5365 355 0.0 
5365 355 0.0 
5366 113 0.0 
5367 3 0.0 
5367 5 0.0 
5367 54 0.0 
5367 58 0.0 
5367 113 0.0 
5367 113 0.0 
5367 124 0.0 
5367 124 0.0 
5367 124 0.0 
5367 279 0.0 
5367 289 0.0 
5367 299 0.0 
5367 299 0.0 
5367 299 0.0 
5367 305 0.0 
5367 334 0.0 
5367 334 0.0 
5367 334 0.000772167230025 
5367 334 0.0 
5367 334 0.000772167230025 
5367 350 0.0 
5368 48 0.0 
5369 196 0.0 
5370 1 0.0 
5370 10 0.0 
5370 30 0.0 
5370 33 0.00323646655306 
5370 61 0.0 
5370 66 0.0 
5370 70 0.0 
5370 82 0.0 
5370 85 0.0 
5370 86 0.0 
5370 86 0.0 
5370 86 0.0 
5370 91 0.0 
5370 91 0.0 
5370 91 0.0 
5370 91 0.0 
5370 93 0.0 
5370 93 0.0 
5370 93 0.0 
5370 103 0.0 
5370 103 0.0 
5370 103 0.0 
5370 110 0.00112527643796 
5370 111 0.0 
5370 124 0.0 
5370 124 0.0 
5370 124 0.0 
5370 209 0.0 
5370 254 0.0 
5370 263 0.0 
5370 271 0.0 
5370 280 0.0 
5370 336 0.0 
5370 336 0.0 
5371 299 0.0 
5372 8 0.00825910456479 
5372 11 0.0 
5372 12 0.0 
5372 25 0.0 
5372 103 0.02851190418 
5372 103 0.0 
5372 111 0.0 
5372 111 0.0 
5372 111 0.0 
5372 111 0.0 
5372 111 0.0 
5372 111 0.0 
5372 111 0.0 
5372 111 0.0 
5372 124 0.0 
5372 124 0.0 
5372 128 0.0 
5372 128 0.0 
5372 128 0.0 
5372 128 0.0 
5372 128 0.0 
5372 128 0.0 
5372 128 0.0 
5372 128 0.0 
5372 128 0.0 
5372 128 0.0 
5372 160 0.0 
5372 218 0.0 
5372 234 0.0 
5372 238 0.0 
5372 254 0.0 
5372 254 0.0 
5372 281 0.0 
5372 290 0.0 
5372 299 0.0 
5372 299 0.0 
5372 299 0.0 
5372 309 0.0 
5372 322 0.0 
5372 330 0.0 
5372 331 0.0 
5372 333 0.0 
5372 334 0.0 
5372 334 0.0 
5372 334 0.0 
5372 334 0.0 
5372 335 0.0 
5372 335 0.0 
5372 335 0.0 
5372 337 0.0 
5372 337 0.0 
5372 337 0.0 
5372 338 0.0 
5372 338 0.0 
5372 338 0.0 
5372 338 0.0 
5372 338 0.0 
5372 339 0.0 
5372 341 0.0 
5372 343 0.0 
5372 345 0.0 
5372 350 0.0 
5372 350 0.0 
5372 351 0.0 
5372 353 0.0 
5372 354 0.0 
5372 355 0.0 
5372 355 0.0 
5372 356 -0.0 
5373 305 0.0 
5374 128 0.0 
5374 128 0.0 
5374 128 0.0 
5374 310 0.0 
5374 339 0.0 
5374 339 0.0 
5374 339 0.0 
5374 339 0.0 
5374 339 0.0 
5374 339 0.0 
5375 199 0.0 
5376 113 0.0 
5377 128 0.0236519183964 
5377 128 0.0236519183964 
5377 128 0.0236519183964 
5377 128 0.0 
5377 128 0.0 
5378 113 0.0 
5378 124 0.0 
5378 124 0.0 
5378 299 0.0 
5379 44 0.0 
5379 254 0.0 
5380 313 0.0 
5381 44 0.0 
5381 121 0.0 
5381 160 0.0106192296371 
5381 160 0.0 
5381 160 0.0 
5381 192 0.0 
5381 196 0.0 
5381 350 0.0 
5382 124 0.0 
5382 124 0.0 
5382 124 0.0 
5383 7 0.0 
5383 8 0.0 
5383 8 0.0 
5383 8 0.0 
5383 8 0.0 
5383 8 0.0 
5383 8 0.0 
5383 8 0.0 
5383 8 0.00825910456479 
5383 8 0.00825910456479 
5383 8 0.0 
5383 8 0.0 
5383 8 0.0 
5383 8 0.0 
5383 8 0.0 
5383 8 0.0 
5383 8 0.00825910456479 
5383 8 0.00825910456479 
5383 8 0.0 
5383 8 0.0 
5383 8 0.0 
5383 8 0.0 
5383 8 0.0 
5383 8 0.0 
5383 8 0.0 
5383 28 0.0 
5383 28 0.0 
5383 99 0.00854160264134 
5383 99 0.0 
5383 139 0.0 
5383 166 0.0 
5383 173 0.0 
5383 173 0.0 
5383 181 0.0 
5383 188 0.0 
5383 189 0.0 
5383 212 0.0 
5383 228 0.0 
5383 231 0.0 
5383 282 0.0 
5383 282 0.0 
5383 282 0.0 
5383 282 0.0 
5383 282 0.0 
5383 282 0.0 
5383 311 0.0 
5383 350 0.0 
5383 350 0.0 
5383 350 0.0 
5383 350 0.0 
5383 350 0.0 
5383 350 0.0 
5383 350 0.0 
5383 350 0.0 
5384 48 0.0 
5385 113 0.0 
5386 113 0.0 
5386 113 0.0 
5386 113 0.0 
5386 113 0.0 
5386 113 0.0 
5386 113 0.0 
5387 28 0.0 
5388 350 0.0 
5388 350 0.0 
5388 350 0.0 
5389 1 0.0193117279559 
5389 4 0.0 
5389 8 0.00825910456479 
5389 8 0.0 
5389 8 0.0 
5389 9 0.00448190327734 
5389 10 0.00220335158519 
5389 10 0.00220335158519 
5389 13 0.0 
5389 13 0.00377355632372 
5389 13 0.0 
5389 13 0.0 
5389 13 0.0 
5389 13 0.0 
5389 13 0.0 
5389 13 0.0 
5389 13 0.0 
5389 13 0.0 
5389 28 0.0 
5389 61 0.187599658966 
5389 75 0.0 
5389 80 0.656598806381 
5389 85 0.0051097185351 
5389 85 0.0051097185351 
5389 86 0.0625332221389 
5389 86 0.0625332221389 
5389 93 0.011519276537 
5389 93 0.011519276537 
5389 93 0.011519276537 
5389 93 0.011519276537 
5389 111 0.0 
5389 111 0.0 
5389 113 0.0 
5389 113 0.0 
5389 113 0.0 
5389 121 0.0 
5389 121 0.0 
5389 141 0.0 
5389 164 0.0306083671749 
5389 166 0.0 
5389 173 0.0 
5389 173 0.0 
5389 173 0.0 
5389 181 0.0 
5389 217 0.0 
5389 232 0.0118306083605 
5389 232 0.00746428314596 
5389 281 0.0 
5389 282 0.0 
5389 299 0.0 
5389 299 0.0 
5389 299 0.0 
5389 299 0.0 
5389 342 0.0 
5390 28 0.0 
5391 113 0.0 
5392 18 0.0 
5392 18 0.0 
5393 113 0.0 
5393 113 0.0 
5393 228 0.0 
5394 290 0.0 
5395 30 0.0 
5395 30 0.0 
5395 30 0.0 
5395 38 0.0 
5395 38 0.0 
5395 70 0.0 
5395 93 0.0 
5395 93 0.0 
5395 93 0.0 
5395 93 0.0 
5395 111 0.0 
5395 111 0.0 
5396 166 0.0 
5397 93 0.011519276537 
5397 93 0.011519276537 
5397 124 0.0 
5397 124 0.0 
5397 124 0.0 
5397 124 0.0 
5397 124 0.0 
5397 124 0.0 
5397 124 0.0 
5397 124 0.0 
5397 124 0.0 
5397 124 0.0 
5398 113 0.0 
5399 113 0.0 
5400 44 0.0 
5401 113 0.0 
5401 113 0.0 
5401 113 0.0 
5401 113 0.0 
5401 113 0.0 
5401 139 0.0 
5401 139 0.0 
5401 306 0.0 
5401 322 0.0 
5401 350 0.0 
5401 350 0.0 
5402 113 0.0 
5402 299 0.0 
5403 217 0.0 
5404 113 0.0 
5404 113 0.0 
5404 299 0.0 
5404 350 0.0 
5405 113 0.0 
5406 113 0.0 
5407 354 0.0 
5408 5 0.0 
5408 113 0.0 
5409 350 0.0 
5410 354 0.0 
5411 12 0.0 
5411 14 0.00837753992528 
5411 18 0.00594676844776 
5411 21 0.0 
5411 75 0.0 
5411 83 0.0 
5411 95 0.0 
5411 96 0.0 
5411 98 0.0 
5411 100 0.0 
5411 102 0.0 
5411 104 0.0051497942768 
5411 105 0.0 
5411 106 0.00573379872367 
5411 107 0.00484039308503 
5411 108 0.00367733021267 
5411 109 0.00612167315558 
5411 111 0.00853020045906 
5411 112 0.000252838770393 
5411 113 0.0301647670567 
5411 114 0.0106764035299 
5411 115 0.0 
5411 116 0.0104222027585 
5411 117 0.0 
5411 118 0.0 
5411 119 0.0231263209134 
5411 120 0.00264805206098 
5411 121 0.0277515854686 
5411 122 0.0231263209134 
5411 123 0.000307037087623 
5411 125 0.0216809269041 
5411 126 0.0216809269041 
5411 127 0.000317960424582 
5411 128 0.0236519183964 
5411 129 0.0204055774957 
5411 130 0.020207464695 
5411 131 0.00809871219099 
5411 133 0.0 
5411 134 0.00800526514649 
5411 136 0.0 
5411 139 0.019452046603 
5411 140 0.0175093002617 
5411 145 0.00809871219099 
5411 147 0.018751071766 
5411 148 0.0179428346455 
5411 149 0.0242019649595 
5411 150 0.0080361738801 
5411 152 0.0115631604567 
5411 153 0.00720196869224 
5411 154 0.00732876360416 
5411 157 0.0210239291191 
5411 158 0.0216809269041 
5411 159 0.00386153790168 
5411 160 0.0106192296371 
5411 161 0.0099112810567 
5411 162 0.00551763689145 
5411 163 0.0 
5411 165 0.0022284463048 
5411 166 0.00634563714266 
5411 168 0.0107287056744 
5411 169 0.00715247076005 
5411 170 0.0109545728192 
5411 171 0.0116277588531 
5411 172 0.00169216981158 
5411 173 0.0174904949963 
5411 174 0.0136932171881 
5411 175 0.00426510022953 
5411 176 0.0169216971844 
5411 177 0.0108972201124 
5411 178 0.0118935368955 
5411 179 0.00654518511146 
5411 180 0.00673582218587 
5411 181 0.010840463452 
5411 182 0.0110711120069 
5411 183 0.010840463452 
5411 184 0.00628324225545 
5411 187 0.00656583253294 
5411 188 0.00440967967734 
5411 189 0.00717713404447 
5411 191 0.0 
5411 193 0.0145910847932 
5411 194 0.0 
5411 195 0.0060681309551 
5411 197 0.0 
5411 198 0.0036324064713 
5411 199 0.0109545728192 
5411 200 0.0110125336796 
5411 201 0.0145910847932 
5411 202 0.0 
5411 203 0.00544861005619 
5411 204 0.0144307427108 
5411 205 0.0 
5411 206 0.0 
5411 209 0.0 
5411 210 0.0 
5411 211 0.00356398802251 
5411 213 0.0547165647149 
5411 216 0.00261150416918 
5411 217 0.00401589460671 
5411 218 0.0 
5411 219 0.0 
5411 220 0.0 
5411 221 0.0 
5411 222 0.0 
5411 223 0.0 
5411 224 0.0 
5411 225 0.0 
5411 226 0.0 
5411 227 0.00140750012361 
5411 232 0.0 
5411 233 0.0 
5411 235 0.0109545728192 
5411 236 0.018495740369 
5411 237 0.0 
5411 239 0.020844405517 
5411 240 0.0 
5411 241 0.0 
5411 242 0.0 
5411 245 0.0 
5411 246 0.0 
5411 247 0.0 
5411 248 0.0 
5411 249 0.0 
5411 250 0.0 
5411 252 0.00428265193477 
5411 262 0.0104222027585 
5411 267 0.0257489737123 
5411 268 0.0 
5411 274 0.00429149530828 
5411 277 0.0107287056744 
5411 278 0.0018366399454 
5411 286 0.0042775166221 
5411 294 0.0 
5411 295 0.0158216580749 
5411 297 0.00279999501072 
5411 300 0.0137839000672 
5411 301 0.00441904226318 
5411 302 0.0118306083605 
5411 326 0.00246378523298 
5411 346 0.0238763187081 
5411 348 0.0139689184725 
5411 349 0.00025013287086 
5412 12 0.0 
5412 12 0.0 
5412 94 0.0 
5412 209 0.0 
5412 209 0.0 
5412 210 0.00746010337025 
5412 218 0.0 
5412 219 0.0 
5412 219 0.0 
5412 244 0.0 
5412 244 0.0 
5412 257 0.0 
5412 259 0.0 
5412 261 0.0 
5412 265 0.0 
5412 280 0.0 
5412 280 0.0 
5413 231 0.0 
5413 281 0.00131305132527 
5413 281 0.0 
5414 67 0.0 
5415 192 0.0 
5416 327 0.0 
5416 350 0.0 
5417 306 0.0 
5418 279 0.0 
5419 354 0.0 
5419 355 0.0 
5420 113 0.0 
5420 113 0.0 
5420 113 0.0 
5421 350 0.0 
5422 111 0.0 
5422 111 0.0 
5423 113 0.0 
5423 113 0.0 
5423 113 0.0 
5423 113 0.0 
5423 121 0.0 
5424 24 0.0 
5424 256 0.0 
5424 258 0.0 
5424 264 0.0 
5424 272 0.0 
5424 273 0.0 
5424 275 0.0 
5424 279 0.0 
5424 282 0.0 
5424 283 0.0 
5424 285 0.0 
5424 285 0.0 
5424 289 0.0 
5424 291 0.0 
5424 293 0.0 
5424 299 0.0 
5424 304 0.0 
5424 305 0.0 
5424 305 0.0 
5424 306 0.0 
5424 307 0.0 
5424 308 0.0 
5424 309 0.0 
5424 310 0.0 
5424 311 0.0 
5424 312 0.0 
5424 313 0.0 
5424 314 0.0 
5424 315 0.0 
5424 316 0.0 
5424 317 0.0 
5424 318 0.0 
5424 319 0.0 
5424 320 0.0 
5424 321 0.0 
5424 322 0.0 
5424 323 0.0 
5424 324 0.0 
5424 325 0.0 
5424 327 0.0 
5424 328 0.0 
5424 331 0.0 
5424 332 0.0 
5424 334 0.0 
5424 335 0.0 
5424 336 0.0 
5424 337 0.0 
5424 338 0.0 
5424 339 0.0 
5424 340 0.0 
5424 342 0.0 
5424 350 0.0 
5424 351 0.0 
5424 352 0.0 
5425 34 0.0 
5426 1 0.0 
5426 1 0.0 
5426 9 0.0 
5426 10 0.0 
5426 12 0.0 
5426 21 0.00442154100165 
5426 21 0.0 
5426 21 0.00442154100165 
5426 23 0.00253374734893 
5426 61 0.0 
5426 61 0.0 
5426 70 0.0 
5426 70 0.0 
5426 80 0.0 
5426 85 0.0 
5426 86 0.0 
5426 95 0.00986351724714 
5426 95 0.0 
5426 96 0.0 
5426 97 0.00733629940078 
5426 98 0.0 
5426 100 0.437732547522 
5426 100 0.0 
5426 102 0.0 
5426 102 0.000842007575557 
5426 111 0.0 
5426 115 0.0 
5426 115 0.0190318487585 
5426 117 0.00662828376517 
5426 117 0.0 
5426 118 0.0 
5426 118 0.0145910838619 
5426 124 0.0 
5426 124 0.0 
5426 128 0.0 
5426 128 0.0 
5426 128 0.0 
5426 128 0.0 
5426 128 0.0 
5426 163 0.0 
5426 191 0.0 
5426 194 0.0 
5426 197 0.0 
5426 202 0.0 
5426 205 0.0 
5426 206 0.0 
5426 209 0.0 
5426 209 0.0 
5426 209 0.0 
5426 209 0.0 
5426 210 0.0 
5426 210 0.0 
5426 218 0.0 
5426 218 0.0 
5426 219 0.0 
5426 219 0.0 
5426 219 0.0 
5426 219 0.0 
5426 220 0.00311479484662 
5426 220 0.0 
5426 221 0.0 
5426 221 0.0 
5426 221 0.0 
5426 222 0.0 
5426 222 0.0 
5426 222 0.0 
5426 222 0.00733217224479 
5426 222 0.00733217224479 
5426 222 0.0116212181747 
5426 223 0.0 
5426 224 0.0 
5426 225 0.0 
5426 226 0.0 
5426 232 0.0 
5426 233 0.0 
5426 237 0.0 
5426 237 0.00230385549366 
5426 240 0.0 
5426 240 0.0110471388325 
5426 241 0.0 
5426 241 0.0162457935512 
5426 242 0.0 
5426 242 0.00122271664441 
5426 245 0.0 
5426 246 0.0 
5426 247 0.0 
5426 248 0.0 
5426 249 0.0 
5426 250 0.0 
5426 253 0.0 
5426 259 0.0 
5426 260 0.0 
5426 265 0.0 
5426 268 0.00311479484662 
5426 268 0.0 
5426 269 0.0 
5426 281 0.0 
5426 283 0.0 
5426 294 0.0 
5426 294 0.0 
5426 294 0.0 
5426 294 0.0 
5426 299 0.0 
5426 308 0.0 
5426 312 0.0 
5426 334 0.0 
5426 334 0.0 
5426 335 0.0 
5426 335 0.0 
5426 337 0.0 
5426 337 0.0 
5426 337 0.000392857007682 
5426 337 0.0 
5426 337 0.0 
5426 337 0.0 
5426 337 0.0 
5426 337 0.000392857007682 
5426 337 0.0 
5426 338 0.0016704343725 
5426 338 0.0 
5426 338 0.0 
5426 338 0.0 
5426 338 0.0 
5426 338 0.0 
5426 338 0.0016704343725 
5426 338 0.0 
5426 338 0.0 
5426 338 0.0 
5426 338 0.0 
5426 338 0.0 
5426 338 0.0 
5426 338 0.0 
5426 338 0.0 
5426 338 0.0 
5426 338 0.0 
5426 350 0.0 
5426 351 0.0 
5426 351 0.0 
5427 299 0.0 
5427 299 0.0 
5427 299 0.0 
5427 354 0.0 
5428 103 0.0 
5428 124 0.0 
5428 299 0.0 
5429 299 0.0 
5430 350 0.0 
5430 354 0.0 
5431 133 0.0 
5431 136 0.0 
5432 338 0.0 
5432 338 0.0 
5433 321 0.0 
5434 113 0.0 
5434 231 0.0 
5434 281 0.0 
5434 282 0.0 
5434 287 0.0 
5434 298 0.0 
5435 211 0.0 
5435 211 0.0 
5436 25 0.0 
5436 113 0.0 
5436 113 0.0 
5436 139 0.0 
5436 173 0.0 
5436 189 0.0 
5436 248 0.00714254705235 
5436 269 0.0 
5436 269 0.00268134451471 
5436 281 0.0 
5436 281 0.0 
5436 281 0.0 
5436 281 0.0 
5436 281 0.00131305132527 
5436 281 0.0 
5436 281 0.0 
5436 281 0.0 
5436 281 0.0 
5436 281 0.0 
5436 287 0.0 
5436 330 0.0 
5436 333 0.0 
5436 336 0.0 
5436 341 0.0 
5436 343 0.0 
5436 345 0.0 
5436 353 0.0 
5436 354 0.0 
5436 354 0.0 
5436 354 0.00120809336659 
5436 354 0.0 
5436 354 0.0 
5436 355 0.0 
5436 355 0.0 
5436 355 0.0 
5436 355 0.0 
5436 355 0.0 
5436 355 0.0 
5436 355 0.0 
5436 355 0.0 
5436 355 0.0 
5436 355 0.0 
5436 355 0.0 
5436 355 0.0 
5436 355 0.0 
5436 355 0.0 
5436 355 0.0 
5436 355 0.0 
5436 356 -0.0 
5437 311 0.0 
5438 246 0.0 
5438 247 0.0 
5438 248 0.0 
5439 204 0.0 
5439 204 0.00910478550941 
5440 245 0.0 
5441 28 0.0 
5441 261 0.0 
5442 1 0.0193117279559 
5442 61 0.187599658966 
5443 113 0.0 
5443 113 0.0 
5443 113 0.0 
5443 290 0.0 
5443 290 0.0 
5443 292 0.0 
5443 294 0.0 
5443 298 0.0 
5444 8 0.0 
5444 8 0.0 
5444 8 0.0 
5444 8 0.0 
5444 108 0.0 
5444 108 0.0 
5444 108 0.0 
5444 108 0.0 
5444 108 0.0 
5444 108 0.0 
5444 111 0.0 
5444 128 0.0 
5444 128 0.0 
5444 128 0.0 
5444 128 0.0 
5444 243 0.0 
5444 259 0.0 
5444 265 0.0 
5444 281 0.0 
5444 304 0.000737131165806 
5444 304 0.0 
5444 310 0.0 
5444 310 0.0 
5444 332 0.0 
5444 332 0.0 
5444 332 0.0 
5444 336 0.0 
5444 336 0.0 
5444 336 0.0 
5444 336 0.0 
5444 350 0.0 
5445 8 0.0 
5445 113 0.0 
5445 113 0.0 
5445 113 0.0 
5445 113 0.0 
5445 113 0.0 
5445 113 0.0 
5445 113 0.0 
5445 124 0.0 
5445 124 0.0 
5445 128 0.0236519183964 
5445 128 0.0 
5445 128 0.0 
5445 128 0.0 
5445 128 0.0 
5445 340 0.0 
5446 3 0.0 
5446 3 0.0 
5446 4 0.0 
5446 4 0.0 
5446 5 0.0 
5446 7 0.0 
5446 8 0.0 
5446 8 0.0 
5446 8 0.0 
5446 16 0.0 
5446 17 0.0 
5446 19 0.0 
5446 75 0.0 
5446 83 0.0 
5446 103 0.0 
5446 108 0.0 
5446 113 0.0 
5446 124 0.0 
5446 124 0.0 
5446 124 0.0 
5446 124 0.0 
5446 124 0.0 
5446 128 0.0 
5446 128 0.0 
5446 128 0.0 
5446 128 0.0 
5446 128 0.0 
5446 128 0.0 
5446 128 0.0 
5446 128 0.0 
5446 128 0.0 
5446 128 0.0 
5446 128 0.0 
5446 128 0.0 
5446 128 0.0 
5446 128 0.0 
5446 128 0.0 
5446 128 0.0 
5446 128 0.0 
5446 128 0.0 
5446 128 0.0 
5446 128 0.0 
5446 128 0.0 
5446 132 0.0 
5446 135 0.0 
5446 138 0.0 
5446 142 0.0 
5446 143 0.0 
5446 144 0.0 
5446 146 0.0 
5446 151 0.0 
5446 156 0.0 
5446 167 0.0 
5446 192 0.0 
5446 196 0.0 
5446 207 0.0 
5446 212 0.0 
5446 231 0.0 
5446 251 0.0 
5446 260 0.0 
5446 269 0.0 
5446 294 0.0 
5446 298 0.0 
5446 336 0.0 
5446 338 0.0 
5446 338 0.0 
5446 338 0.0 
5446 350 0.0 
5446 354 0.0 
5447 1 0.0 
5447 1 0.0 
5447 1 0.0193117279559 
5447 1 0.0193117279559 
5447 3 0.0 
5447 3 0.0 
5447 3 0.0 
5447 3 0.0 
5447 3 0.0 
5447 3 0.0 
5447 3 0.0 
5447 3 0.0 
5447 4 0.0 
5447 4 0.0 
5447 4 0.0 
5447 4 0.0 
5447 5 0.0 
5447 5 0.0 
5447 5 0.0 
5447 5 0.0 
5447 5 0.0 
5447 5 0.0 
5447 8 0.0 
5447 21 0.0 
5447 25 0.0 
5447 28 0.0 
5447 28 0.0 
5447 28 0.0 
5447 28 0.0 
5447 30 0.0 
5447 61 0.187599658966 
5447 61 0.187599658966 
5447 61 0.0 
5447 61 0.0 
5447 77 0.0 
5447 81 0.00920594949275 
5447 83 0.0 
5447 83 0.0 
5447 93 0.0 
5447 95 0.0 
5447 103 0.0 
5447 107 0.0 
5447 107 0.0 
5447 109 0.0 
5447 109 0.0 
5447 109 0.0 
5447 109 0.00386234582402 
5447 111 0.0 
5447 111 0.0 
5447 111 0.0 
5447 111 0.0 
5447 111 0.0 
5447 111 0.0 
5447 113 0.0 
5447 113 0.0 
5447 113 0.0 
5447 113 0.0301647670567 
5447 113 0.0 
5447 113 0.0 
5447 113 0.0 
5447 113 0.0 
5447 121 0.0 
5447 121 0.0 
5447 124 0.0 
5447 124 0.0 
5447 124 0.0 
5447 125 0.0 
5447 128 0.0 
5447 128 0.0 
5447 128 0.0 
5447 128 0.0 
5447 128 0.0 
5447 128 0.0 
5447 128 0.0 
5447 128 0.0 
5447 128 0.0 
5447 128 0.0 
5447 128 0.0 
5447 128 0.0 
5447 128 0.0 
5447 128 0.0 
5447 128 0.0 
5447 128 0.0 
5447 128 0.0 
5447 128 0.0 
5447 128 0.0 
5447 128 0.0 
5447 128 0.0 
5447 139 0.0 
5447 153 0.0 
5447 166 0.0 
5447 166 0.0 
5447 166 0.0 
5447 173 0.0 
5447 173 0.0 
5447 173 0.0 
5447 200 0.00694813532755 
5447 209 0.0 
5447 228 0.00347406766377 
5447 228 0.0 
5447 228 0.0 
5447 228 0.0 
5447 228 0.0 
5447 228 0.0 
5447 228 0.0 
5447 231 0.00739763816819 
5447 231 0.0 
5447 231 0.0 
5447 231 0.0 
5447 255 0.0 
5447 255 0.0 
5447 270 0.0 
5447 270 0.0 
5447 270 0.0 
5447 270 0.0 
5447 270 0.00381813570857 
5447 270 0.0 
5447 270 0.0 
5447 270 0.0 
5447 270 0.0 
5447 270 0.0 
5447 270 0.0 
5447 279 0.0 
5447 279 0.0 
5447 279 0.0 
5447 281 0.0 
5447 281 0.0 
5447 282 0.0 
5447 283 0.0 
5447 283 0.0 
5447 284 0.0 
5447 285 0.0 
5447 289 0.0 
5447 289 0.0 
5447 289 0.0 
5447 289 0.0 
5447 290 0.0 
5447 291 0.0 
5447 291 0.0 
5447 294 0.0 
5447 294 0.0 
5447 298 0.0 
5447 299 0.0 
5447 299 0.0 
5447 299 0.0 
5447 299 0.0 
5447 299 0.0 
5447 299 0.0 
5447 303 0.0 
5447 305 0.0 
5447 305 0.0 
5447 305 0.0 
5447 306 0.0 
5447 306 0.0 
5447 307 0.0 
5447 307 0.0 
5447 308 0.0 
5447 308 0.0 
5447 308 0.0 
5447 308 0.0 
5447 308 0.0 
5447 308 0.0 
5447 308 0.0 
5447 308 0.0 
5447 308 0.0 
5447 308 0.0 
5447 309 0.0 
5447 309 0.0 
5447 309 0.0 
5447 309 0.0 
5447 309 0.0 
5447 311 0.0 
5447 311 0.0 
5447 311 0.0 
5447 311 0.0 
5447 312 0.0 
5447 312 0.0 
5447 329 0.0 
5447 330 0.0 
5447 333 0.0 
5447 340 0.0 
5447 340 0.0 
5447 340 0.0 
5447 340 0.0 
5447 340 0.0 
5447 340 0.0 
5447 340 0.0 
5447 340 0.0 
5447 340 0.0 
5447 340 0.0 
5447 340 0.0 
5447 340 0.0 
5447 340 0.0 
5447 340 0.0 
5447 340 0.0 
5447 340 0.0 
5447 340 0.0 
5447 340 0.0 
5447 340 0.0 
5447 340 0.0 
5447 340 0.0 
5447 340 0.0 
5447 340 0.0 
5447 340 0.0 
5447 340 0.0 
5447 340 0.0 
5447 340 0.0 
5447 340 0.0 
5447 340 0.0 
5447 340 0.0 
5447 340 0.0 
5447 340 0.0 
5447 340 0.0 
5447 340 0.0 
5447 340 0.0 
5447 340 0.0 
5447 340 0.0 
5447 340 0.0 
5447 340 0.0 
5447 340 0.0 
5447 340 0.0 
5447 340 0.0 
5447 340 0.0 
5447 340 0.0 
5447 340 0.0 
5447 340 0.0 
5447 340 0.0 
5447 340 0.0 
5447 340 0.0 
5447 340 0.0 
5447 340 0.0 
5447 340 0.0 
5447 340 0.0 
5447 340 0.0 
5447 340 0.0 
5447 340 0.0 
5447 340 0.0 
5447 340 0.0 
5447 341 0.0 
5447 343 0.0 
5447 345 0.0 
5447 350 0.0 
5447 350 0.0 
5447 350 0.0 
5447 350 0.0 
5447 351 0.0 
5447 352 0.0 
5447 352 0.0 
5447 352 0.0 
5447 352 0.0 
5447 352 0.0 
5447 352 0.0 
5447 353 0.0 
5447 354 0.0 
5447 355 0.0 
5447 355 0.0 
5447 356 -0.0 
5448 354 0.0 
5449 332 0.0 
5450 28 0.0 
5451 292 0.0 
5451 292 0.0 
5452 299 0.0 
5453 124 0.0 
5454 124 0.0 
5455 121 0.0 
5456 231 0.0 
5457 139 0.0 
5457 166 0.0 
5458 7 0.0 
5458 12 0.0 
5458 16 0.0 
5458 16 0.0 
5458 18 0.0 
5458 18 0.0 
5458 107 0.0 
5458 107 0.0 
5458 108 0.0 
5458 108 0.0 
5458 108 0.0 
5458 108 0.0 
5458 108 0.0 
5458 108 0.0 
5458 108 0.0 
5458 128 0.0 
5458 128 0.0 
5458 128 0.0236519183964 
5458 128 0.0 
5458 128 0.0 
5458 128 0.0236519183964 
5458 128 0.0 
5458 128 0.0 
5458 128 0.0 
5458 128 0.0 
5458 128 0.0 
5458 128 0.0 
5458 128 0.0 
5458 128 0.0 
5458 128 0.0 
5458 212 0.0 
5458 212 0.0 
5458 212 0.0 
5458 212 0.0 
5458 212 0.0 
5458 227 0.0 
5458 227 0.0 
5458 227 0.0 
5458 265 0.0 
5458 265 0.0 
5458 307 0.0 
5458 311 0.0 
5458 311 0.0 
5458 313 0.0 
5458 340 0.0 
5459 113 0.0 
5459 113 0.0 
5459 113 0.0 
5459 113 0.0 
5459 113 0.0 
5459 113 0.0 
5460 5 0.0 
5460 5 0.0 
5460 7 0.0 
5460 7 0.0 
5460 7 0.0 
5460 7 0.0 
5460 10 0.00220335158519 
5460 24 0.0 
5460 25 0.0 
5460 25 0.0 
5460 28 0.0 
5460 28 0.0 
5460 28 0.0 
5460 28 0.0 
5460 28 0.0 
5460 28 0.0 
5460 28 0.0 
5460 28 0.0 
5460 28 0.0 
5460 30 0.0 
5460 38 0.0 
5460 48 0.0 
5460 52 0.0 
5460 52 0.0 
5460 58 0.0 
5460 70 0.0 
5460 85 0.0051097185351 
5460 86 0.0625332221389 
5460 107 0.0 
5460 113 0.0 
5460 113 0.0 
5460 113 0.0 
5460 124 0.0 
5460 139 0.0 
5460 160 0.0 
5460 160 0.0 
5460 166 0.0 
5460 173 0.0 
5460 173 0.0 
5460 189 0.0 
5460 189 0.0 
5460 189 0.0 
5460 217 0.0 
5460 217 0.0 
5460 217 0.0 
5460 228 0.0 
5460 228 0.0 
5460 228 0.0 
5460 228 0.0 
5460 228 0.0 
5460 228 0.0 
5460 228 0.0 
5460 228 0.0 
5460 228 0.0 
5460 228 0.0 
5460 256 0.0 
5460 258 0.0 
5460 259 0.0 
5460 264 0.0 
5460 272 0.0 
5460 273 0.0 
5460 275 0.0 
5460 279 0.0 
5460 282 0.0 
5460 283 0.0 
5460 285 0.0 
5460 286 0.00269881240092 
5460 289 0.0 
5460 291 0.0 
5460 293 0.0 
5460 299 0.0 
5460 302 0.0 
5460 304 0.0 
5460 305 0.0 
5460 306 0.0 
5460 307 0.0 
5460 308 0.0 
5460 309 0.0 
5460 309 0.0 
5460 310 0.0 
5460 311 0.0 
5460 312 0.0 
5460 313 0.0 
5460 314 0.0 
5460 315 0.0 
5460 316 0.0 
5460 317 0.0 
5460 318 0.0 
5460 319 0.0 
5460 320 0.0 
5460 321 0.0 
5460 322 0.0 
5460 323 0.0 
5460 324 0.0 
5460 325 0.0 
5460 327 0.0 
5460 328 0.0 
5460 330 0.0 
5460 330 0.0 
5460 331 0.0 
5460 332 0.0 
5460 333 0.0 
5460 333 0.0 
5460 334 0.0 
5460 335 0.0 
5460 336 0.0 
5460 336 0.0 
5460 336 0.0 
5460 336 0.0 
5460 336 0.0 
5460 336 0.0 
5460 336 0.0 
5460 336 0.0 
5460 336 0.0 
5460 336 0.0 
5460 336 0.0 
5460 336 0.0 
5460 337 0.0 
5460 338 0.0 
5460 339 0.0 
5460 340 0.0 
5460 340 0.0 
5460 341 0.0 
5460 341 0.0 
5460 342 0.0 
5460 343 0.0 
5460 343 0.0 
5460 345 0.0 
5460 345 0.0 
5460 350 0.0 
5460 350 0.0 
5460 350 0.0 
5460 350 0.0 
5460 351 0.0 
5460 351 0.0 
5460 352 0.0 
5460 353 0.0 
5460 353 0.0 
5460 354 0.0 
5460 354 0.0 
5460 354 0.0 
5460 354 0.0 
5460 354 0.0 
5460 354 0.0 
5460 355 0.0 
5460 355 0.0 
5460 355 0.0 
5460 355 0.0 
5460 355 0.0 
5460 355 0.0 
5460 355 0.0 
5460 355 0.0 
5460 355 0.0 
5460 355 0.0 
5460 355 0.0 
5460 356 -0.0 
5460 356 -0.0 
5461 113 0.0 
5461 113 0.0 
5462 332 0.0 
5463 154 0.0 
5464 124 0.0 
5465 14 0.0 
5465 14 0.0 
5466 109 0.0 
5467 1 0.0193117279559 
5467 5 0.0 
5467 7 0.0 
5467 16 0.00296432850882 
5467 16 0.0 
5467 44 0.0 
5467 61 0.187599658966 
5467 113 0.0 
5467 113 0.0 
5467 139 0.0 
5467 176 0.0 
5467 190 0.0 
5467 190 0.0093093868345 
5467 192 0.0 
5467 192 0.0105903036892 
5467 243 0.0 
5467 246 0.0118306083605 
5467 246 0.00746428314596 
5467 246 0.00746428314596 
5467 305 0.0 
5467 355 0.0 
5467 355 0.0 
5467 355 0.0 
5467 355 0.0 
5468 283 0.0 
5468 307 0.0 
5468 340 0.0 
5468 351 0.0 
5469 190 0.0 
5470 44 0.0 
5471 139 0.0 
5471 139 0.0 
5472 113 0.0 
5472 113 0.0 
5472 113 0.0301647670567 
5472 160 0.0 
5472 160 0.0 
5472 160 0.0106192296371 
5472 160 0.0 
5472 160 0.0 
5472 160 0.0 
5472 173 0.0 
5472 173 0.0 
5472 188 0.0 
5472 288 0.0 
5472 322 0.0 
5472 332 0.0 
5472 340 0.0 
5473 354 0.0 
5474 8 0.0 
5474 8 0.0 
5474 8 0.0 
5474 8 0.0 
5474 8 0.0 
5474 8 0.00825910456479 
5474 8 0.0 
5474 8 0.0 
5474 8 0.0 
5474 8 0.0 
5474 8 0.0 
5474 8 0.0 
5474 8 0.0 
5474 8 0.0 
5474 14 0.0 
5474 28 0.0 
5474 28 0.0 
5474 28 0.0 
5474 28 0.0 
5474 28 0.0 
5474 28 0.0 
5474 28 0.0 
5474 28 0.0 
5474 28 0.0 
5474 28 0.0 
5474 66 0.0 
5474 77 0.0 
5474 82 0.0 
5474 108 0.0 
5474 108 0.0 
5474 108 0.0 
5474 111 0.0 
5474 111 0.0 
5474 111 0.0 
5474 111 0.0 
5474 112 0.0 
5474 112 0.0 
5474 113 0.0 
5474 113 0.0 
5474 139 0.0 
5474 139 0.0 
5474 139 0.0 
5474 139 0.0 
5474 139 0.0 
5474 148 0.011320669204 
5474 162 0.0 
5474 162 0.0 
5474 162 0.0 
5474 162 0.0 
5474 162 0.0 
5474 162 0.0 
5474 162 0.0 
5474 162 0.0 
5474 162 0.0 
5474 162 0.0 
5474 162 0.0 
5474 162 0.0 
5474 162 0.0 
5474 162 0.0 
5474 162 0.0 
5474 162 0.0 
5474 162 0.00348124140874 
5474 162 0.0 
5474 162 0.0 
5474 162 0.0 
5474 162 0.0 
5474 162 0.0 
5474 166 0.0 
5474 166 0.0 
5474 166 0.0 
5474 166 0.0 
5474 166 0.0 
5474 166 0.0 
5474 173 0.0 
5474 189 0.0 
5474 211 0.0 
5474 211 0.0 
5474 211 0.0 
5474 211 0.0 
5474 211 0.0 
5474 211 0.0 
5474 211 0.0 
5474 211 0.0 
5474 211 0.0 
5474 211 0.0 
5474 211 0.0 
5474 211 0.0 
5474 211 0.0 
5474 211 0.0 
5474 211 0.0 
5474 211 0.0 
5474 211 0.0 
5474 211 0.0 
5474 211 0.0 
5474 211 0.0 
5474 211 0.0 
5474 211 0.0 
5474 211 0.0 
5474 211 0.0 
5474 211 0.0 
5474 211 0.0 
5474 211 0.0 
5474 211 0.0 
5474 211 0.0 
5474 211 0.0 
5474 228 0.0 
5474 228 0.0 
5474 228 0.0 
5474 228 0.0 
5474 243 0.0 
5474 243 0.0 
5474 243 0.0 
5474 243 0.0 
5474 243 0.0 
5474 243 0.0 
5474 243 0.0 
5474 243 0.0 
5474 243 0.0 
5474 243 0.0 
5474 243 0.0 
5474 243 0.00278219813481 
5474 243 0.00278219813481 
5474 243 0.0 
5474 243 0.0 
5474 243 0.0 
5474 243 0.0 
5474 243 0.0 
5474 243 0.0 
5474 243 0.0 
5474 243 0.0 
5474 263 0.0 
5474 350 0.0 
5474 350 0.0 
5475 113 0.0 
5475 113 0.0 
5475 340 0.0 
5476 4 0.0 
5476 12 0.0 
5476 21 0.0 
5476 95 0.0 
5476 96 0.0 
5476 98 0.0 
5476 100 0.0 
5476 102 0.0 
5476 115 0.0 
5476 117 0.0 
5476 118 0.0 
5476 128 0.0 
5476 128 0.0 
5476 128 0.0 
5476 128 0.0 
5476 128 0.0 
5476 128 0.0 
5476 128 0.0 
5476 128 0.0 
5476 128 0.0 
5476 141 0.0 
5476 163 0.0 
5476 191 0.0 
5476 194 0.0 
5476 197 0.0 
5476 198 0.0 
5476 201 0.0 
5476 202 0.0 
5476 205 0.0 
5476 206 0.0 
5476 209 0.0 
5476 210 0.0 
5476 218 0.0 
5476 219 0.0 
5476 220 0.0 
5476 221 0.0 
5476 221 0.00455971388146 
5476 221 0.0 
5476 221 0.0 
5476 221 0.00287685915828 
5476 221 0.0 
5476 221 0.00287685915828 
5476 222 0.0 
5476 223 0.0 
5476 224 0.0 
5476 225 0.0 
5476 226 0.0 
5476 232 0.0 
5476 233 0.0 
5476 245 0.0 
5476 246 0.0 
5476 247 0.0 
5476 248 0.0 
5476 249 0.0 
5476 250 0.0 
5476 294 0.0 
5476 348 0.0 
5477 350 0.0 
5477 354 0.0 
5477 354 0.0 
5478 113 0.0 
5479 3 0.0 
5479 4 0.0 
5479 28 0.0 
5479 83 0.0 
5479 281 0.0 
5479 354 0.0 
5480 340 0.0 
5481 28 0.0 
5481 28 0.0 
5481 113 0.0301647670567 
5481 166 0.0 
5482 13 0.0 
5482 16 0.0 
5482 16 0.0 
5482 16 0.0 
5482 16 0.0 
5482 16 0.0 
5482 16 0.0 
5482 17 0.0 
5482 17 0.0 
5482 17 0.0 
5482 17 0.0 
5482 17 0.0 
5482 17 0.0 
5482 19 0.0 
5482 19 0.0 
5482 19 0.0 
5482 19 0.0 
5482 19 0.0 
5482 19 0.0 
5482 21 0.0 
5482 41 0.0 
5482 95 0.0 
5482 97 0.0 
5482 97 0.0 
5482 97 0.0 
5482 97 0.0 
5482 97 0.0 
5482 97 0.0 
5482 97 0.0 
5482 97 0.0 
5482 97 0.0 
5482 97 0.0 
5482 97 0.0 
5482 97 0.0 
5482 103 0.0 
5482 132 0.0 
5482 132 0.0 
5482 132 0.0 
5482 132 0.0 
5482 132 0.0 
5482 132 0.0 
5482 135 0.0 
5482 135 0.0 
5482 135 0.0 
5482 135 0.0 
5482 135 0.0 
5482 135 0.0 
5482 138 0.0 
5482 138 0.0 
5482 138 0.0 
5482 138 0.0 
5482 138 0.0 
5482 138 0.0 
5482 142 0.0 
5482 142 0.0 
5482 142 0.0 
5482 142 0.0 
5482 142 0.0 
5482 142 0.0 
5482 143 0.0 
5482 143 0.0 
5482 143 0.0 
5482 143 0.0 
5482 143 0.0 
5482 143 0.0 
5482 144 0.0 
5482 144 0.0 
5482 144 0.0 
5482 144 0.0 
5482 144 0.0 
5482 144 0.0 
5482 146 0.0 
5482 146 0.0 
5482 146 0.0 
5482 146 0.0 
5482 146 0.0 
5482 146 0.0 
5482 151 0.0 
5482 151 0.0 
5482 151 0.0 
5482 151 0.0 
5482 151 0.0 
5482 151 0.0 
5482 156 0.0 
5482 156 0.0 
5482 156 0.0 
5482 156 0.0 
5482 156 0.0 
5482 156 0.0 
5482 167 0.0 
5482 167 0.0 
5482 167 0.0 
5482 167 0.0 
5482 167 0.0 
5482 167 0.0 
5482 192 0.0 
5482 192 0.0 
5482 192 0.0 
5482 192 0.0 
5482 192 0.0 
5482 192 0.0 
5482 196 0.0 
5482 196 0.0 
5482 196 0.0 
5482 196 0.0 
5482 196 0.0 
5482 196 0.0 
5482 207 0.0 
5482 207 0.0 
5482 207 0.0 
5482 207 0.0 
5482 207 0.0 
5482 207 0.0 
5482 212 0.0 
5482 212 0.0 
5482 212 0.0 
5482 212 0.0 
5482 212 0.0 
5482 212 0.0 
5482 344 0.0 
5482 344 0.0 
5482 344 0.0 
5482 344 0.0 
5482 344 0.0 
5482 344 0.0 
5482 344 0.0 
5482 344 0.0 
5482 344 0.0 
5482 344 0.0 
5482 344 0.0 
5482 344 0.0 
5483 294 0.0 
5484 299 0.0 
5485 28 0.0 
5486 185 0.0 
5487 70 0.0 
5487 299 0.0 
5488 281 0.0 
5489 186 0.0 
5490 285 0.0 
5490 289 0.0 
5490 322 0.0 
5490 322 0.0 
5490 322 0.0 
5491 113 0.0 
5492 38 0.0 
5493 199 0.0 
5493 199 0.0 
5493 199 0.0 
5493 199 0.0 
5494 4 0.0 
5494 4 0.0 
5494 5 0.0 
5494 7 0.0 
5494 8 0.0 
5494 75 0.0 
5494 83 0.0 
5494 103 0.0 
5494 103 0.0 
5494 103 0.0 
5494 113 0.0 
5494 113 0.0 
5494 128 0.0 
5494 128 0.0 
5494 128 0.0 
5494 128 0.0 
5494 128 0.0 
5494 128 0.0 
5494 128 0.0 
5494 128 0.0 
5494 128 0.0 
5494 128 0.0 
5494 128 0.0 
5494 128 0.0 
5494 128 0.0 
5494 128 0.0 
5494 139 0.0 
5494 173 0.0 
5494 173 0.0 
5494 181 0.0 
5494 219 0.0 
5494 219 0.0 
5494 254 0.0 
5494 255 0.0 
5494 261 0.0 
5494 293 0.0 
5494 338 0.0 
5494 338 0.0 
5494 339 0.0 
5494 342 0.0 
5494 350 0.0 
5495 103 0.0 
5495 113 0.0 
5495 124 0.0 
5495 124 0.0 
5495 124 0.0 
5495 128 0.0 
5495 128 0.0 
5495 128 0.0 
5495 128 0.0236519183964 
5495 128 0.0 
5495 139 0.0 
5495 160 0.0 
5495 306 0.0 
5495 331 0.0 
5495 332 0.0 
5495 334 0.0 
5495 335 0.0 
5495 350 0.0 
5496 350 0.0 
5497 111 0.0 
5498 7 0.0 
5498 28 0.0 
5499 13 0.0 
5500 93 0.011519276537 
5501 124 0.0 
5501 124 0.0 
5501 299 0.0 
5502 8 0.00825910456479 
5502 8 0.00825910456479 
5502 70 0.0 
5502 108 0.0 
5502 111 0.0 
5502 111 0.0 
5502 113 0.0 
5502 113 0.0 
5502 221 0.0 
5502 221 0.0 
5503 217 0.0 
5504 22 0.0 
5504 124 0.0 
5505 299 0.0 
5505 306 0.0 
5505 350 0.0 
5506 299 0.0 
5507 17 0.0 
5508 44 0.0 
5508 44 0.0 
5509 54 0.0 
5509 299 0.0 
5510 8 0.0 
5510 8 0.0 
5510 103 0.0 
5510 103 0.0 
5510 103 0.02851190418 
5510 103 0.0 
5510 103 0.0 
5510 103 0.0 
5510 108 0.0 
5510 111 0.0 
5510 251 0.0 
5510 309 0.0 
5510 312 0.0 
5510 335 0.0 
5510 335 0.0 
5510 336 0.0 
5510 336 0.0 
5510 337 0.0 
5510 338 0.0 
5510 342 0.0 
5510 342 0.0 
5510 342 0.0 
5510 342 0.0 
5510 342 0.0 
5510 342 0.0 
5510 342 0.0 
5510 342 0.00439196499065 
5510 342 0.00439196499065 
5510 342 0.0 
5510 342 0.0 
5510 342 0.0 
5510 342 0.0 
5510 342 0.0 
5510 342 0.0 
5510 350 0.0 
5510 350 0.0 
5510 350 0.0 
5510 350 0.0 
5511 25 0.0 
5511 25 0.0 
5511 330 0.0 
5511 330 0.0 
5511 333 0.0 
5511 333 0.0 
5511 341 0.0 
5511 341 0.0 
5511 343 0.0 
5511 343 0.0 
5511 345 0.0 
5511 345 0.0 
5511 350 0.0 
5511 353 0.0 
5511 353 0.0 
5511 354 0.0 
5511 354 0.0 
5511 355 0.0 
5511 355 0.0 
5511 356 -0.0 
5511 356 -0.0 
5512 8 0.0 
5512 108 0.0 
5512 164 0.0 
5512 299 0.0 
5512 299 0.0 
5512 350 0.0 
5512 351 0.0 
5513 5 0.0 
5514 299 0.0 
5514 299 0.0 
5515 1 0.0193117279559 
5515 4 0.0 
5515 12 0.0 
5515 28 0.0 
5515 61 0.187599658966 
5515 83 0.0 
5515 191 0.00380636961199 
5515 197 0.00643724296242 
5515 202 0.00750398635864 
5515 206 0.0040282132104 
5515 219 0.0 
5515 255 0.0 
5515 281 0.0 
5515 290 0.0026636866387 
5515 290 0.0026636866387 
5515 292 0.0 
5515 298 0.0 
5515 298 0.0 
5515 306 0.0 
5515 307 0.0 
5515 307 0.0 
5515 307 0.0 
5515 307 0.0 
5515 307 0.0 
5515 308 0.0 
5515 308 0.0 
5515 308 0.0 
5515 310 0.0 
5515 310 0.0 
5515 310 0.00135160749778 
5515 310 0.0 
5515 310 0.00135160749778 
5515 310 0.0 
5515 310 0.0 
5515 312 0.0 
5515 312 0.0 
5515 312 0.0 
5515 313 0.0 
5515 313 0.0 
5515 313 0.0 
5515 313 0.0 
5515 314 0.00591811025515 
5516 124 0.0 
5516 336 0.0 
5517 294 0.0 
5517 312 0.0 
5518 160 0.0106192296371 
5519 299 0.0 
5520 113 0.0 
5520 113 0.0 
5521 305 0.0 
5522 30 0.0 
5522 179 0.00412955228239 
5522 322 0.0 
5522 322 0.0 
5522 323 0.00618309993297 
5522 331 0.0 
5522 342 0.0 
5523 11 0.0 
5523 11 0.0 
5523 18 0.00375199317932 
5523 18 0.0 
5523 113 0.0 
5523 113 0.0 
5523 113 0.0 
5523 113 0.0 
5523 113 0.0 
5523 113 0.0 
5523 113 0.0 
5523 113 0.0 
5523 113 0.0 
5523 113 0.0 
5523 113 0.0 
5523 113 0.0 
5523 113 0.0 
5523 173 0.0 
5523 243 0.0 
5523 311 0.0 
5523 336 0.0 
5523 336 0.0 
5523 336 0.0 
5523 336 0.0 
5523 336 0.0 
5523 336 0.0 
5523 336 0.0 
5523 336 0.0 
5523 336 0.0 
5523 336 0.0 
5524 113 0.0 
5524 113 0.0 
5524 113 0.0 
5525 113 0.0 
5525 217 0.0 
5526 5 0.0 
5526 8 0.0 
5526 13 0.0 
5526 124 0.0 
5526 128 0.0 
5526 128 0.0 
5526 128 0.0 
5526 128 0.0 
5526 128 0.0 
5526 128 0.0 
5526 128 0.0 
5526 173 0.0 
5526 217 0.0 
5526 284 0.0 
5526 308 0.0 
5526 308 0.0 
5526 310 0.0 
5526 311 0.0 
5526 321 0.0 
5526 331 0.0 
5526 332 0.0 
5526 332 0.0 
5526 340 0.0 
5526 340 0.0 
5526 352 0.0 
5526 354 0.0 
5526 354 0.0 
5526 355 0.0 
5526 355 0.0 
5526 355 0.0 
5527 113 0.0 
5527 113 0.0 
5528 111 0.0 
5529 103 0.0 
5529 103 0.0 
5529 103 0.0 
5529 292 0.0 
5529 292 0.0 
5529 292 0.0 
5529 292 0.00198689545505 
5529 292 0.0 
5529 299 0.0 
5529 299 0.0 
5530 1 0.0193117279559 
5530 3 0.0 
5530 3 0.0 
5530 3 0.0 
5530 4 0.0 
5530 4 0.0 
5530 4 0.0 
5530 4 0.0 
5530 4 0.0 
5530 4 0.0 
5530 4 0.0 
5530 4 0.0 
5530 4 0.0 
5530 5 0.0 
5530 5 0.0 
5530 7 0.0 
5530 7 0.0 
5530 7 0.0 
5530 8 0.0 
5530 8 0.0 
5530 9 0.00448190327734 
5530 10 0.00220335158519 
5530 10 0.00220335158519 
5530 14 0.0 
5530 16 0.0 
5530 16 0.0 
5530 16 0.0 
5530 18 0.0 
5530 23 0.0 
5530 27 0.000644989020657 
5530 28 0.0 
5530 30 0.0 
5530 30 0.0 
5530 30 0.0 
5530 30 0.0 
5530 30 0.0 
5530 30 0.0 
5530 30 0.0 
5530 30 0.0 
5530 30 0.0 
5530 30 0.0 
5530 30 0.0 
5530 35 0.0 
5530 54 0.0 
5530 54 0.0 
5530 61 0.187599658966 
5530 75 0.0 
5530 80 0.656598806381 
5530 85 0.0051097185351 
5530 85 0.0051097185351 
5530 86 0.0625332221389 
5530 86 0.0625332221389 
5530 91 0.0257489737123 
5530 93 0.011519276537 
5530 93 0.011519276537 
5530 93 0.011519276537 
5530 93 0.011519276537 
5530 94 0.0 
5530 106 0.0 
5530 106 0.0 
5530 106 0.0 
5530 106 0.0 
5530 106 0.0 
5530 106 0.0 
5530 106 0.0 
5530 106 0.0 
5530 106 0.0 
5530 106 0.0 
5530 107 0.0 
5530 107 0.0 
5530 108 0.0 
5530 108 0.0 
5530 108 0.0 
5530 109 0.0 
5530 109 0.0 
5530 111 0.0 
5530 111 0.0 
5530 111 0.0 
5530 111 0.0 
5530 111 0.0 
5530 111 0.0 
5530 111 0.0 
5530 111 0.0 
5530 111 0.0 
5530 111 0.0 
5530 111 0.0 
5530 111 0.0 
5530 111 0.0 
5530 111 0.0 
5530 111 0.0 
5530 111 0.0 
5530 111 0.0 
5530 111 0.0 
5530 111 0.0 
5530 111 0.0 
5530 111 0.0 
5530 111 0.0 
5530 111 0.0 
5530 111 0.0 
5530 111 0.0 
5530 111 0.0 
5530 111 0.0 
5530 111 0.0 
5530 111 0.0 
5530 111 0.0 
5530 111 0.0 
5530 111 0.0 
5530 111 0.0 
5530 111 0.0 
5530 111 0.0 
5530 111 0.0 
5530 111 0.0 
5530 111 0.0 
5530 111 0.0 
5530 111 0.0 
5530 111 0.0 
5530 111 0.0 
5530 111 0.0 
5530 111 0.0 
5530 111 0.0 
5530 111 0.0 
5530 111 0.0 
5530 111 0.0 
5530 111 0.0 
5530 111 0.0 
5530 111 0.0 
5530 112 0.0 
5530 113 0.0 
5530 117 0.0 
5530 117 0.00662828376517 
5530 117 0.00662828376517 
5530 124 0.0 
5530 124 0.0 
5530 124 0.0 
5530 124 0.0 
5530 124 0.0 
5530 128 0.0 
5530 128 0.0236519183964 
5530 128 0.0 
5530 128 0.0 
5530 128 0.0 
5530 128 0.0 
5530 128 0.0 
5530 128 0.0 
5530 128 0.0 
5530 128 0.0 
5530 128 0.0 
5530 128 0.0 
5530 128 0.0 
5530 128 0.0 
5530 128 0.0236519183964 
5530 128 0.0 
5530 128 0.0 
5530 128 0.0 
5530 128 0.0 
5530 128 0.0 
5530 128 0.0 
5530 128 0.0 
5530 128 0.0 
5530 128 0.0 
5530 128 0.0 
5530 128 0.0 
5530 128 0.0 
5530 128 0.0 
5530 128 0.0 
5530 128 0.0 
5530 128 0.0 
5530 128 0.0 
5530 128 0.0 
5530 128 0.0 
5530 128 0.0 
5530 128 0.0 
5530 128 0.0 
5530 128 0.0 
5530 128 0.0 
5530 128 0.0 
5530 128 0.0 
5530 128 0.0 
5530 128 0.0 
5530 128 0.0 
5530 128 0.0 
5530 128 0.0 
5530 128 0.0 
5530 128 0.0 
5530 128 0.0 
5530 128 0.0 
5530 128 0.0 
5530 128 0.0 
5530 128 0.0 
5530 128 0.0 
5530 128 0.0 
5530 128 0.0 
5530 128 0.0 
5530 128 0.0 
5530 128 0.0 
5530 128 0.0 
5530 128 0.0 
5530 128 0.0 
5530 128 0.0 
5530 128 0.0 
5530 128 0.0 
5530 128 0.0 
5530 128 0.0 
5530 128 0.0 
5530 128 0.0 
5530 128 0.0 
5530 128 0.0 
5530 128 0.0 
5530 128 0.0 
5530 128 0.0 
5530 128 0.0 
5530 128 0.0 
5530 128 0.0 
5530 128 0.0 
5530 128 0.0 
5530 128 0.0 
5530 128 0.0 
5530 128 0.0 
5530 128 0.0 
5530 128 0.0 
5530 128 0.0 
5530 128 0.0 
5530 128 0.0 
5530 128 0.0 
5530 128 0.0 
5530 128 0.0 
5530 128 0.0 
5530 128 0.0 
5530 128 0.0 
5530 128 0.0 
5530 128 0.0 
5530 128 0.0 
5530 128 0.0 
5530 128 0.0 
5530 128 0.0 
5530 128 0.0 
5530 128 0.0 
5530 128 0.0 
5530 128 0.0 
5530 128 0.0 
5530 128 0.0 
5530 128 0.0 
5530 128 0.0 
5530 128 0.0 
5530 128 0.0 
5530 128 0.0 
5530 128 0.0 
5530 128 0.0 
5530 134 0.00505075976253 
5530 139 0.0 
5530 139 0.019452046603 
5530 139 0.0 
5530 141 0.0 
5530 149 0.0152697404847 
5530 162 0.00348124140874 
5530 163 0.0 
5530 166 0.0 
5530 172 0.0 
5530 173 0.0 
5530 173 0.0 
5530 173 0.0 
5530 173 0.0 
5530 173 0.0 
5530 179 0.00412955228239 
5530 194 0.0105055812746 
5530 200 0.0 
5530 203 0.0 
5530 203 0.00343768997118 
5530 204 0.0 
5530 204 0.0 
5530 204 0.0 
5530 209 0.0 
5530 210 0.00470680138096 
5530 210 0.00470680138096 
5530 210 0.0 
5530 210 0.00746010337025 
5530 216 0.0 
5530 216 0.00164767575916 
5530 217 0.0 
5530 217 0.0 
5530 217 0.0 
5530 217 0.0 
5530 217 0.0 
5530 218 0.0 
5530 218 0.0 
5530 221 0.0 
5530 221 0.00287685915828 
5530 221 0.0 
5530 221 0.0 
5530 221 0.0 
5530 221 0.00287685915828 
5530 221 0.00455971388146 
5530 222 0.0 
5530 222 0.00733217224479 
5530 222 0.00733217224479 
5530 222 0.0116212181747 
5530 222 0.0 
5530 222 0.0 
5530 227 0.0 
5530 227 0.0 
5530 227 0.0 
5530 227 0.0 
5530 227 0.0 
5530 227 0.0 
5530 227 0.0 
5530 227 0.0 
5530 227 0.0 
5530 228 0.0 
5530 228 0.0 
5530 228 0.0 
5530 228 0.0 
5530 228 0.0 
5530 228 0.0 
5530 228 0.0 
5530 228 0.0 
5530 228 0.0 
5530 228 0.0 
5530 228 0.0 
5530 231 0.0 
5530 231 0.0 
5530 231 0.0 
5530 231 0.0 
5530 231 0.0 
5530 231 0.00739763816819 
5530 231 0.0 
5530 231 0.0 
5530 232 0.0118306083605 
5530 232 0.00746428314596 
5530 243 0.0 
5530 243 0.0 
5530 243 0.0 
5530 249 0.0117249786854 
5530 249 0.00739763816819 
5530 251 0.0 
5530 254 0.0 
5530 255 0.0 
5530 255 0.0 
5530 255 0.0 
5530 255 0.0 
5530 255 0.0 
5530 255 0.0 
5530 255 0.0 
5530 255 0.0 
5530 255 0.0 
5530 255 0.0 
5530 255 0.0 
5530 255 0.0 
5530 255 0.00251834490336 
5530 257 0.0 
5530 257 0.0 
5530 260 0.0 
5530 260 0.0 
5530 260 0.0 
5530 261 0.0 
5530 261 0.0 
5530 263 0.0 
5530 265 0.0 
5530 265 0.0 
5530 269 0.0 
5530 269 0.0 
5530 269 0.0 
5530 270 0.0 
5530 271 0.0 
5530 274 0.00270763225853 
5530 274 0.0 
5530 275 0.0 
5530 276 0.0 
5530 279 0.0 
5530 279 0.0 
5530 279 0.0 
5530 280 0.0 
5530 280 0.0 
5530 281 0.0 
5530 281 0.0 
5530 281 0.0 
5530 281 0.0 
5530 281 0.0 
5530 281 0.0 
5530 281 0.0 
5530 281 0.0 
5530 281 0.0 
5530 282 0.0 
5530 283 0.0 
5530 283 0.0 
5530 283 0.0 
5530 283 0.0 
5530 283 0.0 
5530 283 0.0 
5530 283 0.0 
5530 283 0.0 
5530 283 0.0 
5530 283 0.0 
5530 283 0.0 
5530 283 0.0 
5530 284 0.0 
5530 284 0.0 
5530 284 0.0 
5530 284 0.0015933373943 
5530 284 0.0 
5530 284 0.0 
5530 284 0.0 
5530 284 0.0 
5530 284 0.0 
5530 285 0.0 
5530 286 0.0 
5530 287 0.0 
5530 287 0.0 
5530 287 0.0 
5530 287 0.0 
5530 287 0.0 
5530 287 0.0 
5530 288 0.0 
5530 288 0.0 
5530 288 0.00118871650193 
5530 288 0.0 
5530 288 0.0 
5530 288 0.0 
5530 288 0.0 
5530 288 0.0 
5530 288 0.0 
5530 288 0.0 
5530 288 0.0 
5530 288 0.0 
5530 288 0.0 
5530 288 0.0 
5530 288 0.0 
5530 288 0.0 
5530 288 0.0 
5530 288 0.0 
5530 288 0.0 
5530 288 0.0 
5530 289 0.0 
5530 289 0.0 
5530 289 0.0 
5530 290 0.0 
5530 290 0.0026636866387 
5530 290 0.0 
5530 290 0.0 
5530 290 0.0 
5530 290 0.0 
5530 290 0.0 
5530 290 0.0 
5530 290 0.0 
5530 290 0.0 
5530 290 0.0 
5530 290 0.0 
5530 290 0.0 
5530 291 0.0 
5530 292 0.0 
5530 292 0.0 
5530 294 0.0 
5530 294 0.0 
5530 294 0.0 
5530 294 0.0 
5530 294 0.0 
5530 294 0.0 
5530 294 0.0 
5530 294 0.0 
5530 294 0.0 
5530 297 0.0 
5530 298 0.0 
5530 298 0.0 
5530 298 0.0 
5530 298 0.0 
5530 298 0.0 
5530 298 0.0 
5530 298 0.0 
5530 298 0.0 
5530 298 0.0 
5530 298 0.0 
5530 298 0.0 
5530 298 0.0 
5530 299 0.0 
5530 299 0.0 
5530 299 0.0 
5530 301 0.00278810528107 
5530 302 0.0 
5530 303 0.00460297474638 
5530 303 0.00460297474638 
5530 303 0.0 
5530 303 0.0 
5530 303 0.0 
5530 303 0.0 
5530 303 0.00729554239661 
5530 303 0.0 
5530 303 0.0 
5530 303 0.0 
5530 303 0.00729554239661 
5530 306 0.0 
5530 306 0.000806753116194 
5530 306 0.0 
5530 306 0.0 
5530 306 0.0 
5530 306 0.0 
5530 306 0.0 
5530 306 0.0 
5530 306 0.0 
5530 307 0.0 
5530 307 0.0 
5530 307 0.0 
5530 307 0.0 
5530 307 0.0 
5530 307 0.0 
5530 307 0.0 
5530 307 0.0 
5530 307 0.0 
5530 307 0.0 
5530 307 0.0 
5530 307 0.0 
5530 307 0.0 
5530 307 0.0 
5530 307 0.0 
5530 307 0.0 
5530 307 0.0 
5530 307 0.0 
5530 307 0.0 
5530 307 0.0 
5530 307 0.0 
5530 307 0.0 
5530 307 0.0 
5530 307 0.0 
5530 307 0.0 
5530 307 0.0 
5530 307 0.0 
5530 307 0.0 
5530 308 0.0 
5530 308 0.0 
5530 308 0.0 
5530 308 0.0 
5530 308 0.0 
5530 308 0.0 
5530 308 0.0 
5530 308 0.0 
5530 308 0.0 
5530 308 0.0 
5530 308 0.0 
5530 308 0.0 
5530 308 0.0 
5530 308 0.0 
5530 308 0.0 
5530 308 0.0 
5530 308 0.0 
5530 308 0.0 
5530 308 0.0 
5530 308 0.0 
5530 308 0.0 
5530 309 0.00182899646461 
5530 309 0.0 
5530 309 0.0 
5530 309 0.0 
5530 309 0.00182899646461 
5530 309 0.0 
5530 309 0.0 
5530 309 0.0 
5530 309 0.0 
5530 309 0.0 
5530 310 0.0 
5530 310 0.0 
5530 310 0.0 
5530 311 0.0 
5530 311 0.0 
5530 311 0.0 
5530 311 0.00146643444896 
5530 311 0.0 
5530 311 0.0 
5530 311 0.00146643444896 
5530 311 0.0 
5530 311 0.0 
5530 311 0.0 
5530 311 0.0 
5530 311 0.0 
5530 311 0.0 
5530 311 0.0 
5530 311 0.0 
5530 312 0.0 
5530 312 0.00175909860991 
5530 312 0.0 
5530 312 0.0 
5530 312 0.0 
5530 312 0.0 
5530 312 0.0 
5530 312 0.0 
5530 312 0.0 
5530 312 0.0 
5530 312 0.0 
5530 313 0.0 
5530 313 0.0 
5530 313 0.0 
5530 315 0.00579395378008 
5530 321 0.0 
5530 322 0.0 
5530 322 0.0 
5530 326 0.00155447551515 
5530 326 0.0 
5530 329 0.0 
5530 329 0.0 
5530 331 0.0 
5530 331 0.0 
5530 331 0.0 
5530 331 0.0 
5530 331 0.0 
5530 331 0.0 
5530 331 0.0 
5530 331 0.0 
5530 331 0.0 
5530 331 0.0 
5530 331 0.0 
5530 331 0.0 
5530 331 0.0 
5530 331 0.0 
5530 334 0.0 
5530 334 0.0 
5530 334 0.0 
5530 334 0.0 
5530 334 0.0 
5530 334 0.0 
5530 334 0.0 
5530 334 0.000772167230025 
5530 334 0.0 
5530 334 0.0 
5530 334 0.0 
5530 334 0.0 
5530 334 0.0 
5530 334 0.0 
5530 334 0.0 
5530 334 0.0 
5530 334 0.0 
5530 334 0.0 
5530 334 0.0 
5530 335 0.0 
5530 335 0.0 
5530 335 0.0 
5530 335 0.000285210146103 
5530 335 0.0 
5530 335 0.0 
5530 335 0.0 
5530 335 0.0 
5530 335 0.0 
5530 335 0.0 
5530 335 0.0 
5530 335 0.0 
5530 335 0.0 
5530 335 0.0 
5530 335 0.0 
5530 336 0.0 
5530 336 0.0 
5530 336 0.0 
5530 336 0.0 
5530 336 0.0 
5530 336 0.0 
5530 337 0.000392857007682 
5530 337 0.0 
5530 337 0.0 
5530 337 0.0 
5530 337 0.0 
5530 337 0.0 
5530 337 0.0 
5530 337 0.0 
5530 337 0.0 
5530 337 0.0 
5530 337 0.0 
5530 337 0.0 
5530 338 0.0 
5530 338 0.0 
5530 338 0.0 
5530 338 0.0 
5530 338 0.0 
5530 338 0.0 
5530 338 0.0 
5530 338 0.0 
5530 338 0.0 
5530 338 0.0 
5530 338 0.0 
5530 338 0.0 
5530 338 0.0 
5530 338 0.0 
5530 338 0.0 
5530 338 0.0 
5530 338 0.0 
5530 338 0.0 
5530 338 0.0 
5530 338 0.0 
5530 338 0.0 
5530 338 0.0 
5530 338 0.0 
5530 338 0.0 
5530 338 0.0 
5530 338 0.0 
5530 338 0.0 
5530 338 0.0 
5530 338 0.0 
5530 338 0.0 
5530 338 0.0 
5530 338 0.0 
5530 340 0.0 
5530 340 0.0 
5530 340 0.0 
5530 340 0.0 
5530 340 0.0 
5530 340 0.0 
5530 340 0.0 
5530 340 0.0 
5530 340 0.0 
5530 340 0.0 
5530 340 0.0 
5530 340 0.0 
5530 340 0.0 
5530 342 0.0 
5530 342 0.0 
5530 342 0.0 
5530 350 0.0 
5530 350 0.0 
5530 350 0.0 
5530 350 0.0 
5530 350 0.0 
5530 350 0.0 
5530 350 0.0 
5530 351 0.0 
5530 351 0.0 
5530 352 0.0 
5530 352 0.0 
5530 352 0.0 
5530 352 0.0 
5531 113 0.0 
5531 113 0.0 
5531 271 0.0 
5532 1 0.0 
5532 1 0.0193117279559 
5532 1 0.0193117279559 
5532 1 0.0193117279559 
5532 9 0.0 
5532 10 0.0 
5532 30 0.0 
5532 61 0.0 
5532 61 0.187599658966 
5532 61 0.187599658966 
5532 61 0.187599658966 
5532 80 0.0 
5532 85 0.0 
5532 86 0.0 
5532 91 0.0 
5532 128 0.0 
5532 128 0.0 
5532 128 0.0 
5532 128 0.0 
5532 128 0.0 
5532 128 0.0 
5532 128 0.0 
5532 128 0.0 
5532 128 0.0 
5532 128 0.0 
5532 128 0.0 
5532 128 0.0 
5532 128 0.0 
5532 128 0.0 
5532 128 0.0 
5532 128 0.0 
5532 128 0.0 
5532 128 0.0 
5532 128 0.0 
5532 128 0.0 
5532 128 0.0 
5532 128 0.0 
5532 128 0.0 
5532 128 0.0 
5532 128 0.0 
5532 128 0.0 
5532 128 0.0 
5532 128 0.014922699891 
5532 128 0.0 
5532 128 0.0 
5532 128 0.0236519183964 
5532 128 0.0 
5532 128 0.0236519183964 
5532 128 0.0236519183964 
5532 128 0.0 
5532 128 0.0 
5532 128 0.0 
5532 128 0.0 
5532 128 0.0 
5532 128 0.0 
5532 128 0.0236519183964 
5532 128 0.0 
5532 128 0.0 
5532 128 0.0 
5532 128 0.0 
5532 128 0.0236519183964 
5532 128 0.0 
5532 128 0.0 
5532 128 0.0 
5532 128 0.0 
5532 128 0.0 
5532 128 0.0 
5532 128 0.0 
5532 128 0.0 
5532 128 0.0 
5532 128 0.0 
5532 128 0.0 
5532 128 0.0 
5532 128 0.0 
5532 128 0.0 
5532 128 0.0 
5532 128 0.0 
5532 128 0.0 
5532 128 0.0 
5532 128 0.0 
5532 128 0.0 
5532 128 0.0 
5532 128 0.0 
5532 128 0.0 
5532 128 0.0 
5532 128 0.0 
5532 128 0.0 
5532 128 0.0 
5532 128 0.0 
5532 128 0.0 
5532 128 0.0 
5532 128 0.0 
5532 128 0.0 
5532 128 0.0 
5532 128 0.0 
5532 128 0.0 
5532 128 0.0 
5532 128 0.0 
5532 128 0.0 
5532 128 0.0 
5532 128 0.0 
5532 128 0.0 
5532 128 0.0236519183964 
5532 128 0.0236519183964 
5532 128 0.0236519183964 
5532 128 0.0 
5532 128 0.0 
5532 128 0.0 
5532 128 0.0 
5532 128 0.0 
5532 128 0.0236519183964 
5532 128 0.0 
5532 197 0.00643724296242 
5532 209 0.0 
5532 221 0.0 
5532 227 0.0 
5532 265 0.0 
5532 279 0.00473448820412 
5532 279 0.00473448820412 
5532 279 0.0 
5532 279 0.0 
5532 279 0.0 
5532 279 0.0 
5532 279 0.0 
5532 279 0.0 
5532 279 0.0 
5532 279 0.0 
5532 334 0.0 
5532 337 0.0 
5532 338 0.0 
5533 299 0.0 
5534 44 0.0 
