5535 54 0.0 
5536 305 0.0 
5537 199 0.0 
5537 199 0.0 
5538 25 0.0 
5538 25 0.0 
5538 25 0.0 
5538 25 0.0 
5538 111 0.00853020045906 
5538 111 0.00853020045906 
5538 113 0.0 
5538 173 0.0 
5538 330 0.0 
5538 330 0.0 
5538 330 0.0 
5538 333 0.0 
5538 333 0.0 
5538 333 0.0 
5538 341 0.0 
5538 341 0.0 
5538 341 0.0 
5538 341 0.0 
5538 343 0.0 
5538 343 0.0 
5538 343 0.0 
5538 345 0.0 
5538 345 0.0 
5538 345 0.0 
5538 353 0.0 
5538 353 0.0 
5538 353 0.0 
5538 354 0.0 
5538 354 0.0 
5538 354 0.0 
5538 355 0.0 
5538 355 0.0 
5538 355 0.0 
5538 355 0.0 
5538 355 0.0 
5538 355 0.0 
5538 355 0.0 
5538 355 0.0 
5538 355 0.0 
5538 355 0.0 
5538 355 0.0 
5538 355 0.0 
5538 355 0.0 
5538 355 0.0 
5538 355 0.0 
5538 355 0.0 
5538 355 0.0 
5538 355 0.0 
5538 356 -0.0 
5538 356 -0.0 
5538 356 -0.0 
5539 109 0.0 
5539 113 0.0 
5539 121 0.0 
5539 121 0.0 
5540 177 0.0 
5541 41 0.0 
5542 113 0.0 
5543 1 0.0 
5543 54 0.0 
5543 61 0.0 
5543 111 0.0 
5543 111 0.0 
5543 128 0.0 
5543 128 0.0 
5543 128 0.0 
5543 128 0.0 
5543 128 0.0 
5543 128 0.0 
5543 128 0.0 
5543 128 0.0 
5543 128 0.0 
5543 128 0.0 
5543 128 0.0 
5543 282 0.0 
5543 308 0.0 
5543 340 0.0 
5543 340 0.0 
5543 340 0.0 
5543 340 0.0 
5543 340 0.0 
5544 336 0.0 
5545 83 0.0 
5546 195 0.0 
5547 299 0.0 
5547 299 0.0 
5547 336 0.0 
5548 8 0.00825910456479 
5548 8 0.0 
5548 8 0.0 
5548 8 0.0 
5548 8 0.0 
5548 8 0.0 
5548 8 0.0 
5549 113 0.0 
5549 113 0.0 
5550 177 0.0 
5551 299 0.0 
5552 350 0.0 
5553 265 0.0 
5554 350 0.0 
5555 306 0.0 
5556 299 0.0 
5557 44 0.0 
5558 3 0.0 
5559 299 0.0 
5560 28 0.0 
5560 83 0.0 
5561 19 0.0 
5561 19 0.0 
5561 19 0.00269005005248 
5562 281 0.0 
5562 281 0.0 
5562 287 0.0 
5562 331 0.0 
5563 18 0.0 
5563 338 0.0 
5564 311 0.0 
5565 13 0.0 
5565 32 0.0 
5565 83 0.0 
5565 113 0.0 
5565 113 0.0 
5566 350 0.0 
5567 1 0.0193117279559 
5567 61 0.187599658966 
5568 183 0.0 
5569 113 0.0301647670567 
5569 113 0.0 
5569 113 0.0 
5569 113 0.0 
5569 113 0.0 
5569 299 0.0 
5569 340 0.0 
5569 340 0.0 
5570 4 0.0 
5570 4 0.0 
5570 7 0.0 
5570 7 0.0 
5570 8 0.0 
5570 8 0.0 
5570 8 0.0 
5570 8 0.0 
5570 8 0.0 
5570 8 0.00825910456479 
5570 8 0.0 
5570 8 0.0 
5570 18 0.0 
5570 18 0.0 
5570 22 0.0 
5570 22 0.0 
5570 25 0.0 
5570 28 0.0 
5570 28 0.0 
5570 28 0.0 
5570 28 0.0 
5570 28 0.0 
5570 75 0.0 
5570 77 0.0 
5570 77 0.0 
5570 83 0.0 
5570 83 0.0 
5570 83 0.0 
5570 107 0.0 
5570 107 0.0 
5570 107 0.0 
5570 107 0.0 
5570 108 0.0 
5570 108 0.0 
5570 109 0.0 
5570 109 0.0 
5570 109 0.0 
5570 109 0.0 
5570 109 0.0 
5570 111 0.0 
5570 111 0.0 
5570 111 0.0 
5570 113 0.0 
5570 113 0.0 
5570 113 0.0 
5570 113 0.0 
5570 113 0.0 
5570 113 0.0 
5570 113 0.0 
5570 121 0.0 
5570 124 0.0 
5570 124 0.0 
5570 128 0.0 
5570 139 0.0 
5570 139 0.0 
5570 139 0.0 
5570 139 0.0 
5570 164 0.0 
5570 164 0.0 
5570 164 0.0 
5570 164 0.0 
5570 164 0.0 
5570 166 0.0 
5570 166 0.0 
5570 166 0.0 
5570 166 0.0 
5570 166 0.0 
5570 173 0.0 
5570 173 0.0 
5570 173 0.0 
5570 173 0.0 
5570 173 0.0 
5570 173 0.0 
5570 173 0.0 
5570 173 0.0 
5570 173 0.0 
5570 176 0.0 
5570 181 0.0 
5570 181 0.0 
5570 181 0.0 
5570 189 0.0 
5570 189 0.0 
5570 204 0.0 
5570 229 0.0 
5570 229 0.0 
5570 229 0.0 
5570 229 0.0 
5570 229 0.0 
5570 230 0.0 
5570 230 0.0 
5570 230 0.0 
5570 230 0.0 
5570 230 0.0 
5570 234 0.0 
5570 234 0.0 
5570 234 0.0 
5570 234 0.0 
5570 238 0.0 
5570 238 0.0 
5570 238 0.0 
5570 238 0.0 
5570 238 0.00841793324798 
5570 244 0.0 
5570 244 0.0 
5570 244 0.0 
5570 251 0.0 
5570 251 0.0 
5570 282 0.0 
5570 282 0.0 
5570 282 0.0 
5570 282 0.0 
5570 282 0.0 
5570 282 0.0 
5570 282 0.0 
5570 282 0.0 
5570 282 0.0 
5570 282 0.0 
5570 299 0.0 
5570 299 0.0 
5570 330 0.0 
5570 333 0.0 
5570 341 0.0 
5570 343 0.0 
5570 345 0.0 
5570 350 0.0 
5570 350 0.0 
5570 350 0.0 
5570 353 0.0 
5570 354 0.0 
5570 355 0.0 
5570 355 0.0 
5570 356 -0.0 
5571 173 0.0 
5572 48 0.0 
5572 103 0.0 
5572 113 0.0 
5572 342 0.0 
5573 113 0.0 
5573 113 0.0 
5573 217 0.0 
5573 285 0.0 
5573 309 0.0 
5573 332 0.0 
5573 350 0.0 
5573 350 0.0 
5573 350 0.0 
5573 350 0.0 
5574 38 0.0 
5574 38 0.0 
5575 111 0.00853020045906 
5576 70 0.0 
5577 113 0.0 
5577 113 0.0 
5577 289 0.0 
5577 299 0.0 
5577 340 0.0 
5577 352 0.0 
5578 1 0.0 
5578 61 0.0 
5578 299 0.0 
5578 350 0.0 
5579 83 0.0 
5579 279 0.0 
5580 183 0.0 
5581 110 0.00178352091461 
5581 253 0.0 
5581 253 0.0 
5581 253 0.0 
5581 253 0.0 
5582 113 0.0 
5583 340 0.0 
5584 299 0.0 
5585 199 0.0 
5586 8 0.0 
5587 350 0.0 
5587 350 0.0 
5587 350 0.0 
5588 113 0.0 
5589 163 0.0 
5590 113 0.0 
5591 1 0.0193117279559 
5591 5 0.0 
5591 8 0.0 
5591 14 0.0 
5591 61 0.187599658966 
5591 86 0.0625332221389 
5591 91 0.0257489737123 
5591 91 0.0257489737123 
5591 93 0.011519276537 
5591 93 0.011519276537 
5591 287 0.0 
5591 310 0.0 
5591 313 0.0 
5591 324 0.00600388040766 
5592 266 0.0105119645596 
5592 266 0.00663231126964 
5593 166 0.0 
5594 285 0.0 
5594 350 0.0 
5595 299 0.0 
5595 306 0.0 
5595 350 0.0 
5595 350 0.0 
5596 44 0.0394540689886 
5597 4 0.0 
5598 105 0.0 
5599 279 0.0 
5600 8 0.0 
5600 14 0.0 
5600 128 0.0 
5600 290 0.0 
5600 334 0.0 
5600 335 0.0 
5600 337 0.0 
5600 338 0.0 
5601 299 0.0 
5602 77 0.0 
5603 299 0.0 
5604 54 0.0 
5605 305 0.0 
5605 350 0.0 
5606 124 0.0 
5607 299 0.0 
5608 204 0.0 
5609 285 0.0 
5610 113 0.0 
5611 340 0.0 
5612 279 0.0 
5613 43 0.0 
5614 287 0.0 
5615 3 0.0 
5615 3 0.0 
5615 3 0.0 
5615 7 0.0 
5615 28 0.0 
5615 48 0.0 
5615 113 0.0 
5615 113 0.0 
5615 113 0.0 
5615 113 0.0 
5615 113 0.0 
5615 113 0.0 
5615 113 0.0 
5615 113 0.0 
5615 113 0.0 
5615 121 0.0 
5615 166 0.0 
5615 166 0.0 
5615 260 0.0 
5615 269 0.0 
5615 340 0.0 
5615 340 0.0 
5615 350 0.0 
5616 185 0.0 
5617 113 0.0 
5617 128 0.0 
5617 128 0.0 
5617 311 0.0 
5618 86 0.0625332221389 
5618 91 0.0257489737123 
5618 91 0.0257489737123 
5618 212 0.00839261710644 
5618 234 0.0 
5618 238 0.0 
5619 288 0.0 
5620 8 0.00825910456479 
5620 113 0.0 
5620 128 0.0 
5620 306 0.0 
5620 340 0.0 
5620 340 0.0 
5620 350 0.0 
5621 8 0.0 
5621 124 0.0 
5621 290 0.0 
5621 350 0.0 
5622 91 0.0257489737123 
5623 124 0.0 
5623 299 0.0 
5623 306 0.0 
5623 306 0.0 
5624 308 0.0 
5625 7 0.0 
5626 18 0.0 
5626 44 0.0 
5626 189 0.0 
5626 190 0.0 
5626 199 0.0 
5626 204 0.0 
5626 267 0.0 
5627 97 0.0 
5627 97 0.0 
5627 97 0.0 
5628 109 0.0 
5628 139 0.0 
5628 139 0.0 
5628 173 0.0 
5628 173 0.0 
5628 173 0.0 
5628 173 0.0 
5628 173 0.0 
5628 302 0.0 
5629 113 0.0 
5629 113 0.0 
5629 113 0.0 
5630 28 0.0 
5630 254 0.0 
5630 254 0.0 
5630 283 0.0 
5630 283 0.0 
5630 322 0.0 
5630 322 0.0 
5630 332 0.0 
5631 28 0.0 
5631 139 0.0 
5632 89 0.0 
5632 299 0.0 
5633 113 0.0 
5634 12 0.0 
5634 12 0.0 
5634 43 0.0 
5634 43 0.00334146968089 
5634 70 0.0 
5634 280 0.0 
5634 307 0.0 
5634 307 0.0 
5634 336 0.0 
5635 299 0.0 
5636 124 0.0 
5637 336 0.0 
5637 336 0.0 
5638 16 0.0 
5638 16 0.0 
5639 113 0.0 
5640 210 0.0 
5640 210 0.0 
5641 113 0.0 
5642 44 0.0 
5642 113 0.0 
5642 160 0.0 
5642 298 0.0 
5642 299 0.0 
5643 279 0.0 
5643 281 0.0 
5643 336 0.0 
5643 336 0.0 
5643 350 0.0 
5643 354 0.0 
5644 163 0.0 
5645 306 0.0 
5646 34 0.0 
5646 34 0.0 
5647 173 0.0 
5648 113 0.0 
5649 354 0.0 
5650 113 0.0 
5651 5 0.0 
5652 113 0.0 
5652 281 0.0 
5653 299 0.0 
5654 28 0.0 
5654 137 0.0 
5654 354 0.0 
5655 305 0.0 
5656 44 0.0394540689886 
5657 223 0.00739763816819 
5657 223 0.00739763816819 
5657 223 0.0117249786854 
5657 226 0.00491834292188 
5657 226 0.00491834292188 
5657 226 0.00779538881034 
5658 113 0.0 
5659 128 0.0 
5659 128 0.0 
5660 128 0.0 
5660 128 0.0 
5660 128 0.0 
5660 128 0.0 
5660 128 0.0 
5661 113 0.0 
5661 113 0.0 
5662 354 0.0 
5663 113 0.0 
5664 299 0.0 
5664 299 0.0 
5665 113 0.0 
5666 279 0.0 
5666 323 0.00618309993297 
5666 331 0.0 
5667 83 0.0 
5668 128 0.0 
5669 7 0.0 
5669 8 0.0 
5669 229 0.0 
5669 230 0.0 
5669 350 0.0 
5670 113 0.0 
5671 113 0.0 
5671 113 0.0 
5671 124 0.0 
5671 299 0.0 
5672 8 0.0 
5672 113 0.0 
5672 176 0.0 
5673 124 0.0 
5673 124 0.0 
5674 91 0.0257489737123 
5674 113 0.0 
5674 113 0.0 
5674 173 0.0 
5674 336 0.0 
5674 336 0.0 
5674 336 0.0 
5675 331 0.0 
5676 340 0.0 
5677 13 0.0 
5678 305 0.0 
5679 195 0.0 
5679 195 0.0 
5680 22 0.0 
5680 22 0.0 
5680 38 0.0 
5681 217 0.0 
5682 97 0.0 
5683 211 0.0 
5683 215 0.0 
5684 113 0.0 
5684 113 0.0 
5684 113 0.0 
5684 113 0.0 
5684 113 0.0 
5684 113 0.0 
5684 113 0.0 
5684 113 0.0 
5684 173 0.0 
5684 340 0.0 
5684 340 0.0 
5684 351 0.0 
5685 113 0.0 
5686 243 0.0 
5687 48 0.0 
5688 199 0.0 
5689 1 0.0193117279559 
5689 1 0.0193117279559 
5689 24 0.0 
5689 61 0.187599658966 
5689 61 0.187599658966 
5689 128 0.0 
5689 128 0.0 
5689 128 0.0 
5689 128 0.0 
5689 128 0.0 
5689 128 0.0 
5689 128 0.0 
5689 128 0.0 
5689 128 0.0236519183964 
5689 128 0.0 
5689 128 0.0 
5689 128 0.0 
5689 128 0.0 
5689 128 0.0 
5689 128 0.0 
5689 128 0.0 
5689 128 0.0 
5689 128 0.0 
5689 128 0.0236519183964 
5689 128 0.0 
5689 128 0.0236519183964 
5689 128 0.0 
5689 128 0.0 
5689 128 0.0 
5689 128 0.0 
5689 128 0.0 
5689 128 0.0 
5689 128 0.0 
5689 128 0.0 
5689 128 0.0 
5689 128 0.0 
5689 128 0.0 
5689 128 0.0 
5689 128 0.0 
5689 218 0.00266410107724 
5689 218 0.00422250013798 
5689 218 0.00266410107724 
5689 256 0.0 
5689 273 0.0 
5689 273 0.00683957105502 
5689 308 0.0 
5689 308 0.00175166048575 
5689 310 0.0 
5689 310 0.0 
5689 310 0.0 
5689 313 0.0 
5689 313 0.0 
5689 340 0.0 
5690 7 0.0 
5690 28 0.0 
5690 289 0.0 
5690 354 0.0 
5690 354 0.0 
5690 354 0.0 
5690 354 0.0 
5691 307 0.0 
5691 307 0.0 
5692 299 0.0 
5693 189 0.0 
5693 189 0.0 
5693 189 0.0 
5694 113 0.0 
5695 331 0.0 
5696 97 0.0 
5696 164 0.0 
5696 217 0.0 
5697 8 0.0 
5697 14 0.0 
5697 280 0.0 
5697 355 0.0 
5698 305 0.0 
5698 306 0.0 
5699 8 0.00825910456479 
5699 8 0.0 
5699 8 0.00825910456479 
5699 8 0.00825910456479 
5699 8 0.0 
5699 8 0.0 
5699 8 0.0 
5699 8 0.0 
5699 8 0.0 
5699 8 0.0 
5699 103 0.0 
5699 113 0.0 
5699 113 0.0 
5699 113 0.0 
5699 113 0.0 
5699 113 0.0 
5699 121 0.0 
5699 121 0.0 
5699 121 0.0 
5699 121 0.0 
5699 128 0.0 
5699 128 0.0 
5699 128 0.0 
5699 160 0.0 
5699 173 0.0 
5699 173 0.0 
5699 217 0.0 
5699 243 0.0 
5699 284 0.0 
5699 290 0.0 
5699 298 0.0 
5699 306 0.0 
5699 306 0.0 
5699 306 0.0 
5699 306 0.0 
5699 340 0.0 
5699 340 0.0 
5699 340 0.0 
5699 351 0.0 
5699 351 0.0 
5699 352 0.0 
5699 352 0.0 
5700 251 0.0 
5701 305 0.0 
5702 4 0.0 
5702 48 0.0 
5702 48 0.0 
5702 48 0.0 
5702 107 0.0 
5702 108 0.0 
5702 128 0.0 
5702 128 0.0 
5702 128 0.0 
5702 170 0.0 
5702 170 0.0 
5702 173 0.0 
5702 204 0.0 
5702 336 0.0 
5702 336 0.0 
5702 336 0.0 
5702 336 0.0 
5702 350 0.0 
5703 354 0.0 
5704 128 0.0 
5704 249 0.0117249786854 
5704 249 0.00739763816819 
5704 279 0.0 
5704 294 0.0 
5705 285 0.0 
5706 128 0.0 
5707 8 0.0 
5707 13 0.0 
5707 103 0.0 
5707 103 0.0 
5707 103 0.0 
5707 124 0.0 
5707 124 0.0 
5707 124 0.0 
5707 124 0.0 
5707 124 0.0 
5707 124 0.0 
5707 124 0.0 
5707 124 0.0 
5707 124 0.0 
5707 124 0.0 
5707 124 0.0 
5707 124 0.0 
5707 124 0.0 
5707 124 0.0 
5707 124 0.0 
5707 124 0.0 
5707 124 0.0 
5707 124 0.0 
5707 124 0.0 
5707 124 0.0 
5707 124 0.0 
5707 124 0.0 
5707 124 0.0 
5707 124 0.0 
5707 124 0.0 
5707 124 0.0 
5707 124 0.0 
5707 124 0.0 
5707 124 0.0 
5707 166 0.0 
5707 166 0.0 
5707 173 0.0 
5707 173 0.0 
5707 190 0.0 
5707 217 0.0 
5707 217 0.0 
5707 217 0.0 
5707 217 0.0 
5707 217 0.0 
5707 254 0.0 
5707 279 0.0 
5707 279 0.0 
5707 293 0.0 
5707 293 0.0 
5707 293 0.0 
5707 293 0.0 
5707 293 0.0 
5707 293 0.0 
5707 306 0.0 
5708 154 0.0 
5708 154 0.0 
5709 155 0.0 
5710 340 0.0 
5711 113 0.0 
5712 160 0.0 
5712 288 0.0 
5713 44 0.0 
5714 331 0.0 
5715 28 0.0 
5715 28 0.0 
5715 83 0.0 
5715 160 0.0 
5716 103 0.0 
5717 299 0.0 
5718 340 0.0 
5719 354 0.0 
5719 354 0.0 
5720 11 0.0 
5720 11 0.0 
5720 11 0.0 
5720 11 0.0 
5720 173 0.0 
5720 226 0.00779538881034 
5720 226 0.00491834292188 
5720 226 0.00491834292188 
5720 231 0.0 
5720 233 0.00388315087184 
5720 233 0.00244999537244 
5720 233 0.00244999537244 
5720 294 0.0 
5720 336 0.0 
5720 336 0.0 
5720 336 0.0 
5720 336 0.0 
5720 336 0.0 
5720 336 0.0 
5720 336 0.0 
5720 336 0.0 
5720 336 0.0 
5720 336 0.0 
5720 336 0.0 
5721 199 0.0 
5721 199 0.0 
5722 289 0.0 
5723 41 0.0 
5723 75 0.0 
5723 75 0.0 
5723 75 0.0 
5723 75 0.0 
5723 75 0.0 
5723 75 0.0 
5723 75 0.0 
5723 75 0.0 
5723 139 0.0 
5723 312 0.0 
5723 355 0.0 
5724 113 0.0 
5724 128 0.0 
5724 340 0.0 
5725 176 0.0 
5725 176 0.0 
5726 83 0.0 
5726 113 0.0 
5727 113 0.0 
5727 113 0.0 
5727 339 0.0 
5727 339 0.0 
5728 8 0.0 
5728 11 0.0 
5728 11 0.0 
5728 11 0.0 
5728 11 0.0 
5728 11 0.0 
5728 11 0.0 
5728 11 0.0 
5728 11 0.0 
5728 11 0.0 
5728 11 0.0 
5728 11 0.0 
5728 11 0.0 
5728 11 0.0 
5728 110 0.0 
5728 110 0.0 
5728 254 0.0 
5728 254 0.0 
5728 254 0.0 
5728 254 0.0 
5728 254 0.0 
5729 166 0.0 
5729 313 0.0 
5730 243 0.00278219813481 
5730 313 0.0 
5730 336 0.0 
5731 141 0.0 
5732 340 0.0 
5733 28 0.0 
5734 113 0.0 
5734 340 0.0 
5735 128 0.0 
5735 128 0.0 
5735 228 0.0 
5735 354 0.0 
5736 14 0.00837753992528 
5736 66 0.00462868949398 
5736 66 0.0 
5736 66 0.00462868949398 
5736 104 0.0051497942768 
5736 106 0.00573379872367 
5736 107 0.00484039308503 
5736 108 0.00367733021267 
5736 109 0.00612167315558 
5736 111 0.00853020045906 
5736 112 0.000252838770393 
5736 113 0.0301647670567 
5736 114 0.0106764035299 
5736 116 0.0104222027585 
5736 119 0.0231263209134 
5736 120 0.00264805206098 
5736 121 0.0277515854686 
5736 122 0.0231263209134 
5736 123 0.000307037087623 
5736 125 0.0216809269041 
5736 126 0.0216809269041 
5736 127 0.000317960424582 
5736 128 0.0 
5736 128 0.0 
5736 128 0.0236519183964 
5736 129 0.0204055774957 
5736 130 0.020207464695 
5736 131 0.00809871219099 
5736 134 0.00800526514649 
5736 140 0.0175093002617 
5736 145 0.00809871219099 
5736 147 0.018751071766 
5736 148 0.0179428346455 
5736 149 0.0242019649595 
5736 150 0.0080361738801 
5736 158 0.0216809269041 
5736 159 0.00386153790168 
5736 162 0.00551763689145 
5736 165 0.0022284463048 
5736 168 0.0107287056744 
5736 174 0.0136932171881 
5736 175 0.00426510022953 
5736 177 0.0108972201124 
5736 187 0.00656583253294 
5736 193 0.0145910847932 
5736 195 0.0060681309551 
5736 211 0.00356398802251 
5736 239 0.020844405517 
5736 277 0.0107287056744 
5736 301 0.00441904226318 
5736 349 0.00025013287086 
5737 48 0.0 
5737 113 0.0 
5737 121 0.0 
5737 204 0.00910478550941 
5737 204 0.0 
5737 204 0.0 
5737 299 0.0 
5738 3 0.0 
5738 4 0.0 
5738 12 0.0 
5738 12 0.0 
5738 28 0.0 
5738 83 0.0 
5738 222 0.0 
5738 242 0.00122271664441 
5738 242 0.00122271664441 
5738 242 0.0 
5738 257 0.0 
5738 261 0.0 
5738 261 0.0 
5738 261 0.0 
5738 268 0.00311479484662 
5738 268 0.00311479484662 
5738 268 0.0 
5738 281 0.0 
5738 283 0.0 
5738 283 0.0 
5738 285 0.0 
5738 285 0.0 
5738 285 0.0 
5738 285 0.0 
5738 285 0.0 
5738 285 0.0 
5738 287 0.0 
5738 287 0.0 
5738 289 0.0 
5738 289 0.0 
5738 289 0.0 
5738 289 0.0 
5738 290 0.0 
5738 292 0.0 
5738 298 0.0 
5738 298 0.0 
5738 298 0.0 
5738 298 0.0 
5738 305 0.0 
5738 305 0.0 
5738 306 0.0 
5738 306 0.0 
5738 306 0.0 
5738 306 0.0 
5738 307 0.0 
5738 307 0.000802067224868 
5738 307 0.0 
5738 307 0.0 
5738 307 0.0 
5738 307 0.0 
5738 307 0.0 
5738 307 0.0 
5738 307 0.000802067224868 
5738 307 0.0 
5738 307 0.0 
5738 307 0.0 
5738 307 0.0 
5738 307 0.0 
5738 307 0.0 
5738 307 0.0 
5738 307 0.0 
5738 308 0.0 
5738 308 0.0 
5738 308 0.0 
5738 308 0.0 
5738 310 0.0 
5738 313 0.0 
5738 313 0.0 
5738 313 0.0 
5738 318 0.00583475688472 
5738 322 0.0 
5738 322 0.0 
5738 322 0.0 
5738 322 0.0 
5738 339 0.0 
5738 340 0.0 
5738 340 0.0 
5738 342 0.0 
5739 28 0.0 
5739 243 0.0 
5739 253 0.0 
5739 322 0.0 
5739 331 0.0 
5739 336 0.0 
5740 121 0.0 
5740 128 0.0 
5740 166 0.0 
5740 232 0.00746428314596 
5740 232 0.0118306083605 
5740 250 0.00173703383189 
5740 250 0.0027531334199 
5740 250 0.00173703383189 
5740 281 0.0 
5740 306 0.0 
5740 308 0.0 
5740 308 0.0 
5741 1 0.0 
5741 1 0.0 
5741 1 0.0 
5741 3 0.0 
5741 3 0.0 
5741 3 0.0 
5741 4 0.0 
5741 7 0.0 
5741 7 0.0 
5741 7 0.0 
5741 16 0.00296432850882 
5741 16 0.0 
5741 17 0.0 
5741 17 0.00317197502591 
5741 18 0.0 
5741 19 0.00269005005248 
5741 19 0.0 
5741 20 0.0 
5741 20 0.0 
5741 20 0.0 
5741 20 0.0 
5741 20 0.0 
5741 20 0.0 
5741 25 0.0 
5741 25 0.0 
5741 25 0.0 
5741 28 0.0 
5741 28 0.0 
5741 30 0.0 
5741 34 0.0 
5741 48 0.0 
5741 48 0.0 
5741 53 0.00103956763633 
5741 61 0.0 
5741 61 0.0 
5741 61 0.0 
5741 70 0.0 
5741 124 0.0 
5741 124 0.0 
5741 124 0.0 
5741 132 0.0 
5741 132 0.0182388555259 
5741 135 0.0182388555259 
5741 135 0.0 
5741 138 0.00164355151355 
5741 138 0.0 
5741 139 0.0 
5741 142 0.0051097185351 
5741 142 0.0 
5741 143 0.0051097185351 
5741 143 0.0 
5741 144 0.0121592376381 
5741 144 0.0 
5741 146 0.0 
5741 146 0.0144307417795 
5741 151 0.00706020230427 
5741 151 0.0 
5741 156 0.00725523522124 
5741 156 0.0 
5741 160 0.0106192296371 
5741 160 0.0 
5741 160 0.0 
5741 167 0.0 
5741 167 0.0132646225393 
5741 173 0.0 
5741 192 0.0105903036892 
5741 192 0.0 
5741 196 0.00920594949275 
5741 196 0.0 
5741 207 0.0 
5741 207 0.00272544543259 
5741 208 0.0 
5741 208 0.0 
5741 208 0.0 
5741 208 0.0 
5741 208 0.0 
5741 208 0.0 
5741 212 0.00529515184462 
5741 212 0.0 
5741 228 0.0 
5741 243 0.0 
5741 289 0.0 
5741 299 0.0 
5741 299 0.0 
5741 299 0.0 
5741 299 0.0 
5741 299 0.0 
5741 299 0.0 
5741 299 0.0 
5741 305 0.0 
5741 307 0.0 
5741 330 0.0 
5741 330 0.0 
5741 330 0.0 
5741 333 0.0 
5741 333 0.0 
5741 333 0.0 
5741 336 0.0 
5741 336 0.0 
5741 336 0.0 
5741 336 0.0 
5741 340 0.0 
5741 341 0.0 
5741 341 0.0 
5741 341 0.0 
5741 343 0.0 
5741 343 0.0 
5741 343 0.0 
5741 345 0.0 
5741 345 0.0 
5741 345 0.0 
5741 350 0.0 
5741 350 0.0 
5741 353 0.0 
5741 353 0.0 
5741 353 0.0 
5741 354 0.0 
5741 354 0.0 
5741 354 0.0 
5741 354 0.0 
5741 354 0.0 
5741 354 0.0 
5741 355 0.0 
5741 355 0.0 
5741 355 0.0 
5741 356 -0.0 
5741 356 -0.0 
5741 356 -0.0 
5742 128 0.0 
5742 254 0.0 
5742 298 0.0 
5742 308 0.0 
5742 335 0.0 
5742 338 0.0 
5742 340 0.0 
5742 350 0.0 
5743 224 0.0 
5744 77 0.0 
5745 124 0.0 
5746 354 0.0 
5747 98 0.0 
5747 103 0.02851190418 
5747 228 0.0 
5747 254 0.0 
5747 261 0.0 
5747 332 0.0 
5747 332 0.0 
5747 338 0.0 
5747 351 0.0 
5748 16 0.0 
5748 16 0.0 
5748 16 0.0 
5748 16 0.0 
5748 16 0.0 
5748 17 0.0 
5748 17 0.0 
5748 17 0.0 
5748 17 0.0 
5748 17 0.0 
5748 19 0.0 
5748 19 0.0 
5748 19 0.0 
5748 19 0.0 
5748 19 0.0 
5748 132 0.0 
5748 132 0.0 
5748 132 0.0 
5748 132 0.0 
5748 132 0.0 
5748 135 0.0 
5748 135 0.0 
5748 135 0.0 
5748 135 0.0 
5748 135 0.0 
5748 138 0.0 
5748 138 0.0 
5748 138 0.0 
5748 138 0.0 
5748 138 0.0 
5748 142 0.0 
5748 142 0.0 
5748 142 0.0 
5748 142 0.0 
5748 142 0.0 
5748 143 0.0 
5748 143 0.0 
5748 143 0.0 
5748 143 0.0 
5748 143 0.0 
5748 144 0.0 
5748 144 0.0 
5748 144 0.0 
5748 144 0.0 
5748 144 0.0 
5748 146 0.0 
5748 146 0.0 
5748 146 0.0 
5748 146 0.0 
5748 146 0.0 
5748 151 0.0 
5748 151 0.0 
5748 151 0.0 
5748 151 0.0 
5748 151 0.0 
5748 156 0.0 
5748 156 0.0 
5748 156 0.0 
5748 156 0.0 
5748 156 0.0 
5748 167 0.0 
5748 167 0.0 
5748 167 0.0 
5748 167 0.0 
5748 167 0.0 
5748 192 0.0 
5748 192 0.0 
5748 192 0.0 
5748 192 0.0 
5748 192 0.0 
5748 196 0.0 
5748 196 0.0 
5748 196 0.0 
5748 196 0.0 
5748 196 0.0 
5748 207 0.0 
5748 207 0.0 
5748 207 0.0 
5748 207 0.0 
5748 207 0.0 
5748 212 0.0 
5748 212 0.0 
5748 212 0.0 
5748 212 0.0 
5748 212 0.0 
5749 4 0.0 
5749 113 0.0 
5749 190 0.0147550292313 
5749 219 0.0 
5749 337 0.0 
5749 337 0.0 
5749 338 0.0 
5749 350 0.0 
5750 7 0.0 
5751 124 0.0 
5752 321 0.0 
5752 321 0.0 
5752 321 0.0 
5752 321 0.0 
5753 22 0.0 
5753 54 0.0 
5753 110 0.0 
5753 110 0.0 
5753 110 0.0 
5753 110 0.0 
5753 110 0.00178352091461 
5753 110 0.0 
5753 176 0.0 
5753 213 0.0 
5753 222 0.0 
5753 295 0.0 
5753 321 0.0 
5754 28 0.0 
5754 110 0.0 
5754 110 0.0 
5754 110 0.0 
5754 110 0.0 
5754 110 0.0 
5754 110 0.0 
5754 176 0.0 
5754 189 0.0 
5754 213 0.0 
5754 305 0.0 
5755 11 0.0 
5755 11 0.0 
5755 110 0.0 
5755 110 0.0 
5755 110 0.0 
5755 110 0.0 
5755 110 0.0 
5755 110 0.0 
5755 110 0.00178352091461 
5755 110 0.0 
5755 110 0.0 
5755 139 0.0 
5755 176 0.0 
5755 213 0.0 
5755 331 0.0 
5756 11 0.0 
5756 12 0.0 
5756 110 0.0 
5756 110 0.0 
5756 110 0.0 
5756 110 0.0 
5756 110 0.0 
5756 110 0.00178352091461 
5756 110 0.0 
5756 110 0.0 
5756 164 0.0 
5756 176 0.0 
5756 213 0.0 
5756 305 0.0 
5757 7 0.0 
5757 11 0.0 
5757 21 0.0 
5757 95 0.0 
5757 110 0.0 
5757 110 0.0 
5757 110 0.0 
5757 110 0.00178352091461 
5757 110 0.0 
5757 110 0.0 
5757 110 0.0 
5757 110 0.0 
5757 110 0.0 
5757 110 0.0 
5757 110 0.0 
5757 110 0.0 
5757 110 0.0 
5757 113 0.0 
5757 113 0.0 
5757 113 0.0 
5757 113 0.0 
5757 113 0.0 
5757 113 0.0 
5757 113 0.0 
5757 113 0.0 
5757 113 0.0 
5757 119 0.0 
5757 120 0.0 
5757 123 0.0 
5757 126 0.0 
5757 127 0.0 
5757 129 0.0 
5757 130 0.0 
5757 131 0.0 
5757 134 0.0 
5757 140 0.0 
5757 145 0.0 
5757 147 0.0 
5757 148 0.0 
5757 149 0.0 
5757 150 0.0 
5757 158 0.0 
5757 159 0.0 
5757 166 0.0 
5757 168 0.0 
5757 174 0.0 
5757 175 0.0 
5757 176 0.0 
5757 177 0.0 
5757 195 0.0 
5757 213 0.0 
5757 217 0.0 
5757 228 0.0 
5757 237 0.0 
5757 239 0.0 
5757 254 0.0 
5757 254 0.0 
5757 277 0.0 
5757 291 0.0 
5757 301 0.0 
5757 349 0.0 
5757 349 0.0 
5757 354 0.0 
5758 3 0.0 
5758 11 0.0 
5758 11 0.0 
5758 11 0.0 
5758 11 0.0 
5758 11 0.0 
5758 28 0.0 
5758 110 0.00178352091461 
5758 110 0.0 
5758 110 0.0 
5758 110 0.00178352091461 
5758 110 0.0 
5758 110 0.0 
5758 110 0.0 
5758 110 0.0 
5758 166 0.0 
5758 176 0.0 
5758 211 0.0 
5758 213 0.0 
5758 355 0.0 
5759 11 0.0 
5759 11 0.0 
5759 28 0.0 
5759 28 0.0 
5759 110 0.0 
5759 110 0.0 
5759 110 0.0 
5759 110 0.0 
5759 166 0.0 
5759 176 0.0 
5759 213 0.0 
5759 299 0.0 
5759 301 0.0 
5759 355 0.0 
5760 28 0.0 
5760 110 0.0 
5760 110 0.0 
5760 110 0.0 
5760 110 0.0 
5760 110 0.0 
5760 166 0.0 
5760 176 0.0 
5760 213 0.0 
5761 7 0.0 
5761 11 0.0 
5761 11 0.0 
5761 11 0.0 
5761 11 0.0 
5761 11 0.0 
5761 11 0.0 
5761 11 0.0 
5761 11 0.0 
5761 110 0.00178352091461 
5761 110 0.0 
5761 110 0.0 
5761 110 0.0 
5761 110 0.0 
5761 110 0.0 
5761 110 0.0 
5761 176 0.0 
5761 213 0.0 
5761 355 0.0 
5762 11 0.0 
5762 11 0.0 
5762 110 0.0 
5762 110 0.0 
5762 110 0.0 
5762 110 0.0 
5762 110 0.0 
5762 139 0.0 
5762 176 0.0 
5762 213 0.0 
5763 19 0.0 
5764 8 0.0 
5764 8 0.0 
5764 8 0.0 
5764 8 0.0 
5764 8 0.0 
5764 8 0.0 
5764 8 0.0 
5764 12 0.0 
5764 14 0.0 
5764 75 0.0 
5764 75 0.0 
5764 98 0.0 
5764 98 0.0 
5764 103 0.02851190418 
5764 103 0.0 
5764 107 0.0 
5764 110 0.00178352091461 
5764 110 0.00178352091461 
5764 110 0.00178352091461 
5764 113 0.0301647670567 
5764 210 0.00746010337025 
5764 261 0.0 
5764 270 0.0 
5764 327 0.0 
5764 328 0.0 
5764 332 0.0 
5765 19 0.0 
5765 19 0.0 
5766 93 0.011519276537 
5767 321 0.0 
5767 321 0.0 
5768 113 0.0 
5768 113 0.0 
5768 350 0.0 
5769 350 0.0 
5770 307 0.0 
5771 217 0.0 
5771 335 0.0 
5771 335 0.0 
5772 309 0.0 
5773 38 0.0 
5773 139 0.0 
5774 4 0.0 
5774 5 0.0 
5774 7 0.0 
5774 8 0.0 
5774 8 0.0 
5774 8 0.0 
5774 54 0.0 
5774 124 0.0 
5774 124 0.0 
5774 124 0.0 
5774 124 0.0 
5774 124 0.0 
5774 124 0.0 
5774 124 0.0 
5774 124 0.0 
5774 124 0.0 
5774 124 0.0 
5774 128 0.0 
5774 128 0.0 
5774 128 0.0 
5774 128 0.0 
5774 128 0.0 
5774 128 0.0 
5774 128 0.0 
5774 128 0.0 
5774 128 0.0 
5774 128 0.0 
5774 128 0.0 
5774 128 0.0 
5774 281 0.0 
5774 290 0.0 
5774 293 0.0 
5774 299 0.0 
5774 299 0.0 
5774 327 0.0 
5774 334 0.0 
5774 334 0.0 
5774 335 0.0 
5774 335 0.0 
5774 335 0.0 
5774 339 0.0 
5774 350 0.0 
5775 2 0.0 
5775 3 0.0 
5775 3 0.0 
5775 3 0.0 
5775 3 0.0 
5775 3 0.0 
5775 4 0.0 
5775 4 0.0 
5775 4 0.0 
5775 4 0.0 
5775 4 0.0 
5775 4 0.0 
5775 4 0.0 
5775 4 0.0 
5775 4 0.0 
5775 5 0.0 
5775 5 0.0 
5775 5 0.0 
5775 7 0.0 
5775 7 0.0 
5775 7 0.0 
5775 7 0.0 
5775 7 0.0 
5775 7 0.0 
5775 8 0.0 
5775 9 0.00282776611857 
5775 11 0.0 
5775 28 0.0 
5775 44 0.0 
5775 44 0.0 
5775 54 0.0 
5775 54 0.0 
5775 59 0.0 
5775 59 0.0 
5775 66 0.0 
5775 66 0.0 
5775 70 0.0 
5775 80 0.414267718792 
5775 82 0.0 
5775 82 0.000900581944734 
5775 86 0.0394540689886 
5775 91 0.0257489737123 
5775 111 0.0 
5775 111 0.0 
5775 111 0.0 
5775 111 0.0 
5775 113 0.0 
5775 113 0.0 
5775 113 0.0 
5775 113 0.0 
5775 113 0.0 
5775 121 0.0 
5775 123 0.000193718835362 
5775 124 0.0 
5775 124 0.0 
5775 139 0.0 
5775 163 0.0 
5775 163 0.0 
5775 163 0.0 
5775 167 0.0 
5775 167 0.0132646225393 
5775 183 0.010840463452 
5775 213 0.0 
5775 222 0.0116212181747 
5775 222 0.0 
5775 222 0.00733217224479 
5775 222 0.00733217224479 
5775 228 0.0 
5775 254 0.0 
5775 254 0.0 
5775 254 0.0 
5775 260 0.0 
5775 260 0.0 
5775 260 0.0 
5775 260 0.0 
5775 260 0.0 
5775 260 0.0 
5775 262 0.0 
5775 269 0.0 
5775 269 0.0 
5775 269 0.0 
5775 269 0.0 
5775 269 0.0 
5775 269 0.0 
5775 278 0.0 
5775 288 0.0 
5775 288 0.0 
5775 288 0.0 
5775 288 0.0 
5775 288 0.0 
5775 288 0.0 
5775 288 0.0 
5775 288 0.0 
5775 288 0.0 
5775 288 0.0 
5775 288 0.0 
5775 288 0.0 
5775 288 0.00118871650193 
5775 288 0.0 
5775 288 0.0 
5775 288 0.0 
5775 288 0.0 
5775 288 0.0 
5775 288 0.0 
5775 288 0.0 
5775 288 0.0 
5775 288 0.0 
5775 288 0.0 
5775 288 0.0 
5775 288 0.0 
5775 288 0.0 
5775 288 0.0 
5775 288 0.0 
5775 290 0.0 
5775 294 0.0 
5775 299 0.0 
5775 299 0.0 
5775 299 0.0 
5775 299 0.0 
5775 299 0.0 
5775 299 0.0 
5775 299 0.0 
5775 299 0.0 
5775 299 0.0 
5775 332 0.0 
5775 336 0.0 
5775 336 0.0 
5775 336 0.0 
5775 336 0.0 
5775 336 0.0 
5775 336 0.0 
5775 336 0.0 
5775 336 0.0 
5775 336 0.0 
5775 336 0.0 
5775 336 0.0 
5775 336 0.0 
5775 336 0.0 
5775 336 0.0 
5775 336 0.0 
5775 336 0.0 
5775 336 0.0 
5775 338 0.0 
5775 338 0.0 
5775 354 0.0 
5776 113 0.0 
5777 160 0.0 
5777 299 0.0 
5777 306 0.0 
5778 44 0.0 
5778 113 0.0 
5778 113 0.0 
5778 113 0.0 
5778 113 0.0 
5778 128 0.0 
5778 160 0.0 
5778 217 0.0 
5778 217 0.0 
5778 217 0.0 
5778 217 0.0 
5778 231 0.0 
5778 283 0.0 
5778 308 0.0 
5778 308 0.0 
5778 321 0.0 
5778 340 0.0 
5778 340 0.0 
5778 340 0.0 
5778 340 0.0 
5778 340 0.0 
5778 340 0.0 
5778 340 0.0 
5778 352 0.0 
5778 352 0.0 
5779 8 0.0 
5779 8 0.0 
5780 5 0.0 
5780 5 0.0 
5780 5 0.0 
5780 21 0.0 
5780 54 0.0 
5780 95 0.0 
5780 113 0.0 
5780 125 0.0 
5780 299 0.0 
5780 312 0.0 
5781 353 0.0 
5782 111 0.00853020045906 
5783 103 0.0 
5783 113 0.0 
5783 113 0.0 
5783 113 0.0 
5783 113 0.0 
5783 113 0.0 
5783 113 0.0 
5783 113 0.0 
5783 113 0.0 
5783 124 0.0 
5783 124 0.0 
5783 124 0.0 
5783 124 0.0 
5783 124 0.0 
5783 128 0.0 
5783 166 0.0 
5783 228 0.0 
5783 289 0.0 
5783 306 0.0 
5784 9 0.0 
5784 80 0.0 
5784 82 0.0 
5784 86 0.0 
5785 289 0.0 
5785 289 0.0 
5785 289 0.0 
5785 289 0.0 
5785 289 0.0 
5785 289 0.0 
5786 338 0.0 
5787 293 0.0 
5787 293 0.0 
5788 350 0.0 
5789 113 0.0 
5789 305 0.0 
5790 103 0.0 
5790 103 0.0 
5790 113 0.0 
5790 284 0.0 
5790 299 0.0 
5790 306 0.0 
5791 139 0.0 
5791 166 0.0 
5791 189 0.0 
5792 8 0.0 
5792 8 0.0 
5792 231 0.0 
5792 231 0.0 
5793 185 0.0 
5794 113 0.0 
5794 113 0.0 
5795 16 0.0 
5795 16 0.0 
5795 16 0.0 
5795 16 0.0 
5795 16 0.0 
5795 17 0.0 
5795 17 0.0 
5795 17 0.0 
5795 17 0.0 
5795 17 0.0 
5795 19 0.0 
5795 19 0.0 
5795 19 0.0 
5795 19 0.0 
5795 19 0.0 
5795 132 0.0 
5795 132 0.0 
5795 132 0.0 
5795 132 0.0 
5795 132 0.0 
5795 135 0.0 
5795 135 0.0 
5795 135 0.0 
5795 135 0.0 
5795 135 0.0 
5795 138 0.0 
5795 138 0.0 
5795 138 0.0 
5795 138 0.0 
5795 138 0.0 
5795 142 0.0 
5795 142 0.0 
5795 142 0.0 
5795 142 0.0 
5795 142 0.0 
5795 143 0.0 
5795 143 0.0 
5795 143 0.0 
5795 143 0.0 
5795 143 0.0 
5795 144 0.0 
5795 144 0.0 
5795 144 0.0 
5795 144 0.0 
5795 144 0.0 
5795 146 0.0 
5795 146 0.0 
5795 146 0.0 
5795 146 0.0 
5795 146 0.0 
5795 151 0.0 
5795 151 0.0 
5795 151 0.0 
5795 151 0.0 
5795 151 0.0 
5795 156 0.0 
5795 156 0.0 
5795 156 0.0 
5795 156 0.0 
5795 156 0.0 
5795 167 0.0 
5795 167 0.0 
5795 167 0.0 
5795 167 0.0 
5795 167 0.0 
5795 192 0.0 
5795 192 0.0 
5795 192 0.0 
5795 192 0.0 
5795 192 0.0 
5795 196 0.0 
5795 196 0.0 
5795 196 0.0 
5795 196 0.0 
5795 196 0.0 
5795 207 0.0 
5795 207 0.0 
5795 207 0.0 
5795 207 0.0 
5795 207 0.0 
5795 212 0.0 
5795 212 0.0 
5795 212 0.0 
5795 212 0.0 
5795 212 0.0 
5796 350 0.0 
5796 350 0.0 
5796 350 0.0 
5796 350 0.0 
5796 350 0.0 
5796 350 0.0 
5797 4 0.0 
5797 4 0.0 
5797 103 0.0 
5797 124 0.0 
5797 217 0.0 
5797 217 0.0 
5797 284 0.0 
5797 350 0.0 
5798 176 0.0 
5799 113 0.0 
5799 113 0.0 
5799 113 0.0 
5799 113 0.0 
5799 260 0.0 
5799 269 0.0 
5799 305 0.0 
5799 340 0.0 
5799 340 0.0 
5799 340 0.0 
5800 242 0.0 
5800 321 0.0 
5800 321 0.0 
5801 28 0.0 
5801 268 0.0 
5802 139 0.0 
5802 351 0.0 
5802 354 0.0 
5803 48 0.0 
5803 213 0.0 
5804 139 0.0 
5804 213 0.0 
5804 213 0.0 
5805 28 0.0 
5805 48 0.0 
5805 124 0.0 
5805 124 0.0 
5805 213 0.0 
5806 7 0.0 
5806 83 0.0 
5806 213 0.0 
5807 124 0.0 
5807 173 0.0 
5807 173 0.0 
5807 181 0.0 
5807 213 0.0 
5807 307 0.000802067224868 
5807 307 0.000802067224868 
5807 307 0.0 
5807 307 0.0 
5807 307 0.0 
5807 331 0.0 
5807 355 0.0 
5808 213 0.0 
5809 8 0.0 
5809 8 0.0 
5809 8 0.0 
5809 8 0.0 
5809 12 0.0 
5809 75 0.0 
5809 75 0.0 
5809 103 0.0 
5809 107 0.0 
5809 110 0.00178352091461 
5809 110 0.00178352091461 
5809 113 0.0301647670567 
5809 210 0.00746010337025 
5809 270 0.0 
5809 332 0.0 
5810 124 0.0 
5810 234 0.0 
5810 238 0.0 
5810 299 0.0 
5810 350 0.0 
5810 350 0.0 
5810 350 0.0 
5811 299 0.0 
5812 113 0.0 
5812 113 0.0 
5812 124 0.0 
5812 124 0.0 
5812 180 0.0 
5812 306 0.0 
5812 350 0.0 
5813 306 0.0 
5814 289 0.0 
5814 305 0.0 
5815 28 0.0 
5816 15 0.0 
5816 113 0.0 
5816 251 0.0 
5816 251 0.0 
5816 282 0.0 
5816 288 0.0 
5816 307 0.0 
5816 336 0.0 
5817 44 0.0 
5818 155 0.00773743074387 
5819 67 0.0 
5820 338 0.0 
5821 155 0.0 
5822 247 0.00739763816819 
5822 247 0.0117249786854 
5822 299 0.0 
5823 336 0.0 
5824 24 0.0 
5824 124 0.0 
5824 256 0.0 
5824 258 0.0 
5824 264 0.0 
5824 272 0.0 
5824 273 0.0 
5824 275 0.0 
5824 279 0.0 
5824 282 0.0 
5824 283 0.0 
5824 285 0.0 
5824 289 0.0 
5824 291 0.0 
5824 293 0.0 
5824 299 0.0 
5824 304 0.0 
5824 305 0.0 
5824 306 0.0 
5824 307 0.0 
5824 308 0.0 
5824 309 0.0 
5824 310 0.0 
5824 311 0.0 
5824 312 0.0 
5824 313 0.0 
5824 314 0.0 
5824 315 0.0 
5824 316 0.0 
5824 317 0.0 
5824 318 0.0 
5824 319 0.0 
5824 320 0.0 
5824 321 0.0 
5824 322 0.0 
5824 323 0.0 
5824 324 0.0 
5824 325 0.0 
5824 327 0.0 
5824 328 0.0 
5824 331 0.0 
5824 332 0.0 
5824 334 0.0 
5824 335 0.0 
5824 336 0.0 
5824 337 0.0 
5824 338 0.0 
5824 339 0.0 
5824 340 0.0 
5824 342 0.0 
5824 350 0.0 
5824 351 0.0 
5824 352 0.0 
5825 124 0.0 
5826 113 0.0 
5826 113 0.0 
5826 299 0.0 
5827 338 0.0 
5828 271 0.0 
5829 28 0.0 
5830 30 0.0 
5831 70 0.0 
5832 54 0.0 
5833 290 0.0 
5834 231 0.0 
5835 97 0.0 
5835 97 0.0 
5835 97 0.0 
5836 305 0.0 
5837 16 0.0 
5837 16 0.0 
5837 19 0.0 
5837 105 0.0 
5837 105 0.0 
5837 105 0.0 
5837 105 0.0 
5837 105 0.0 
5837 185 0.0 
5837 185 0.0 
5837 199 0.0 
5837 199 0.0 
5837 199 0.0 
5837 199 0.0 
5837 199 0.0 
5837 199 0.0 
5837 199 0.0 
5837 199 0.0 
5837 199 0.0 
5837 199 0.0 
5837 199 0.0 
5837 199 0.0 
5837 199 0.0 
5837 199 0.0 
5837 199 0.0 
5837 199 0.0 
5837 199 0.0 
5838 8 0.0 
5838 8 0.0 
5838 75 0.0 
5838 103 0.0 
5838 110 0.00178352091461 
5838 210 0.00746010337025 
5838 270 0.0 
5839 28 0.0 
5839 83 0.0 
5839 113 0.0 
5839 113 0.0 
5839 113 0.0 
5839 189 0.0 
5839 340 0.0 
5840 83 0.0 
5840 164 0.0 
5840 321 0.0 
5841 28 0.0 
5841 28 0.0 
5841 83 0.0 
5842 139 0.0 
5842 322 0.0 
5842 351 0.0 
5843 133 0.0 
5844 136 0.0 
5845 113 0.0 
5846 299 0.0 
5847 113 0.0 
5847 350 0.0 
5848 227 0.0 
5849 18 0.0 
5849 189 0.0 
5849 204 0.0 
5850 18 0.0 
5850 54 0.0 
5850 163 0.0 
5850 163 0.0 
5850 163 0.0 
5850 294 0.0 
5850 299 0.0 
5850 299 0.0 
5850 299 0.0 
5850 299 0.0 
5850 350 0.0 
5850 350 0.0 
5850 350 0.0 
5851 44 0.0 
5851 128 0.0 
5851 128 0.0 
5851 128 0.0 
5851 128 0.0236519183964 
5851 128 0.0236519183964 
5851 128 0.0 
5851 128 0.0 
5851 128 0.0 
5851 128 0.0236519183964 
5851 128 0.0236519183964 
5851 128 0.0 
5851 128 0.0 
5851 128 0.0 
5851 128 0.0 
5851 128 0.0 
5851 128 0.0 
5851 128 0.0 
5851 128 0.0 
5851 128 0.0 
5851 128 0.0 
5851 128 0.0 
5851 128 0.0 
5851 128 0.0 
5851 128 0.0 
5851 128 0.0 
5851 128 0.0 
5851 128 0.0 
5851 128 0.0 
5851 128 0.0 
5851 128 0.0 
5851 128 0.0 
5851 128 0.0 
5851 128 0.0 
5851 128 0.0 
5851 128 0.0 
5851 128 0.0 
5851 128 0.0 
5851 128 0.0 
5851 128 0.0 
5851 128 0.0 
5851 128 0.0 
5851 128 0.0 
5851 128 0.0 
5851 128 0.0 
5851 218 0.0 
5851 310 0.0 
5851 310 0.0 
5851 310 0.0 
5851 310 0.0 
5851 310 0.0 
5851 310 0.0 
5851 310 0.0 
5851 313 0.0 
5851 313 0.0 
5851 313 0.0 
5851 338 0.0 
5851 340 0.0 
5852 113 0.0301647670567 
5852 113 0.0 
5852 113 0.0 
5852 113 0.0 
5852 113 0.0 
5852 340 0.0 
5852 340 0.0 
5853 315 0.00579395378008 
5853 334 0.0 
5853 334 0.0 
5853 335 0.0 
5853 338 0.0 
5853 338 0.0 
5853 340 0.0 
5853 340 0.0 
5854 337 0.0 
5855 340 0.0 
5855 340 0.0 
5855 340 0.0 
5855 340 0.0 
5855 340 0.0 
5855 340 0.0 
5856 292 0.00198689545505 
5856 292 0.0 
5856 292 0.0 
5856 350 0.0 
5857 281 0.0 
5858 285 0.0 
5859 3 0.0 
5859 3 0.0 
5859 3 0.0 
5859 5 0.0 
5859 8 0.0 
5859 8 0.0 
5859 14 0.0 
5859 14 0.0 
5859 14 0.0 
5859 35 0.0 
5859 54 0.0 
5859 70 0.0 
5859 89 0.0 
5859 94 0.0 
5859 94 0.0 
5859 98 0.0 
5859 103 0.0 
5859 103 0.0 
5859 103 0.02851190418 
5859 103 0.0 
5859 108 0.0 
5859 111 0.0 
5859 124 0.0 
5859 124 0.0 
5859 124 0.0 
5859 166 0.0 
5859 173 0.0 
5859 210 0.0 
5859 218 0.0 
5859 219 0.0 
5859 221 0.0 
5859 223 0.0 
5859 224 0.0 
5859 225 0.0 
5859 226 0.0 
5859 228 0.0 
5859 228 0.0 
5859 231 0.0 
5859 232 0.0 
5859 233 0.0 
5859 243 0.0 
5859 245 0.0 
5859 246 0.0 
5859 247 0.0 
5859 248 0.0 
5859 249 0.0 
5859 250 0.0 
5859 251 0.0 
5859 259 0.0 
5859 259 0.0 
5859 260 0.0 
5859 269 0.0 
5859 276 0.0 
5859 279 0.0 
5859 279 0.0 
5859 294 0.0 
5859 294 0.0 
5859 307 0.0 
5859 312 0.0 
5859 312 0.0 
5859 312 0.0 
5859 313 0.0 
5859 327 0.0 
5859 334 0.0 
5859 335 0.0 
5859 337 0.0 
5859 338 0.0 
5859 350 0.0 
5859 350 0.0 
5859 351 0.0 
5859 354 0.0 
5859 354 0.0 
5859 354 0.0 
5860 44 0.0 
5860 44 0.0 
5861 162 0.0 
5861 162 0.0 
5861 162 0.0 
5862 298 0.0 
5862 308 0.0 
5862 310 0.0 
5862 313 0.00587613787502 
5862 313 0.00587613787502 
5862 313 0.0 
5862 313 0.0 
5862 334 0.0 
5862 334 0.0 
5862 334 0.0 
5862 334 0.0 
5862 334 0.000772167230025 
5862 335 0.0 
5863 332 0.0 
5864 97 0.0 
5864 164 0.0 
5865 38 0.0 
5865 38 0.0 
5865 113 0.0 
5865 113 0.0 
5865 113 0.0 
5865 113 0.0 
5865 113 0.0 
5865 113 0.0 
5865 173 0.0 
5865 289 0.0 
5865 355 0.0 
5866 164 0.0 
5867 128 0.0 
5867 128 0.0 
5868 8 0.0 
5868 44 0.0 
5868 112 0.0 
5868 113 0.0 
5868 128 0.0 
5868 128 0.0 
5868 128 0.0 
5868 128 0.0 
5868 128 0.0 
5868 128 0.0 
5868 128 0.0 
5868 281 0.0 
5868 281 0.0 
5868 299 0.0 
5868 299 0.0 
5868 299 0.0 
5868 305 0.0 
5868 310 0.0 
5868 331 0.0 
5868 339 0.0 
5868 339 0.0 
5868 339 0.0 
5868 339 0.0 
5869 7 0.0 
5869 7 0.0 
5869 7 0.0 
5869 8 0.0 
5869 8 0.0 
5869 59 0.0 
5869 113 0.0 
5869 124 0.0 
5869 128 0.0 
5869 128 0.0 
5869 128 0.0 
5869 254 0.0 
5869 313 0.0 
5869 334 0.0 
5869 335 0.0 
5869 338 0.0 
5869 338 0.0 
5869 338 0.0 
5869 350 0.0 
5870 338 0.0 
5870 350 0.0 
5870 350 0.0 
5871 299 0.0 
5872 199 0.0 
5873 7 0.0 
5873 54 0.0 
5874 113 0.0 
5875 337 0.0 
5875 350 0.0 
5876 350 0.0 
5877 299 0.0 
5878 113 0.0 
5878 113 0.0 
5878 113 0.0 
5878 124 0.0 
5878 124 0.0 
5878 128 0.0236519183964 
5878 271 0.0 
5878 290 0.0 
5879 337 0.0 
5880 243 0.0 
5881 16 0.0 
5881 17 0.0 
5881 19 0.0 
5881 132 0.0 
5881 135 0.0 
5881 138 0.0 
5881 142 0.0 
5881 143 0.0 
5881 144 0.0 
5881 146 0.0 
5881 151 0.0 
5881 156 0.0 
5881 167 0.0 
5881 192 0.0 
5881 196 0.0 
5881 207 0.0 
5881 212 0.0 
5882 128 0.0236519183964 
5882 340 0.0 
5883 3 0.0 
5883 7 0.0 
5883 28 0.0 
5883 28 0.0 
5883 32 0.0 
5883 83 0.0 
5883 83 0.0 
5883 83 0.0 
5883 83 0.0 
5883 83 0.0 
5883 83 0.0 
5884 28 0.0 
5885 124 0.0 
5885 124 0.0 
5885 124 0.0 
5885 124 0.0 
5885 124 0.0 
5885 124 0.0 
5885 299 0.0 
5885 299 0.0 
5885 299 0.0 
5885 299 0.0 
5885 299 0.0 
5885 299 0.0 
5885 299 0.0 
5885 299 0.0 
5885 350 0.0 
5885 350 0.0 
5885 350 0.0 
5885 354 0.0 
5885 354 0.0 
5886 173 0.0 
5887 164 0.0 
5888 199 0.0 
5888 199 0.0 
5889 113 0.0 
5890 228 0.0 
5890 228 0.0 
5891 350 0.0 
5892 254 0.0 
5892 254 0.0 
5892 254 0.0 
5892 254 0.0 
5892 332 0.0 
5892 332 0.0 
5893 299 0.0 
5893 299 0.0 
5893 354 0.0 
5894 113 0.0 
5895 336 0.0 
5896 1 0.0 
5896 1 0.0 
5896 20 0.0 
5896 20 0.0 
5896 28 0.0 
5896 61 0.0 
5896 61 0.0 
5896 111 0.0 
5896 124 0.0 
5896 124 0.0 
5896 124 0.0 
5896 124 0.0 
5896 124 0.0 
5896 139 0.0 
5896 166 0.0 
5896 208 0.0 
5896 208 0.0 
5896 237 0.00230385549366 
5896 237 0.00230385549366 
5896 237 0.0 
5896 241 0.0 
5896 241 0.0162457935512 
5896 241 0.0162457935512 
5896 270 0.0 
5896 299 0.0 
5896 336 0.0 
5896 336 0.0 
5896 350 0.0 
5896 350 0.0 
5897 24 0.0 
5897 24 0.0 
5897 24 0.0 
5897 24 0.0 
5897 24 0.0 
5897 24 0.0 
5897 256 0.0 
5897 256 0.0 
5897 256 0.0 
5897 256 0.0 
5897 256 0.0 
5897 256 0.0 
5898 124 0.0 
5899 75 0.0 
5899 83 0.0 
5900 339 0.0 
5901 44 0.0 
5902 113 0.0 
5902 113 0.0 
5902 113 0.0 
5903 350 0.0 
5904 113 0.0 
5905 354 0.0 
5906 128 0.0 
5906 128 0.0 
5906 128 0.0 
5906 128 0.0 
5906 231 0.0 
5906 231 0.0 
5906 231 0.0 
5906 231 0.0 
5906 318 0.00583475688472 
5907 124 0.0 
5907 283 0.0 
5907 340 0.0 
5907 340 0.0 
5908 306 0.0 
5909 1 0.0121843442321 
5909 1 0.0193117279559 
5909 1 0.0193117279559 
5909 1 0.0193117279559 
5909 1 0.0 
5909 1 0.0193117279559 
5909 1 0.0193117279559 
5909 1 0.0 
5909 1 0.0193117279559 
5909 1 0.0193117279559 
5909 1 0.0193117279559 
5909 1 0.0193117279559 
5909 1 0.0 
5909 1 0.0193117279559 
5909 1 0.0193117279559 
5909 3 0.0 
5909 3 0.0 
5909 3 0.0 
5909 3 0.0 
5909 3 0.0 
5909 3 0.0 
5909 3 0.0 
5909 3 0.0 
5909 3 0.0 
5909 3 0.0 
5909 3 0.0 
5909 3 0.0 
5909 3 0.0 
5909 3 0.0 
5909 3 0.0 
5909 3 0.0 
5909 3 0.0 
5909 3 0.0 
5909 3 0.0 
5909 3 0.0 
5909 3 0.0 
5909 3 0.0 
5909 3 0.0 
5909 3 0.0 
5909 3 0.0 
5909 3 0.0 
5909 3 0.00107882218435 
5909 3 0.0 
5909 3 0.0 
5909 3 0.0 
5909 3 0.0 
5909 3 0.0 
5909 3 0.0 
5909 3 0.0 
5909 3 0.0 
5909 4 0.0 
5909 4 0.0 
5909 4 0.0 
5909 4 0.0 
5909 4 0.0 
5909 4 0.0 
5909 4 0.0 
5909 4 0.0 
5909 4 0.0 
5909 4 0.0 
5909 4 0.00110915047117 
5909 5 0.26263949275 
5909 5 0.0 
5909 5 0.0 
5909 7 0.0 
5909 7 0.000341978564393 
5909 7 0.0 
5909 7 0.0 
5909 7 0.0 
5909 7 0.0 
5909 7 0.0 
5909 7 0.0 
5909 7 0.0 
5909 7 0.0 
5909 7 0.0 
5909 7 0.0 
5909 7 0.0 
5909 7 0.0 
5909 7 0.0 
5909 7 0.0 
5909 7 0.0 
5909 7 0.0 
5909 7 0.0 
5909 7 0.0 
5909 7 0.0 
5909 7 0.0 
5909 7 0.0 
5909 7 0.0 
5909 7 0.0 
5909 7 0.0 
5909 7 0.0 
5909 7 0.0 
5909 7 0.0 
5909 7 0.0 
5909 7 0.0 
5909 7 0.0 
5909 7 0.0 
5909 8 0.0 
5909 8 0.0 
5909 8 0.00825910456479 
5909 8 0.00825910456479 
5909 8 0.00825910456479 
5909 10 0.00220335158519 
5909 10 0.00220335158519 
5909 10 0.00220335158519 
5909 10 0.00220335158519 
5909 10 0.00220335158519 
5909 10 0.00220335158519 
5909 10 0.00220335158519 
5909 10 0.00139016017783 
5909 11 0.0 
5909 11 0.0 
5909 11 0.00366608612239 
5909 11 0.0 
5909 11 0.0 
5909 11 0.0 
5909 11 0.00366608612239 
5909 12 0.00717713404447 
5909 12 0.0 
5909 12 0.00452826777473 
5909 12 0.00452826777473 
5909 13 0.0 
5909 13 0.0 
5909 13 0.00377355632372 
5909 13 0.0 
5909 14 0.0 
5909 14 0.0 
5909 14 0.0 
5909 14 0.0 
5909 14 0.0 
5909 14 0.0 
5909 14 0.00528563931584 
5909 14 0.00528563931584 
5909 14 0.0 
5909 14 0.0 
5909 14 0.00837753992528 
5909 14 0.0 
5909 15 0.00277631613426 
5909 16 0.00296432850882 
5909 16 0.0 
5909 17 0.00317197502591 
5909 17 0.0 
5909 18 0.00594676844776 
5909 18 0.00375199317932 
5909 18 0.0 
5909 18 0.0 
5909 19 0.0 
5909 19 0.0 
5909 19 0.00269005005248 
5909 20 0.00269005005248 
5909 20 0.0 
5909 20 0.0 
5909 21 0.0 
5909 21 0.00442154100165 
5909 22 0.0 
5909 22 0.0656598731875 
5909 22 0.0 
5909 22 0.0 
5909 22 0.0 
5909 23 0.00253374734893 
5909 24 0.0 
5909 24 0.00316433166154 
5909 24 0.0 
5909 25 0.0 
5909 25 0.0 
5909 25 0.0 
5909 25 0.0 
5909 25 0.0 
5909 25 0.0 
5909 25 0.0 
5909 25 0.0 
5909 25 0.0 
5909 25 0.0 
5909 27 0.000406942766858 
5909 27 0.0 
5909 28 0.0 
5909 28 0.0 
5909 28 0.0 
5909 28 0.0 
5909 28 0.0 
5909 28 0.0 
5909 28 0.0 
5909 28 0.0 
5909 28 0.218866273761 
5909 28 0.0 
5909 28 0.0 
5909 28 0.0 
5909 28 0.0 
5909 28 0.0 
5909 28 0.0 
5909 28 0.0 
5909 28 0.0 
5909 28 0.0 
5909 28 0.0 
5909 28 0.0 
5909 28 0.0 
5909 28 0.0 
5909 28 0.0 
5909 28 0.0 
5909 28 0.0 
5909 28 0.0 
5909 28 0.0 
5909 28 0.0 
5909 28 0.0 
5909 28 0.0 
5909 28 0.0 
5909 28 0.0 
5909 28 0.0 
5909 28 0.0 
5909 28 0.0 
5909 28 0.0 
5909 28 0.0 
5909 28 0.0 
5909 28 0.0 
5909 28 0.0 
5909 28 0.0 
5909 28 0.0 
5909 28 0.0 
5909 28 0.0 
5909 30 0.0 
5909 32 0.0 
5909 32 0.0 
5909 32 0.0 
5909 32 0.0 
5909 32 0.0 
5909 32 0.0 
5909 32 0.0 
5909 32 0.0 
5909 32 0.0 
5909 32 0.0 
5909 32 0.0 
5909 32 0.0 
5909 32 0.0 
5909 32 0.0 
5909 34 0.0184118989855 
5909 34 0.0 
5909 34 0.0 
5909 35 0.0 
5909 35 0.0 
5909 35 0.0 
5909 38 0.0 
5909 38 0.0 
5909 38 0.0 
5909 43 0.00334146968089 
5909 43 0.0 
5909 45 0.0 
5909 45 0.0 
5909 45 0.0 
5909 45 0.0 
5909 48 0.0 
5909 51 0.437732547522 
5909 54 0.0 
5909 54 0.0 
5909 54 0.0 
5909 57 0.0202081818134 
5909 58 0.0820748507977 
5909 61 0.187599658966 
5909 61 0.118362210691 
5909 61 0.0 
5909 61 0.187599658966 
5909 61 0.187599658966 
5909 61 0.187599658966 
5909 61 0.187599658966 
5909 61 0.187599658966 
5909 61 0.0 
5909 61 0.0 
5909 61 0.187599658966 
5909 61 0.187599658966 
5909 61 0.187599658966 
5909 61 0.187599658966 
5909 61 0.187599658966 
5909 67 0.187599658966 
5909 70 0.0 
5909 70 0.187599658966 
5909 73 0.276178479195 
5909 74 0.00470680138096 
5909 75 0.0 
5909 75 0.138089239597 
5909 77 0.118362210691 
5909 77 0.0 
5909 79 0.00552356941625 
5909 81 0.00920594949275 
5909 83 0.0 
5909 83 0.0 
5909 83 0.0 
5909 83 0.0 
5909 83 0.0 
5909 83 0.0 
5909 83 0.0 
5909 83 0.0 
5909 83 0.0 
5909 83 0.0 
5909 83 0.0 
5909 83 0.0 
5909 83 0.0 
5909 83 0.0 
5909 83 0.0 
5909 83 0.0 
5909 83 0.0 
5909 83 0.207133859396 
5909 83 0.0 
5909 83 0.0 
5909 83 0.0 
5909 83 0.0 
5909 83 0.0 
5909 83 0.0 
5909 83 0.0 
5909 83 0.0 
5909 83 0.0 
5909 83 0.0 
5909 83 0.0 
5909 83 0.0 
5909 83 0.0 
5909 83 0.0 
5909 83 0.0 
5909 83 0.0 
5909 83 0.0 
5909 83 0.0 
5909 83 0.0 
5909 83 0.0 
5909 84 0.00282776611857 
5909 85 0.0051097185351 
5909 85 0.0051097185351 
5909 85 0.0051097185351 
5909 85 0.0051097185351 
5909 85 0.0051097185351 
5909 85 0.0051097185351 
5909 85 0.00322387344204 
5909 85 0.0051097185351 
5909 86 0.0625332221389 
5909 87 0.0 
5909 87 0.0345223098993 
5909 88 0.0 
5909 88 0.0106222489849 
5909 89 0.0 
5909 89 0.0 
5909 89 0.0116695137694 
5909 90 0.0 
5909 90 0.00308005744591 
5909 90 0.0 
5909 91 0.0257489737123 
5909 91 0.0257489737123 
5909 91 0.0162457935512 
5909 91 0.0257489737123 
5909 92 0.00304608605802 
5909 92 0.0 
5909 92 0.0 
5909 92 0.00304608605802 
5909 92 0.00482793198898 
5909 93 0.011519276537 
5909 93 0.011519276537 
5909 93 0.011519276537 
5909 93 0.011519276537 
5909 93 0.011519276537 
5909 93 0.00726785464212 
5909 93 0.011519276537 
5909 94 0.00269005005248 
5909 94 0.0 
5909 94 0.0 
5909 94 0.0 
5909 95 0.0 
5909 95 0.00986351724714 
5909 96 0.0 
5909 97 0.00733629940078 
5909 98 0.0 
5909 99 0.00854160264134 
5909 99 0.0 
5909 100 0.0 
5909 100 0.437732547522 
5909 102 0.0 
5909 102 0.000842007575557 
5909 103 0.0 
5909 103 0.0 
5909 103 0.0 
5909 103 0.02851190418 
5909 103 0.0179890096188 
5909 103 0.0 
5909 103 0.0 
5909 103 0.0 
5909 103 0.0 
5909 103 0.0179890096188 
5909 103 0.02851190418 
5909 103 0.02851190418 
5909 104 0.00324915838428 
5909 104 0.0051497942768 
5909 106 0.00361762428656 
5909 106 0.00573379872367 
5909 107 0.00305394781753 
5909 107 0.00484039308503 
5909 108 0.00232013710774 
5909 108 0.00367733021267 
5909 109 0.0 
5909 109 0.0 
5909 109 0.00386234582402 
5909 109 0.0 
5909 109 0.00612167315558 
5909 109 0.0 
5909 109 0.0 
5909 109 0.0 
5909 109 0.0 
5909 109 0.0 
5909 109 0.0 
5909 109 0.0 
5909 109 0.0 
5909 110 0.00112527643796 
5909 110 0.00178352091461 
5909 110 0.00178352091461 
5909 110 0.00178352091461 
5909 111 0.00853020045906 
5909 111 0.00538195716217 
5909 112 0.000252838770393 
5909 112 0.000159523508046 
5909 113 0.0 
5909 113 0.0 
5909 113 0.0 
5909 113 0.0 
5909 113 0.0 
5909 113 0.0 
5909 113 0.0 
5909 113 0.0 
5909 113 0.0 
5909 113 0.0 
5909 113 0.0 
5909 113 0.0 
5909 113 0.0 
5909 113 0.0 
5909 113 0.0 
5909 113 0.0 
5909 113 0.0 
5909 113 0.0 
5909 113 0.0 
5909 113 0.0 
5909 113 0.0 
5909 113 0.0 
5909 113 0.0 
5909 113 0.0 
5909 113 0.0 
5909 113 0.0301647670567 
5909 113 0.0301647670567 
5909 113 0.0 
5909 113 0.0 
5909 113 0.0 
5909 113 0.0301647670567 
5909 113 0.0 
5909 113 0.0 
5909 113 0.0301647670567 
5909 113 0.0 
5909 113 0.0 
5909 113 0.0 
5909 113 0.0 
5909 113 0.0 
5909 113 0.0 
5909 113 0.0 
5909 113 0.0 
5909 113 0.0 
5909 113 0.0 
5909 113 0.0 
5909 113 0.0 
5909 113 0.0 
5909 113 0.0 
5909 113 0.0301647670567 
5909 113 0.0 
5909 113 0.0301647670567 
5909 113 0.0 
5909 113 0.0 
5909 113 0.0301647670567 
5909 113 0.0 
5909 113 0.0301647670567 
5909 113 0.0 
5909 113 0.0 
5909 113 0.0 
5909 113 0.0 
5909 113 0.0 
5909 113 0.0 
5909 113 0.0 
5909 113 0.0 
5909 113 0.0 
5909 113 0.0 
5909 113 0.0 
5909 113 0.0 
5909 113 0.0301647670567 
5909 113 0.0 
5909 113 0.0 
5909 113 0.0 
5909 113 0.0 
5909 113 0.0 
5909 113 0.0 
5909 113 0.0 
5909 113 0.0 
5909 113 0.0 
5909 113 0.0 
5909 113 0.0 
5909 113 0.0 
5909 113 0.0 
5909 113 0.0 
5909 113 0.0301647670567 
5909 113 0.0 
5909 113 0.0 
5909 113 0.0 
5909 113 0.0 
5909 113 0.0 
5909 113 0.0 
5909 113 0.0 
5909 113 0.0 
5909 113 0.0 
5909 113 0.0 
5909 113 0.0301647670567 
5909 113 0.0 
5909 113 0.0 
5909 113 0.0 
5909 113 0.0 
5909 113 0.0 
5909 113 0.0301647670567 
5909 113 0.0 
5909 113 0.0 
5909 113 0.0 
5909 113 0.0 
5909 113 0.0 
5909 113 0.0 
5909 113 0.0 
5909 113 0.0 
5909 113 0.0 
5909 113 0.0 
5909 113 0.0 
5909 113 0.0 
5909 113 0.0 
5909 113 0.0190318487585 
5909 113 0.0 
5909 113 0.0301647670567 
5909 113 0.0301647670567 
5909 113 0.0 
5909 113 0.0301647670567 
5909 113 0.0 
5909 113 0.0 
5909 113 0.0 
5909 113 0.0 
5909 113 0.0 
5909 113 0.0 
5909 113 0.0 
5909 113 0.0 
5909 113 0.0 
5909 113 0.0 
5909 113 0.0 
5909 113 0.0 
5909 113 0.0 
5909 113 0.0 
5909 113 0.0 
5909 113 0.0 
5909 113 0.0 
5909 113 0.0 
5909 113 0.0 
5909 113 0.0 
5909 113 0.0 
5909 113 0.0 
5909 113 0.0 
5909 113 0.0 
5909 113 0.0 
5909 113 0.0 
5909 113 0.0 
5909 113 0.0 
5909 113 0.0 
5909 113 0.0 
5909 113 0.0 
5909 113 0.0 
5909 113 0.0301647670567 
5909 113 0.0 
5909 113 0.0 
5909 113 0.0 
5909 113 0.0 
5909 113 0.0 
5909 113 0.0 
5909 113 0.0 
5909 113 0.0 
5909 113 0.0 
5909 113 0.0 
5909 113 0.0 
5909 113 0.0 
5909 113 0.0 
5909 113 0.0 
5909 113 0.0 
5909 113 0.0 
5909 113 0.0 
5909 113 0.0 
5909 113 0.0 
5909 113 0.0 
5909 113 0.0 
5909 113 0.0 
5909 113 0.0 
5909 113 0.0 
5909 113 0.0 
5909 113 0.0 
5909 113 0.0 
5909 113 0.0 
5909 113 0.0 
5909 113 0.0 
5909 113 0.0 
5909 113 0.0 
5909 113 0.0 
5909 113 0.0 
5909 113 0.0 
5909 113 0.0 
5909 113 0.0 
5909 113 0.0 
5909 113 0.0 
5909 113 0.0 
5909 113 0.0 
5909 113 0.0 
5909 113 0.0 
5909 113 0.0 
5909 113 0.0 
5909 113 0.0 
5909 113 0.0 
5909 113 0.0 
5909 113 0.0 
5909 113 0.0 
5909 113 0.0 
5909 113 0.0 
5909 113 0.0 
5909 113 0.0 
5909 113 0.0 
5909 113 0.0 
5909 113 0.0 
5909 113 0.0 
5909 113 0.0 
5909 113 0.0 
5909 113 0.0 
5909 113 0.0 
5909 113 0.0 
5909 113 0.0 
5909 113 0.0 
5909 113 0.0 
5909 113 0.0 
5909 113 0.0 
5909 113 0.0 
5909 113 0.0 
5909 113 0.0 
5909 113 0.0 
5909 113 0.0 
5909 113 0.0 
5909 113 0.0 
5909 113 0.0 
5909 113 0.0 
5909 113 0.0 
5909 113 0.0 
5909 113 0.0 
5909 113 0.0 
5909 113 0.0 
5909 113 0.0 
5909 113 0.0 
5909 113 0.0 
5909 113 0.0 
5909 113 0.0 
5909 113 0.0 
5909 113 0.0 
5909 113 0.0 
5909 113 0.0 
5909 113 0.0 
5909 113 0.0 
5909 113 0.0 
5909 113 0.0 
5909 113 0.0 
5909 113 0.0 
5909 113 0.0 
5909 113 0.0 
5909 113 0.0 
5909 113 0.0 
5909 114 0.00673606060445 
5909 114 0.0106764035299 
5909 115 0.0190318487585 
5909 115 0.0 
5909 116 0.0104222027585 
5909 116 0.00657567800954 
5909 117 0.00662828376517 
5909 117 0.0 
5909 118 0.0145910838619 
5909 118 0.0 
5909 119 0.0231263209134 
5909 119 0.0145910838619 
5909 120 0.00167073484045 
5909 120 0.00264805206098 
5909 121 0.0 
5909 121 0.0 
5909 121 0.0 
5909 121 0.0 
5909 121 0.0175093002617 
5909 121 0.0 
5909 121 0.0 
5909 121 0.0 
5909 121 0.0 
5909 121 0.0 
5909 121 0.0 
5909 121 0.0 
5909 121 0.0 
5909 121 0.0 
5909 121 0.0 
5909 121 0.0 
5909 121 0.0277515854686 
5909 121 0.0 
5909 121 0.0 
5909 121 0.0 
5909 121 0.0 
5909 121 0.0 
5909 121 0.0 
5909 121 0.0 
5909 121 0.0 
5909 122 0.0231263209134 
5909 122 0.0145910838619 
5909 123 0.000193718835362 
5909 123 0.000307037087623 
5909 124 0.0160146057606 
5909 124 0.0 
5909 124 0.0 
5909 124 0.0 
5909 124 0.0 
5909 124 0.0 
5909 124 0.0 
5909 125 0.01367914211 
5909 125 0.0216809269041 
5909 126 0.01367914211 
5909 126 0.0216809269041 
5909 127 0.000317960424582 
5909 127 0.000200610695174 
5909 128 0.0 
5909 128 0.0 
5909 128 0.0 
5909 128 0.0236519183964 
5909 128 0.0236519183964 
5909 128 0.0 
5909 128 0.0236519183964 
5909 128 0.0236519183964 
5909 128 0.0 
5909 128 0.014922699891 
5909 129 0.0128744859248 
5909 129 0.0204055774957 
5909 130 0.0127494912595 
5909 130 0.020207464695 
5909 131 0.00809871219099 
5909 131 0.0051097185351 
5909 132 0.0182388555259 
5909 132 0.0 
5909 133 0.0152697404847 
5909 133 0.0 
5909 134 0.00505075976253 
5909 134 0.00800526514649 
5909 135 0.0182388555259 
5909 135 0.0 
5909 136 0.00781637150794 
5909 136 0.0 
5909 137 0.0 
5909 137 0.00512967817485 
5909 137 0.0 
5909 137 0.0 
5909 138 0.00164355151355 
5909 138 0.0 
5909 139 0.019452046603 
5909 139 0.0122728748247 
5909 139 0.0 
5909 139 0.0 
5909 140 0.0110471388325 
5909 140 0.0175093002617 
5909 141 0.0051097185351 
5909 142 0.0051097185351 
5909 142 0.0 
5909 143 0.0051097185351 
5909 143 0.0 
5909 144 0.0121592376381 
5909 144 0.0 
5909 145 0.0051097185351 
5909 145 0.00809871219099 
5909 146 0.0 
5909 146 0.0144307417795 
5909 147 0.018751071766 
5909 147 0.0118306092918 
5909 148 0.0179428346455 
5909 148 0.011320669204 
5909 149 0.0152697404847 
5909 149 0.0242019649595 
5909 150 0.0080361738801 
5909 150 0.00507026072592 
5909 151 0.00706020230427 
5909 151 0.0 
5909 152 0.0115631604567 
5909 152 0.00729554193094 
5909 152 0.0 
5909 153 0.00454393634573 
5909 153 0.00720196869224 
5909 153 0.0 
5909 154 0.00462393509224 
5909 154 0.00732876360416 
5909 154 0.0 
5909 155 0.00488177547231 
5909 155 0.0 
5909 155 0.00773743074387 
5909 156 0.0 
5909 156 0.00725523522124 
5909 157 0.0132646225393 
5909 157 0.0210239291191 
5909 157 0.0 
5909 158 0.01367914211 
5909 158 0.0216809269041 
5909 159 0.00386153790168 
5909 159 0.00243635918014 
5909 160 0.0 
5909 160 0.0 
5909 160 0.0 
5909 160 0.0 
5909 160 0.0 
5909 160 0.0 
5909 160 0.0106192296371 
5909 160 0.0 
5909 160 0.0106192296371 
5909 160 0.00669998768717 
5909 160 0.0 
5909 161 0.00625332212076 
5909 161 0.0 
5909 161 0.0099112810567 
5909 162 0.00348124140874 
5909 162 0.00551763689145 
5909 163 0.0 
5909 164 0.0193117298186 
5909 164 0.0 
5909 164 0.0306083671749 
5909 165 0.00140599312726 
5909 165 0.0022284463048 
5909 166 0.00634563714266 
5909 166 0.0 
5909 166 0.00400365144014 
5909 166 0.0 
5909 166 0.0 
5909 166 0.0 
5909 166 0.0 
5909 167 0.0132646225393 
5909 167 0.0 
5909 168 0.0107287056744 
5909 168 0.00676905969158 
5909 169 0.0 
5909 169 0.00715247076005 
5909 169 0.00451270677149 
5909 170 0.00691156601533 
5909 170 0.0109545728192 
5909 170 0.0 
5909 171 0.0 
5909 171 0.00733629893512 
5909 171 0.0116277588531 
5909 172 0.00106764037628 
5909 172 0.00169216981158 
5909 172 0.0 
5909 173 0.0 
5909 173 0.0 
5909 173 0.0 
5909 173 0.0174904949963 
5909 173 0.0 
5909 173 0.0110352737829 
5909 173 0.0 
5909 174 0.0136932171881 
5909 174 0.00863945763558 
5909 175 0.00426510022953 
5909 175 0.00269097858109 
5909 176 0.0106764025986 
5909 176 0.0169216971844 
5909 176 0.0 
5909 177 0.00687537994236 
5909 177 0.0108972201124 
5909 178 0.0 
5909 178 0.0118935368955 
5909 178 0.00750398635864 
5909 179 0.00412955228239 
5909 179 0.00654518511146 
5909 179 0.0 
5909 180 0.00424983073026 
5909 180 0.00673582218587 
5909 180 0.0 
5909 181 0.010840463452 
5909 181 0.0 
5909 181 0.00683957105502 
5909 182 0.0069850939326 
5909 182 0.0110711120069 
5909 182 0.0 
5909 183 0.00683957105502 
5909 183 0.0 
5909 183 0.010840463452 
5909 184 0.0 
5909 184 0.00396428443491 
5909 184 0.00628324225545 
5909 186 0.0 
5909 186 0.0106764025986 
5909 187 0.00656583253294 
5909 187 0.00414257915691 
5909 188 0.00440967967734 
5909 188 0.00278219813481 
5909 188 0.0 
5909 189 0.0 
5909 189 0.0 
5909 189 0.00717713404447 
5909 189 0.00452826777473 
5909 190 0.0093093868345 
5909 190 0.0147550292313 
5909 190 0.0 
5909 190 0.0 
5909 190 0.0 
5909 191 0.0 
5909 192 0.0105903036892 
5909 192 0.0 
5909 193 0.00920594949275 
5909 193 0.0145910847932 
5909 194 0.0 
5909 195 0.00382856442593 
5909 195 0.0060681309551 
5909 196 0.00920594949275 
5909 196 0.0 
5909 197 0.0 
5909 198 0.00229179346934 
5909 198 0.0036324064713 
5909 198 0.0 
5909 199 0.00691156601533 
5909 199 0.0109545728192 
5909 199 0.0 
5909 200 0.0 
5909 200 0.0110125336796 
5909 200 0.00694813532755 
5909 201 0.0145910847932 
5909 201 0.0 
5909 201 0.00920594949275 
5909 202 0.0 
5909 203 0.0 
5909 203 0.00544861005619 
5909 203 0.00343768997118 
5909 204 0.0144307427108 
5909 204 0.0 
5909 204 0.00910478550941 
5909 204 0.0 
5909 205 0.0 
5909 206 0.0 
5909 206 0.0040282132104 
5909 207 0.0 
5909 207 0.00272544543259 
5909 207 0.0 
5909 208 0.0 
5909 208 0.0 
5909 208 0.00345223094337 
5909 209 0.00383581197821 
5909 209 0.0 
5909 209 0.0060796183534 
5909 209 0.00383581197821 
5909 210 0.0 
5909 211 0.00224862620234 
5909 211 0.00356398802251 
5909 212 0.00529515184462 
5909 212 0.0 
5909 213 0.0 
5909 213 0.0547165647149 
5909 213 0.0345223098993 
5909 214 0.00519050424919 
5909 214 0.0 
5909 216 0.00261150416918 
5909 216 0.00164767575916 
5909 216 0.0 
5909 217 0.0 
5909 217 0.00401589460671 
5909 217 0.00253374734893 
5909 218 0.00266410107724 
5909 218 0.0 
5909 218 0.0 
5909 218 0.00422250013798 
5909 218 0.0 
5909 218 0.00266410107724 
5909 219 0.0 
5909 220 0.00311479484662 
5909 220 0.0 
5909 221 0.0 
5909 222 0.0 
5909 223 0.0 
5909 223 0.0117249786854 
5909 223 0.00739763816819 
5909 223 0.00739763816819 
5909 224 0.00733217224479 
5909 224 0.00733217224479 
5909 224 0.0116212181747 
5909 224 0.0 
5909 225 0.0 
5909 226 0.0 
5909 227 0.000888033711817 
5909 227 0.00140750012361 
5909 227 0.0 
5909 228 0.0 
5909 228 0.0 
5909 228 0.0 
5909 228 0.0 
5909 228 0.0 
5909 228 0.0 
5909 229 0.0 
5909 230 0.0 
5909 232 0.0 
5909 233 0.0 
5909 234 0.0 
5909 234 0.0 
5909 234 0.0 
5909 235 0.0109545728192 
5909 235 0.00691156601533 
5909 235 0.0 
5909 236 0.0116695137694 
5909 236 0.018495740369 
5909 236 0.0 
5909 237 0.00230385549366 
5909 237 0.00230385549366 
5909 237 0.0 
5909 237 0.00230385549366 
5909 237 0.0 
5909 238 0.0 
5909 238 0.0 
5909 238 0.00841793324798 
5909 238 0.0 
5909 239 0.0131513560191 
5909 239 0.020844405517 
5909 240 0.0110471388325 
5909 240 0.0 
5909 241 0.0162457935512 
5909 241 0.0 
5909 242 0.00122271664441 
5909 242 0.0 
5909 244 0.0 
5909 244 0.0 
5909 245 0.0 
5909 245 0.0116212181747 
5909 245 0.00733217224479 
5909 245 0.00733217224479 
5909 246 0.00746428314596 
5909 246 0.0 
5909 246 0.00746428314596 
5909 246 0.0118306083605 
5909 247 0.0 
5909 247 0.00739763816819 
5909 247 0.0117249786854 
5909 248 0.00714254705235 
5909 248 0.0 
5909 248 0.011320669204 
5909 248 0.00714254705235 
5909 249 0.00739763816819 
5909 249 0.00739763816819 
5909 249 0.0117249786854 
5909 249 0.0 
5909 249 0.0117249786854 
5909 250 0.00173703383189 
5909 250 0.0027531334199 
5909 250 0.0 
5909 250 0.00173703383189 
5909 252 0.0 
5909 252 0.00428265193477 
5909 252 0.00270205270499 
5909 253 0.0 
5909 255 0.00251834490336 
5909 255 0.00251834490336 
5909 255 0.0 
5909 255 0.0 
5909 256 0.00828535389155 
5909 256 0.0 
5909 256 0.0 
5909 257 0.00511441659182 
5909 258 0.00328783900477 
5909 258 0.0 
5909 258 0.0 
5909 259 0.00309154996648 
5909 259 0.0 
5909 260 0.00753214024007 
5909 260 0.0 
5909 261 0.00680413236842 
5909 262 0.00657567800954 
5909 262 0.0104222027585 
5909 262 0.0 
5909 263 0.00531112449244 
5909 264 0.00443067075685 
5909 264 0.0 
5909 264 0.0 
5909 265 0.0552356950939 
5909 265 0.0 
5909 267 0.0162457935512 
5909 267 0.0257489737123 
5909 267 0.0 
5909 268 0.00311479484662 
5909 268 0.0 
5909 269 0.00268134451471 
5909 269 0.0 
5909 270 0.0 
5909 270 0.00381813570857 
5909 271 0.00609217211604 
5909 272 0.0 
5909 272 0.0 
5909 273 0.0 
5909 273 0.0 
5909 274 0.00270763225853 
5909 274 0.00429149530828 
5909 274 0.0 
5909 275 0.0 
5909 275 0.0 
5909 275 0.0 
5909 276 0.00858299061656 
5909 276 0.0 
5909 277 0.00676905969158 
5909 277 0.0107287056744 
5909 278 0.0011587907793 
5909 278 0.0018366399454 
5909 278 0.0 
5909 279 0.0 
5909 279 0.00473448820412 
5909 279 0.0 
5909 279 0.0 
5909 279 0.0 
5909 279 0.0 
5909 279 0.0 
5909 280 0.00142605067231 
5909 280 0.0 
5909 281 0.0 
5909 281 0.0 
5909 281 0.0 
5909 281 0.0 
5909 281 0.0 
5909 281 0.0 
5909 281 0.0 
5909 281 0.0 
5909 281 0.0 
5909 281 0.0 
5909 281 0.0 
5909 281 0.0 
5909 281 0.00131305132527 
5909 281 0.00131305132527 
5909 282 0.0 
5909 282 0.0 
5909 283 0.0 
5909 283 0.0 
5909 284 0.0015933373943 
5909 285 0.0 
5909 285 0.0 
5909 285 0.0 
5909 286 0.0 
5909 286 0.0042775166221 
5909 286 0.00269881240092 
5909 287 0.0 
5909 287 0.00178179657087 
5909 287 0.0 
5909 288 0.00118871650193 
5909 289 0.0 
5909 289 0.0 
5909 289 0.0 
5909 289 0.0 
5909 289 0.0 
5909 289 0.0 
5909 290 0.00168059917632 
5909 291 0.0 
5909 291 0.0 
5909 292 0.00198689545505 
5909 293 0.0 
5909 293 0.0 
5909 294 0.0 
5909 295 0.00998235493898 
5909 295 0.0158216580749 
5909 295 0.0 
5909 296 0.00659898295999 
5909 297 0.001766600064 
5909 297 0.00279999501072 
5909 297 0.0 
5909 298 0.0 
5909 298 0.000213815597817 
5909 299 0.0 
5909 299 0.0 
5909 299 0.0 
5909 299 0.0 
5909 299 0.0 
5909 300 0.00869667250663 
5909 300 0.0 
5909 300 0.0137839000672 
5909 301 0.00278810528107 
5909 301 0.00441904226318 
5909 302 0.00746428314596 
5909 302 0.0118306083605 
5909 302 0.0 
5909 303 0.00460297474638 
5909 303 0.0 
5909 303 0.0 
5909 303 0.00460297474638 
5909 303 0.00729554239661 
5909 304 0.0 
5909 304 0.0 
5909 305 0.0 
5909 305 0.0 
5909 306 0.0 
5909 306 0.0 
5909 307 0.0 
5909 307 0.0 
5909 308 0.0 
5909 308 0.0 
5909 308 0.0 
5909 308 0.0 
5909 308 0.0 
5909 308 0.0 
5909 308 0.0 
5909 309 0.0 
5909 309 0.0 
5909 310 0.0 
5909 310 0.0 
5909 310 0.0 
5909 311 0.0 
5909 311 0.0 
5909 312 0.0 
5909 312 0.0 
5909 313 0.0 
5909 313 0.0 
5909 314 0.0 
5909 314 0.0 
5909 315 0.0 
5909 315 0.0 
5909 316 0.0 
5909 316 0.0 
5909 317 0.0 
5909 317 0.0 
5909 318 0.0 
5909 318 0.0 
5909 319 0.0 
5909 319 0.0 
5909 320 0.0 
5909 320 0.0 
5909 321 0.0 
5909 321 0.0 
5909 321 0.0 
5909 322 0.0 
5909 322 0.0 
5909 322 0.0 
5909 322 0.0 
5909 322 0.0 
5909 322 0.0 
5909 323 0.0 
5909 323 0.0 
5909 324 0.0 
5909 324 0.0 
5909 325 0.0 
5909 325 0.0 
5909 326 0.00246378523298 
5909 326 0.00155447551515 
5909 326 0.0 
5909 327 0.0 
5909 327 0.0 
5909 328 0.0 
5909 328 0.0 
5909 329 0.00677970331162 
5909 329 0.0 
5909 329 0.0042775166221 
5909 330 0.0 
5909 330 0.0 
5909 330 0.0 
5909 330 0.0 
5909 330 0.0 
5909 330 0.0 
5909 330 0.0 
5909 330 0.0 
5909 330 0.00079974468099 
5909 330 0.0 
5909 331 0.0 
5909 331 0.0 
5909 331 0.0 
5909 332 0.0 
5909 332 0.0 
5909 333 0.0 
5909 333 0.0 
5909 333 0.0 
5909 333 0.0 
5909 333 0.0 
5909 333 0.0 
5909 333 0.000765744422097 
5909 333 0.0 
5909 333 0.0 
5909 333 0.0 
5909 334 0.0 
5909 334 0.0 
5909 335 0.0 
5909 335 0.0 
5909 336 0.0 
5909 336 0.0 
5909 336 0.0 
5909 336 0.0 
5909 336 0.0 
5909 336 0.0 
5909 337 0.0 
5909 337 0.0 
5909 338 0.0 
5909 338 0.0 
5909 339 0.0 
5909 339 0.0 
5909 340 0.0 
5909 340 0.0 
5909 341 0.0 
5909 341 0.0 
5909 341 0.0 
5909 341 0.0 
5909 341 0.00163419218734 
5909 341 0.0 
5909 341 0.0 
5909 341 0.0 
5909 341 0.0 
5909 341 0.0 
5909 342 0.0 
5909 342 0.0 
5909 343 0.0 
5909 343 0.0 
5909 343 0.0 
5909 343 0.0 
5909 343 0.0 
5909 343 0.0 
5909 343 0.00952339544892 
5909 343 0.0 
5909 343 0.0 
5909 343 0.0 
5909 344 0.00652466760948 
5909 345 0.0 
5909 345 0.00659898295999 
5909 345 0.0 
5909 345 0.0 
5909 345 0.0 
5909 345 0.0 
5909 345 0.0 
5909 345 0.0 
5909 345 0.0 
5909 345 0.0 
5909 346 0.0150642804801 
5909 346 0.0238763187081 
5909 346 0.0 
5909 347 0.00663231126964 
5909 348 0.00881340634078 
5909 348 0.0139689184725 
5909 348 0.0 
5909 349 0.00025013287086 
5909 349 0.000157816277351 
5909 350 0.0 
5909 350 0.0 
5909 350 0.0 
5909 350 0.0 
5909 350 0.0 
5909 350 0.0 
5909 350 0.0 
5909 350 0.0 
5909 350 0.0 
5909 350 0.0 
5909 350 0.0 
5909 350 0.0 
5909 351 0.0 
5909 351 0.0 
5909 352 0.0 
5909 352 0.0 
5909 352 0.0 
5909 352 0.0 
5909 353 0.000691156659741 
5909 353 0.0 
5909 353 0.0 
5909 353 0.0 
5909 353 0.0 
5909 353 0.0 
5909 353 0.0 
5909 353 0.0 
5909 353 0.0 
5909 353 0.0 
5909 354 0.0 
5909 354 0.0 
5909 354 0.0 
5909 354 0.0 
5909 354 0.0 
5909 354 0.0 
5909 354 0.0 
5909 354 0.0 
5909 354 0.00120809336659 
5909 354 0.0 
5909 354 0.0 
5909 354 0.0 
5909 354 0.0 
5909 354 0.0 
5909 354 0.0 
5909 355 0.0 
5909 355 0.0 
5909 355 0.0 
5909 355 0.0 
5909 355 0.0 
5909 355 0.0 
5909 355 0.0 
5909 355 0.0 
5909 355 0.0 
5909 355 0.0 
5909 355 0.0 
5909 355 0.0 
5909 355 0.0 
5909 355 0.0 
5909 355 0.0 
5909 355 0.0 
5909 355 0.0 
5909 355 0.0 
5909 355 0.0 
5909 355 0.0 
5909 355 0.0 
5909 355 0.0 
5909 355 0.0 
5909 355 0.0 
5909 355 0.0 
5909 355 0.0 
5909 355 0.0 
5909 355 0.0040909582749 
5909 355 0.0 
5909 355 0.0 
5909 355 0.0 
5909 355 0.0 
5909 355 0.0 
5909 355 0.0 
5909 355 0.0 
5909 355 0.0 
5909 355 0.0 
5909 355 0.0 
5909 356 -0.0 
5909 356 -0.0 
5909 356 -0.0 
5909 356 -0.0 
5909 356 -3.04452666269e+23 
5909 356 -0.0 
5909 356 -0.0 
5909 356 -0.0 
5909 356 -0.0 
5909 356 -0.0 
5909 356 -0.0 
5910 7 0.0 
5910 7 0.0 
5910 83 0.0 
5910 113 0.0 
5910 113 0.0 
5910 113 0.0 
5910 113 0.0 
5911 176 0.0 
5912 5 0.0 
5912 5 0.0 
5912 13 0.0 
5912 113 0.0 
5912 121 0.0 
5912 260 0.0 
5912 269 0.0 
5912 289 0.0 
5912 305 0.0 
5912 308 0.0 
5912 308 0.0 
5912 311 0.0 
5912 340 0.0 
5912 340 0.0 
5912 340 0.0 
5912 340 0.0 
5912 340 0.0 
5912 340 0.0 
5912 340 0.0 
5912 351 0.0 
5912 355 0.0 
5912 355 0.0 
5913 113 0.0 
5914 160 0.0 
5914 354 0.0 
5915 124 0.0 
5916 25 0.0 
5916 330 0.0 
5916 333 0.0 
5916 341 0.0 
5916 343 0.0 
5916 345 0.0 
5916 351 0.0 
5916 353 0.0 
5916 354 0.0 
5916 355 0.0 
5916 356 -0.0 
5917 3 0.0 
5917 54 0.0 
5917 66 0.0 
5917 82 0.0 
5917 98 0.01336347498 
5917 98 0.01336347498 
5917 98 0.0211806055158 
5917 128 0.0 
5917 128 0.0 
5917 128 0.0 
5917 128 0.0 
5917 128 0.0 
5917 128 0.0 
5917 128 0.0 
5917 128 0.0 
5917 128 0.0 
5917 128 0.0 
5917 299 0.0 
5917 350 0.0 
5917 352 0.0 
5918 34 0.0 
5919 196 0.0 
5920 160 0.0 
5921 113 0.0 
5922 257 0.0 
5923 28 0.0 
5923 28 0.0 
5923 28 0.0 
5924 54 0.0 
5924 124 0.0 
5924 124 0.0 
5924 124 0.0 
5924 124 0.0 
5924 271 0.0 
5925 124 0.0 
5926 17 0.0 
5927 189 0.0 
5927 189 0.0 
5927 189 0.00452826777473 
5927 192 0.0 
5927 243 0.0 
5928 3 0.0 
5928 3 0.0 
5928 4 0.0 
5928 5 0.0 
5928 5 0.0 
5928 7 0.0 
5928 7 0.0 
5928 7 0.0 
5928 8 0.0 
5928 13 0.0 
5928 103 0.0 
5928 109 0.0 
5928 109 0.0 
5928 113 0.0 
5928 113 0.0 
5928 113 0.0 
5928 113 0.0 
5928 113 0.0 
5928 113 0.0 
5928 113 0.0 
5928 113 0.0 
5928 113 0.0 
5928 113 0.0 
5928 113 0.0 
5928 124 0.0 
5928 124 0.0 
5928 124 0.0 
5928 124 0.0 
5928 128 0.0 
5928 128 0.0 
5928 128 0.0 
5928 128 0.0 
5928 128 0.0 
5928 128 0.0 
5928 128 0.0 
5928 128 0.0 
5928 128 0.0 
5928 128 0.0 
5928 128 0.0 
5928 166 0.0 
5928 254 0.0 
5928 290 0.0 
5928 291 0.0 
5928 306 0.0 
5928 306 0.0 
5928 331 0.0 
5928 334 0.0 
5928 334 0.0 
5928 335 0.0 
5928 337 0.0 
5928 337 0.0 
5928 337 0.0 
5928 337 0.0 
5928 337 0.0 
5928 337 0.0 
5928 338 0.0 
5928 339 0.0 
5929 8 0.0 
5929 8 0.0 
5929 83 0.0 
5929 113 0.0 
5929 121 0.0 
5929 139 0.0 
5929 139 0.0 
5929 234 0.0 
5929 234 0.0 
5929 234 0.0 
5929 238 0.00841793324798 
5929 238 0.0 
5929 238 0.0 
5929 238 0.0 
5930 350 0.0 
5931 199 0.0 
5932 113 0.0 
5932 113 0.0 
5932 354 0.0 
5933 34 0.0 
5933 113 0.0 
5933 113 0.0 
5933 113 0.0 
5933 113 0.0 
5934 8 0.00825910456479 
5934 11 0.0 
5934 11 0.0 
5934 11 0.0 
5934 22 0.0 
5934 108 0.0 
5934 108 0.0 
5934 111 0.0 
5934 111 0.0 
5934 124 0.0 
5934 124 0.0 
5934 124 0.0 
5934 124 0.0 
5934 124 0.0 
5934 124 0.0 
5934 254 0.0 
5934 254 0.0 
5934 254 0.0 
5934 254 0.0 
5934 254 0.0 
5934 254 0.0 
5934 254 0.0 
5934 254 0.0 
5934 254 0.0 
5934 254 0.0 
5934 254 0.0 
5934 254 0.0 
5934 254 0.0 
5934 336 0.0 
5934 336 0.0 
5934 350 0.0 
5934 350 0.0 
5934 350 0.0 
5935 309 0.0 
5935 309 0.0 
5935 311 0.0 
5935 328 0.0 
5935 328 0.00720465555787 
5935 328 0.0 
5936 279 0.0 
5936 299 0.0 
5936 299 0.0 
5936 299 0.0 
5937 124 0.0 
5937 124 0.0 
5938 350 0.0 
5939 113 0.0 
5940 113 0.0301647670567 
5940 113 0.0 
5941 299 0.0 
5942 128 0.0 
5942 306 0.0 
5942 352 0.0 
5942 352 0.0 
5943 113 0.0 
5944 299 0.0 
5945 103 0.0 
5946 288 0.0 
5946 290 0.0026636866387 
5946 290 0.0026636866387 
5946 290 0.0026636866387 
5946 298 0.0 
5947 25 0.0 
5947 30 0.0 
5947 109 0.0 
5947 121 0.0 
5947 330 0.0 
5947 333 0.0 
5947 341 0.0 
5947 343 0.0 
5947 345 0.0 
5947 353 0.0 
5947 354 0.0 
5947 355 0.0 
5947 356 -0.0 
5948 1 0.0193117279559 
5948 1 0.0193117279559 
5948 4 0.0 
5948 5 0.0 
5948 7 0.0 
5948 12 0.0 
5948 12 0.0 
5948 24 0.0 
5948 34 0.0 
5948 48 0.0 
5948 48 0.164149701595 
5948 48 0.0 
5948 48 0.164149701595 
5948 48 0.0 
5948 48 0.0 
5948 48 0.0 
5948 48 0.0 
5948 48 0.0 
5948 61 0.187599658966 
5948 61 0.187599658966 
5948 94 0.00426362873986 
5948 94 0.00426362873986 
5948 94 0.00426362873986 
5948 111 0.0 
5948 111 0.0 
5948 111 0.0 
5948 111 0.0 
5948 113 0.0 
5948 128 0.0 
5948 128 0.0 
5948 128 0.0 
5948 128 0.0 
5948 128 0.0 
5948 128 0.0 
5948 128 0.0 
5948 128 0.0 
5948 128 0.0 
5948 128 0.0 
5948 128 0.0 
5948 128 0.0 
5948 128 0.0 
5948 128 0.0 
5948 128 0.0 
5948 128 0.0 
5948 128 0.0 
5948 128 0.0 
5948 209 0.0 
5948 209 0.0 
5948 209 0.0 
5948 210 0.00470680138096 
5948 210 0.00470680138096 
5948 210 0.00746010337025 
5948 210 0.00746010337025 
5948 210 0.00746010337025 
5948 210 0.00746010337025 
5948 218 0.0 
5948 218 0.0 
5948 218 0.0 
5948 218 0.0 
5948 219 0.0 
5948 219 0.0 
5948 219 0.0 
5948 219 0.0 
5948 231 0.0 
5948 231 0.0 
5948 231 0.0 
5948 231 0.0 
5948 231 0.0 
5948 244 0.0 
5948 255 0.0 
5948 255 0.0 
5948 255 0.0 
5948 255 0.00251834490336 
5948 255 0.0 
5948 255 0.0 
5948 256 0.0 
5948 257 0.0 
5948 257 0.0 
5948 257 0.0 
5948 259 0.0 
5948 259 0.0 
5948 259 0.0 
5948 259 0.0 
5948 261 0.0 
5948 261 0.0 
5948 261 0.0 
5948 261 0.0 
5948 261 0.0 
5948 261 0.0 
5948 265 0.0 
5948 265 0.0 
5948 265 0.0 
5948 265 0.0 
5948 265 0.0 
5948 265 0.0 
5948 276 0.0 
5948 276 0.00858299061656 
5948 280 0.0 
5948 280 0.0 
5948 280 0.0 
5948 281 0.0 
5948 281 0.0 
5948 282 0.0 
5948 282 0.0 
5948 282 0.0 
5948 282 0.0 
5948 283 0.0 
5948 284 0.0 
5948 288 0.0 
5948 288 0.00118871650193 
5948 288 0.0 
5948 288 0.0 
5948 288 0.0 
5948 288 0.0 
5948 289 0.0 
5948 298 0.0 
5948 298 0.0 
5948 298 0.000213815597817 
5948 298 0.0 
5948 298 0.000213815597817 
5948 298 0.0 
5948 298 0.0 
5948 298 0.0 
5948 298 0.0 
5948 298 0.0 
5948 298 0.0 
5948 298 0.0 
5948 299 0.0 
5948 307 0.0 
5948 308 0.0 
5948 308 0.0 
5948 308 0.0 
5948 308 0.0 
5948 308 0.0 
5948 308 0.0 
5948 310 0.0 
5948 310 0.0 
5948 310 0.0 
5948 310 0.0 
5948 311 0.0 
5948 312 0.0 
5948 312 0.00175909860991 
5948 312 0.0 
5948 312 0.00175909860991 
5948 312 0.0 
5948 312 0.0 
5948 313 0.0 
5948 313 0.0 
5948 313 0.0 
5948 313 0.0 
5948 322 0.0 
5948 337 0.0 
5948 337 0.0 
5948 338 0.0 
5948 338 0.0 
5948 339 0.0 
5948 340 0.0 
5948 340 0.0 
5948 340 0.0 
5948 340 0.00315672485158 
5948 340 0.0 
5948 340 0.0 
5949 19 0.0 
5950 336 0.0 
5951 128 0.0 
5951 128 0.0 
5951 128 0.0 
5951 294 0.0 
5951 299 0.0 
5951 299 0.0 
5951 308 0.0 
5951 340 0.0 
5951 340 0.0 
5951 340 0.0 
5951 340 0.0 
5951 350 0.0 
5951 350 0.0 
5952 28 0.0 
5952 44 0.0 
5952 113 0.0301647670567 
5952 113 0.0 
5952 260 0.0 
5952 269 0.0 
5952 298 0.0 
5952 340 0.0 
5952 350 0.0 
5952 354 0.0 
5953 283 0.0 
5953 350 0.0 
5954 305 0.0 
5955 305 0.0 
5956 279 0.0 
5956 279 0.0 
5957 103 0.0 
5957 289 0.0 
5957 312 0.0 
5957 338 0.0 
5957 350 0.0 
5957 350 0.0 
5957 350 0.0 
5957 350 0.0 
5958 124 0.0 
5958 124 0.0 
5959 299 0.0 
5959 299 0.0 
5959 299 0.0 
5960 299 0.0 
5960 299 0.0 
5960 299 0.0 
5961 18 0.0 
5961 18 0.0 
5961 18 0.0 
5961 166 0.0 
5961 204 0.0 
5961 204 0.0 
5961 350 0.0 
5961 355 0.0 
5962 16 0.0 
5962 124 0.0 
5962 128 0.0 
5962 139 0.0 
5962 291 0.0 
5962 299 0.0 
5962 332 0.0 
5962 337 0.0 
5962 338 0.0 
5962 338 0.0 
5962 338 0.0 
5962 338 0.0 
5962 338 0.0 
5962 338 0.0 
5962 338 0.0 
5962 338 0.0 
5962 338 0.0 
5962 338 0.0 
5963 128 0.0 
5963 128 0.0 
5964 5 0.0 
5964 109 0.0 
5964 243 0.0 
5964 299 0.0 
5964 299 0.0 
5964 299 0.0 
5965 7 0.0 
5965 355 0.0 
5966 160 0.0 
5967 34 0.0 
5967 48 0.0 
5968 255 0.0 
5968 281 0.0 
5968 288 0.0 
5968 288 0.0 
5968 290 0.0026636866387 
5968 290 0.0026636866387 
5968 298 0.0 
5968 298 0.0 
5969 128 0.0 
5969 128 0.0 
5969 128 0.0 
5969 128 0.0 
5969 128 0.0 
5969 128 0.0 
5969 128 0.0 
5969 128 0.0 
5969 128 0.0 
5969 128 0.0 
5969 128 0.0 
5969 128 0.0 
5969 128 0.0 
5969 128 0.0 
5969 128 0.0 
5969 128 0.0 
5970 354 0.0 
5971 44 0.0 
5972 199 0.0 
5973 131 0.0 
5973 131 0.0 
5973 131 0.0 
5973 131 0.0 
5973 131 0.0 
5974 27 0.0 
5974 27 0.0 
5975 27 0.0 
5976 174 0.0 
5976 174 0.0 
5976 174 0.0 
5976 349 0.0 
5976 349 0.0 
5976 349 0.0 
5977 177 0.0 
5977 177 0.0 
5978 255 0.0 
5979 111 0.00853020045906 
5979 185 0.0 
5979 185 0.0410374253988 
5979 185 0.0 
5980 48 0.0 
5981 86 0.0625332221389 
5981 91 0.0257489737123 
5981 91 0.0257489737123 
5981 299 0.0 
5982 299 0.0 
5982 307 0.0 
5983 113 0.0 
5983 228 0.0 
5984 299 0.0 
5985 128 0.0 
5986 340 0.0 
5987 121 0.0 
5988 8 0.0 
5988 8 0.0 
5988 8 0.0 
5988 8 0.0 
5988 8 0.0 
5988 8 0.0 
5988 8 0.0 
5988 8 0.00825910456479 
5988 8 0.0 
5988 8 0.0 
5988 8 0.0 
5988 8 0.0 
5988 103 0.0 
5988 108 0.0 
5988 111 0.0 
5988 111 0.0 
5988 111 0.0 
5988 111 0.0 
5988 112 0.0 
5988 124 0.0 
5988 128 0.0 
5988 128 0.0 
5988 128 0.0 
5988 139 0.0 
5988 166 0.0 
5988 189 0.0 
5988 234 0.0 
5988 238 0.0 
5988 254 0.0 
5988 339 0.0 
5988 339 0.0 
5988 339 0.0 
5988 339 0.0 
5988 339 0.0 
5988 342 0.0 
5988 342 0.0 
5988 350 0.0 
5988 350 0.0 
5988 350 0.0 
5988 350 0.0 
5989 128 0.0 
5989 128 0.0 
5989 128 0.0 
5989 128 0.0 
5989 338 0.0 
5989 338 0.0 
5990 70 0.0 
5991 48 0.0 
5992 294 0.0 
5993 27 0.0 
5994 2 0.0 
5994 13 0.0 
5994 13 0.0 
5994 306 0.0 
5995 124 0.0 
5995 124 0.0 
5995 124 0.0 
5995 124 0.0 
5996 98 0.0 
5997 113 0.0 
5998 27 0.0 
5999 10 0.00220335158519 
5999 85 0.0051097185351 
5999 86 0.0625332221389 
6000 7 0.0 
6001 105 0.0 
6002 113 0.0 
6002 113 0.0 
6002 113 0.0 
6002 113 0.0 
6002 113 0.0 
6002 113 0.0 
6002 113 0.0 
6002 231 0.0 
6002 340 0.0 
6002 340 0.0 
6002 340 0.0 
6003 299 0.0 
6004 173 0.0 
6004 173 0.0 
6004 181 0.0 
6005 38 0.0 
6005 38 0.0 
6005 38 0.0 
6005 38 0.0 
6006 299 0.0 
6007 28 0.0 
6008 336 0.0 
6008 336 0.0 
6008 336 0.0 
6009 70 0.0 
6010 128 0.0 
6011 13 0.0 
6012 164 0.0306083671749 
6013 113 0.0 
6013 113 0.0 
6013 113 0.0 
6013 113 0.0 
6013 113 0.0 
6013 113 0.0 
6013 113 0.0 
6013 113 0.0 
6013 113 0.0 
6013 113 0.0 
6013 113 0.0 
6013 113 0.0 
6013 113 0.0 
6013 113 0.0 
6013 113 0.0 
6013 113 0.0 
6013 113 0.0 
6013 113 0.0 
6013 113 0.0 
6013 113 0.0 
6013 113 0.0 
6013 113 0.0 
6013 113 0.0 
6013 350 0.0 
6014 152 0.0 
6014 152 0.00729554193094 
6014 179 0.0 
6014 346 0.0 
6015 306 0.0 
6015 350 0.0 
6015 351 0.0 
6015 352 0.0 
6016 2 0.0 
6016 66 0.0 
6016 228 0.0 
6016 229 0.0 
6016 230 0.0 
6016 231 0.0 
6016 234 0.0 
6016 238 0.0 
6016 243 0.0 
6016 244 0.0 
6016 251 0.0 
6016 253 0.0 
6016 254 0.0 
6017 350 0.0 
6018 128 0.0 
6019 153 0.00454393634573 
6019 291 0.0 
6020 299 0.0 
6021 350 0.0 
6022 298 0.0 
6023 350 0.0 
6024 350 0.0 
6025 112 0.0 
6025 113 0.0 
6025 128 0.0 
6025 128 0.0 
6026 70 0.0 
6027 124 0.0 
6027 124 0.0 
6027 164 0.0 
