6028 342 0.0 
6029 124 0.0 
6029 124 0.0 
6029 228 0.0 
6029 283 0.0 
6029 284 0.0 
6029 298 0.0 
6029 304 0.0 
6029 304 0.000737131165806 
6029 304 0.000737131165806 
6029 306 0.0 
6029 306 0.0 
6029 306 0.000806753116194 
6029 307 0.0 
6029 321 0.0 
6029 321 0.0 
6029 322 0.0 
6029 322 0.0 
6029 322 0.0 
6030 16 0.0 
6030 16 0.0 
6031 350 0.0 
6032 1 0.0 
6032 61 0.0 
6032 75 0.0 
6032 75 0.0 
6032 139 0.0 
6032 231 0.0 
6032 306 0.000806753116194 
6032 306 0.0 
6032 306 0.0 
6033 322 0.0 
6033 322 0.0 
6033 322 0.0 
6034 111 0.0 
6035 3 0.0 
6035 28 0.0 
6035 113 0.0 
6035 113 0.0 
6035 113 0.0 
6035 113 0.0 
6035 113 0.0301647670567 
6035 113 0.0 
6035 113 0.0301647670567 
6035 113 0.0 
6035 285 0.0 
6035 305 0.0 
6035 340 0.0 
6035 340 0.0 
6035 340 0.0 
6035 340 0.0 
6035 340 0.0 
6035 340 0.0 
6035 340 0.0 
6035 340 0.0 
6035 340 0.0 
6035 340 0.0 
6035 340 0.0 
6035 340 0.0 
6035 340 0.0 
6035 340 0.0 
6035 340 0.0 
6035 340 0.0 
6035 351 0.0 
6035 355 0.0 
6036 334 0.0 
6036 335 0.0 
6037 3 0.0 
6037 3 0.0 
6037 7 0.0 
6037 7 0.0 
6037 25 0.0 
6037 28 0.0 
6037 28 0.0 
6037 32 0.0 
6037 32 0.0 
6037 83 0.0 
6037 83 0.0 
6037 83 0.0 
6037 83 0.0 
6037 83 0.0 
6037 113 0.0 
6037 113 0.0 
6037 160 0.0 
6037 199 0.00691156601533 
6037 199 0.0 
6037 199 0.00691156601533 
6037 199 0.0 
6037 330 0.0 
6037 333 0.0 
6037 336 0.0 
6037 336 0.0 
6037 336 0.0 
6037 336 0.0 
6037 336 0.0 
6037 336 0.0 
6037 341 0.0 
6037 343 0.0 
6037 345 0.0 
6037 350 0.0 
6037 350 0.0 
6037 353 0.0 
6037 354 0.0 
6037 355 0.0 
6037 356 -0.0 
6038 25 0.0 
6038 341 0.0 
6039 199 0.0 
6040 8 0.00825910456479 
6040 8 0.0 
6040 8 0.0 
6040 8 0.0 
6040 8 0.0 
6040 8 0.0 
6040 8 0.00825910456479 
6040 8 0.0 
6040 8 0.0 
6040 22 0.0 
6040 22 0.0 
6040 28 0.0 
6040 28 0.0 
6040 28 0.0 
6040 28 0.0 
6040 83 0.0 
6040 234 0.0 
6040 234 0.0 
6040 234 0.0 
6040 234 0.0 
6040 234 0.0 
6040 238 0.00841793324798 
6040 238 0.0 
6040 238 0.0 
6040 238 0.0 
6040 238 0.0 
6040 238 0.0 
6040 254 0.0 
6041 128 0.0 
6041 281 0.0 
6041 336 0.0 
6041 338 0.0 
6042 70 0.0 
6043 284 0.0 
6043 284 0.0 
6043 284 0.0 
6043 284 0.0 
6044 124 0.0 
6044 124 0.0 
6044 350 0.0 
6045 70 0.0 
6046 44 0.0 
6046 44 0.0 
6047 54 0.0 
6048 54 0.0 
6049 54 0.0 
6050 124 0.0 
6051 54 0.0 
6052 217 0.0 
6053 3 0.0 
6053 8 0.0 
6053 103 0.0 
6053 113 0.0 
6053 113 0.0 
6053 128 0.0 
6053 128 0.0 
6053 173 0.0 
6053 204 0.0 
6053 217 0.0 
6053 228 0.0 
6053 231 0.0 
6053 231 0.0 
6053 279 0.0 
6053 279 0.0 
6053 281 0.0 
6053 292 0.0 
6053 292 0.0 
6053 294 0.0 
6053 299 0.0 
6053 305 0.0 
6053 307 0.0 
6053 307 0.0 
6053 307 0.0 
6053 312 0.0 
6053 340 0.0 
6053 340 0.0 
6053 340 0.0 
6053 352 0.0 
6053 354 0.0 
6053 354 0.0 
6054 111 0.00853020045906 
6055 350 0.0 
6055 350 0.0 
6056 340 0.0 
6057 54 0.0 
6058 54 0.0 
6059 1 0.0 
6059 22 0.0 
6059 61 0.0 
6059 97 0.0 
6059 97 0.0 
6059 97 0.0 
6060 28 0.0 
6060 28 0.0 
6060 28 0.0 
6060 28 0.0 
6060 299 0.0 
6060 299 0.0 
6060 299 0.0 
6060 299 0.0 
6061 3 0.0 
6061 5 0.0 
6061 11 0.0 
6061 11 0.0 
6061 11 0.0 
6061 14 0.0 
6061 17 0.0 
6061 18 0.0 
6061 28 0.0 
6061 28 0.0 
6061 32 0.0 
6061 75 0.0 
6061 75 0.0 
6061 75 0.0 
6061 75 0.0 
6061 75 0.0 
6061 83 0.0 
6061 83 0.0 
6061 253 0.0 
6061 254 0.0 
6061 255 0.0 
6061 255 0.0 
6061 257 0.0 
6061 257 0.0 
6061 257 0.0 
6061 259 0.0 
6061 259 0.0 
6061 259 0.0 
6061 260 0.0 
6061 261 0.0 
6061 261 0.0 
6061 271 0.0 
6061 271 0.0 
6061 271 0.0 
6061 271 0.0 
6061 271 0.0 
6061 271 0.0 
6061 271 0.0 
6061 271 0.0 
6061 271 0.0 
6061 271 0.0 
6061 281 0.0 
6061 284 0.0 
6061 312 0.0 
6062 113 0.0 
6063 164 0.0 
6063 164 0.0 
6063 331 0.0 
6064 70 0.0 
6065 70 0.0 
6066 305 0.0 
6066 306 0.0 
6067 8 0.0 
6067 259 0.0 
6068 3 0.0 
6068 3 0.0 
6068 12 0.0 
6068 91 0.0257489737123 
6068 108 0.0 
6068 128 0.0 
6068 128 0.0 
6068 128 0.0 
6068 128 0.0 
6068 210 0.0 
6068 218 0.0 
6068 219 0.0 
6068 244 0.0 
6068 253 0.0 
6068 253 0.0 
6068 259 0.0 
6068 271 0.00609217211604 
6068 271 0.0 
6068 271 0.0 
6068 299 0.0 
6068 299 0.0 
6068 321 0.0 
6068 321 0.0 
6068 322 0.0 
6068 331 0.0 
6068 336 0.0 
6068 337 0.0 
6068 337 0.000392857007682 
6068 337 0.0 
6068 337 0.0 
6068 337 0.0 
6068 337 0.0 
6068 337 0.0 
6068 337 0.0 
6068 338 0.0 
6068 342 0.0 
6069 211 0.0 
6069 211 0.0 
6069 211 0.0 
6069 211 0.0 
6069 211 0.0 
6069 211 0.0 
6069 211 0.0 
6069 211 0.0 
6070 336 0.0 
6071 97 0.0 
6071 344 0.0 
6072 299 0.0 
6073 38 0.0 
6073 38 0.0 
6073 38 0.0 
6074 75 0.0 
6074 271 0.0 
6074 321 0.0 
6075 337 0.0 
6075 337 0.0 
6076 113 0.0 
6077 279 0.0 
6078 128 0.0 
6078 128 0.0 
6078 281 0.0 
6078 307 0.0 
6078 307 0.0 
6078 329 0.0 
6078 334 0.0 
6079 128 0.0 
6080 128 0.0 
6080 128 0.0 
6081 7 0.0 
6082 212 0.0 
6083 243 0.0 
6083 293 0.0 
6084 128 0.0 
6084 128 0.0 
6085 1 0.0193117279559 
6085 8 0.0 
6085 8 0.0 
6085 9 0.00448190327734 
6085 10 0.00220335158519 
6085 61 0.187599658966 
6085 80 0.656598806381 
6085 85 0.0051097185351 
6085 86 0.0625332221389 
6085 103 0.0 
6085 111 0.0 
6085 111 0.0 
6085 309 0.0 
6085 311 0.0 
6086 3 0.0 
6086 70 0.0 
6086 75 0.0 
6086 75 0.0 
6086 75 0.0 
6086 75 0.0 
6086 75 0.0 
6086 75 0.0 
6086 75 0.0 
6086 75 0.0 
6086 89 0.0 
6086 221 0.0 
6086 234 0.0 
6086 238 0.0 
6086 243 0.0 
6086 340 0.0 
6086 340 0.0 
6087 299 0.0 
6088 113 0.0 
6089 338 0.0 
6090 228 0.0 
6090 243 0.0 
6091 113 0.0 
6091 285 0.0 
6091 288 0.0 
6091 298 0.0 
6091 299 0.0 
6091 310 0.0 
6092 299 0.0 
6093 124 0.0 
6093 124 0.0 
6093 251 0.0 
6094 1 0.0193117279559 
6094 3 0.0 
6094 7 0.0 
6094 8 0.0 
6094 28 0.0 
6094 28 0.0 
6094 48 0.0 
6094 61 0.187599658966 
6094 83 0.0 
6094 83 0.0 
6094 109 0.0 
6094 111 0.0 
6094 124 0.0 
6094 139 0.0 
6094 139 0.0 
6094 166 0.0 
6094 166 0.0 
6094 166 0.00634563714266 
6094 166 0.0 
6094 166 0.00634563714266 
6094 166 0.0 
6094 166 0.0 
6094 166 0.0 
6094 166 0.0 
6094 166 0.0 
6094 166 0.0 
6094 166 0.00634563714266 
6094 166 0.00634563714266 
6094 166 0.0 
6094 166 0.0 
6094 166 0.0 
6094 166 0.00400365144014 
6094 166 0.0 
6094 166 0.00634563714266 
6094 166 0.0 
6094 166 0.0 
6094 166 0.0 
6094 166 0.0 
6094 270 0.0 
6094 270 0.0 
6094 279 0.0 
6094 299 0.0 
6094 311 0.0 
6094 351 0.0 
6094 355 0.0 
6094 355 0.0 
6095 124 0.0 
6096 16 0.0 
6096 17 0.0 
6096 19 0.0 
6096 192 0.0 
6096 196 0.0 
6096 207 0.0 
6096 212 0.0 
6097 1 0.0 
6097 61 0.0 
6097 113 0.0 
6097 113 0.0 
6097 113 0.0 
6097 113 0.0 
6097 128 0.0 
6097 128 0.0 
6097 128 0.0 
6097 128 0.0 
6097 173 0.0 
6097 307 0.0 
6097 307 0.0 
6097 307 0.0 
6097 307 0.0 
6097 307 0.0 
6097 307 0.0 
6097 307 0.0 
6097 307 0.0 
6097 307 0.0 
6097 307 0.0 
6097 309 0.0 
6097 311 0.0 
6097 323 0.00618309993297 
6097 331 0.0 
6097 331 0.0 
6098 113 0.0 
6099 199 0.0 
6099 199 0.0 
6100 340 0.0 
6100 340 0.0 
6100 340 0.0 
6101 330 0.00079974468099 
6101 330 0.00079974468099 
6101 330 0.0 
6101 330 0.0 
6102 43 0.0 
6103 113 0.0 
6103 305 0.0 
6103 306 0.0 
6103 306 0.0 
6103 308 0.0 
6103 331 0.0 
6104 22 0.0 
6105 350 0.0 
6106 4 0.0 
6106 8 0.00825910456479 
6106 18 0.0 
6106 34 0.0 
6106 75 0.0 
6106 113 0.0 
6106 113 0.0 
6106 113 0.0 
6106 121 0.0 
6106 121 0.0 
6106 124 0.0 
6106 124 0.0 
6106 124 0.0 
6106 128 0.0 
6106 128 0.0 
6106 139 0.0 
6106 166 0.0 
6106 166 0.0 
6106 173 0.0 
6106 173 0.0 
6106 173 0.0 
6106 217 0.0 
6106 251 0.0 
6106 289 0.0 
6106 307 0.0 
6106 340 0.0 
6106 350 0.0 
6106 350 0.0 
6106 350 0.0 
6106 351 0.0 
6107 8 0.0 
6107 8 0.0 
6107 124 0.0 
6108 124 0.0 
6108 124 0.0 
6109 217 0.0 
6109 299 0.0 
6110 4 0.0 
6110 28 0.0 
6110 128 0.0 
6111 124 0.0 
6112 270 0.0 
6112 293 0.0 
6112 337 0.0 
6112 338 0.0 
6113 124 0.0 
6113 231 0.0 
6113 299 0.0 
6114 124 0.0 
6114 124 0.0 
6114 124 0.0 
6114 124 0.0 
6114 124 0.0 
6114 124 0.0 
6114 124 0.0160146057606 
6114 124 0.0 
6114 124 0.0 
6114 124 0.0 
6114 124 0.0 
6115 260 0.0 
6115 269 0.0 
6116 173 0.0 
6117 113 0.0 
6118 3 0.0 
6118 7 0.0 
6118 7 0.0 
6118 11 0.0 
6118 11 0.0 
6118 11 0.0 
6118 11 0.0 
6118 13 0.0 
6118 18 0.0 
6118 32 0.0 
6118 48 0.0 
6118 83 0.0 
6118 83 0.0 
6118 83 0.0 
6118 87 0.0 
6118 88 0.0 
6118 89 0.0 
6118 90 0.0 
6118 90 0.0 
6118 92 0.0 
6118 94 0.0 
6118 103 0.0 
6118 137 0.0 
6118 139 0.0 
6118 152 0.0 
6118 153 0.0 
6118 154 0.0 
6118 155 0.0 
6118 157 0.0 
6118 160 0.0 
6118 161 0.0 
6118 164 0.0 
6118 166 0.0 
6118 169 0.0 
6118 170 0.0 
6118 171 0.0 
6118 172 0.0 
6118 173 0.0 
6118 173 0.0 
6118 173 0.0 
6118 176 0.0 
6118 178 0.0 
6118 179 0.0 
6118 180 0.0 
6118 181 0.0 
6118 181 0.0 
6118 182 0.0 
6118 183 0.0 
6118 184 0.0 
6118 188 0.0 
6118 189 0.0 
6118 190 0.0 
6118 198 0.0 
6118 199 0.0 
6118 200 0.0 
6118 201 0.0 
6118 203 0.0 
6118 204 0.0 
6118 213 0.0 
6118 214 0.0 
6118 216 0.0 
6118 217 0.0 
6118 227 0.0 
6118 235 0.0 
6118 236 0.0 
6118 252 0.0 
6118 262 0.0 
6118 267 0.0 
6118 274 0.0 
6118 278 0.0 
6118 286 0.0 
6118 292 0.0 
6118 292 0.0 
6118 292 0.0 
6118 292 0.00198689545505 
6118 295 0.0 
6118 297 0.0 
6118 300 0.0 
6118 302 0.0 
6118 302 0.0 
6118 326 0.0 
6118 346 0.0 
6118 348 0.0 
6119 110 0.00178352091461 
6119 217 0.0 
6120 30 0.0 
6120 113 0.0 
6120 139 0.019452046603 
6120 228 0.0 
6121 199 0.0 
6122 299 0.0 
6123 111 0.00853020045906 
6123 111 0.00853020045906 
6123 173 0.0 
6124 128 0.0 
6124 128 0.0 
6124 279 0.0 
6124 279 0.0 
6124 288 0.0 
6124 308 0.0 
6124 308 0.0 
6124 308 0.0 
6124 308 0.0 
6124 309 0.0 
6124 309 0.00182899646461 
6124 309 0.0 
6124 309 0.0 
6124 309 0.0 
6124 309 0.0 
6124 309 0.0 
6124 309 0.0 
6124 309 0.00182899646461 
6124 310 0.0 
6124 312 0.0 
6124 312 0.0 
6124 312 0.0 
6124 332 0.0 
6124 332 0.0 
6124 332 0.0 
6124 332 0.0 
6124 332 0.0 
6124 336 0.0 
6124 336 0.0 
6124 336 0.00098517886363 
6124 336 0.0 
6124 336 0.0 
6124 336 0.0 
6124 336 0.0 
6124 340 0.0 
6124 340 0.0 
6124 340 0.0 
6124 340 0.0 
6124 340 0.0 
6124 340 0.0 
6124 340 0.0 
6124 340 0.0 
6124 340 0.0 
6124 340 0.0 
6124 352 0.0 
6124 352 0.0 
6125 32 0.0 
6126 19 0.0 
6127 299 0.0 
6128 263 0.0 
6128 321 0.0 
6129 217 0.0 
6130 335 0.0 
6130 337 0.0 
6130 338 0.0 
6130 338 0.0 
6130 338 0.0 
6130 338 0.0 
6130 338 0.0 
6130 338 0.0 
6130 338 0.0 
6130 338 0.0 
6130 338 0.0 
6131 128 0.0 
6131 128 0.0 
6131 285 0.0 
6131 305 0.0 
6131 305 0.0 
6131 305 0.0 
6131 331 0.0 
6131 340 0.0 
6131 340 0.0 
6131 340 0.0 
6131 340 0.0 
6131 340 0.0 
6131 340 0.0 
6131 340 0.0 
6131 340 0.0 
6131 340 0.0 
6131 340 0.0 
6131 340 0.0 
6132 16 0.0 
6132 17 0.0 
6132 19 0.0 
6132 75 0.0 
6132 83 0.0 
6132 132 0.0 
6132 135 0.0 
6132 138 0.0 
6132 142 0.0 
6132 143 0.0 
6132 144 0.0 
6132 146 0.0 
6132 151 0.0 
6132 156 0.0 
6132 167 0.0 
6132 192 0.0 
6132 196 0.0 
6132 207 0.0 
6132 212 0.0 
6133 287 0.0 
6134 124 0.0 
6134 259 0.0 
6135 124 0.0 
6136 302 0.0 
6137 113 0.0 
6137 113 0.0 
6137 254 0.0 
6137 254 0.0 
6137 335 0.0 
6137 335 0.0 
6137 338 0.0 
6137 350 0.0 
6138 302 0.0 
6139 227 0.0 
6140 354 0.0 
6140 354 0.0 
6140 354 0.0 
6141 12 0.0 
6141 307 0.0 
6141 308 0.0 
6141 313 0.0 
6142 299 0.0 
6143 1 0.0193117279559 
6143 1 0.0 
6143 1 0.0 
6143 1 0.0 
6143 5 0.0 
6143 9 0.0 
6143 9 0.0 
6143 9 0.0 
6143 10 0.0 
6143 10 0.0 
6143 10 0.0 
6143 10 0.0 
6143 30 0.0 
6143 30 0.0 
6143 36 0.165707081556 
6143 61 0.0 
6143 61 0.187599658966 
6143 61 0.0 
6143 61 0.0 
6143 66 0.0 
6143 70 0.0 
6143 80 0.0 
6143 80 0.0 
6143 80 0.0 
6143 82 0.0 
6143 85 0.0 
6143 85 0.0 
6143 85 0.0 
6143 85 0.0 
6143 86 0.0 
6143 86 0.0 
6143 86 0.0 
6143 86 0.0 
6143 91 0.0 
6143 93 0.0 
6143 93 0.0 
6143 124 0.0 
6143 124 0.0 
6143 124 0.0 
6143 124 0.0 
6143 209 0.0 
6143 280 0.0 
6144 38 0.0 
6145 113 0.0 
6145 299 0.0 
6146 124 0.0 
6146 128 0.0 
6146 128 0.0 
6146 128 0.0 
6146 251 0.0 
6146 310 0.0 
6146 310 0.0 
6146 313 0.0 
6146 313 0.0 
6146 313 0.0 
6146 313 0.0 
6146 313 0.0 
6146 313 0.00587613787502 
6146 327 0.0 
6146 327 0.0 
6146 327 0.0 
6146 327 0.0 
6146 331 0.0 
6146 339 0.0 
6146 342 0.00439196499065 
6146 342 0.00439196499065 
6146 342 0.0 
6146 342 0.0 
6146 342 0.0 
6146 342 0.0 
6146 342 0.0 
6146 342 0.0 
6147 217 0.0 
6148 306 0.0 
6149 3 0.0 
6149 7 0.0 
6150 283 0.0 
6150 305 0.0 
6150 336 0.0 
6150 338 0.0 
6151 211 0.0 
6152 113 0.0 
6152 299 0.0 
6152 350 0.0 
6153 124 0.0 
6154 128 0.0 
6154 254 0.0 
6155 28 0.0 
6155 28 0.0 
6155 54 0.0 
6155 54 0.0 
6155 70 0.0 
6155 73 0.0 
6155 74 0.0 
6155 104 0.00324915838428 
6155 107 0.0 
6155 107 0.00484039308503 
6155 107 0.0 
6155 108 0.00367733021267 
6155 108 0.0 
6155 113 0.0 
6155 113 0.0 
6155 113 0.0 
6155 113 0.0 
6155 113 0.0 
6155 113 0.0 
6155 121 0.0 
6155 124 0.0 
6155 128 0.0 
6155 128 0.0 
6155 128 0.0 
6155 154 0.00462393509224 
6155 166 0.0 
6155 166 0.0 
6155 243 0.0 
6155 259 0.0 
6155 281 0.0 
6155 302 0.0 
6155 334 0.0 
6155 335 0.0 
6155 337 0.0 
6155 350 0.0 
6155 354 0.0 
6156 1 0.0193117279559 
6156 9 0.00448190327734 
6156 10 0.00220335158519 
6156 10 0.00220335158519 
6156 61 0.187599658966 
6156 80 0.656598806381 
6156 85 0.0051097185351 
6156 85 0.0051097185351 
6156 86 0.0625332221389 
6156 86 0.0625332221389 
6156 113 0.0 
6156 113 0.0301647670567 
6157 4 0.0 
6157 34 0.0 
6157 121 0.0 
6157 217 0.0 
6157 217 0.0 
6157 299 0.0 
6157 299 0.0 
6157 299 0.0 
6157 308 0.0 
6157 350 0.0 
6157 355 0.0 
6158 199 0.0 
6159 227 0.0 
6160 227 0.0 
6161 107 0.0 
6162 67 0.0 
6163 124 0.0 
6163 124 0.0 
6164 199 0.0 
6165 199 0.0 
6166 227 0.0 
6167 54 0.0 
6167 113 0.0 
6168 16 0.0 
6168 17 0.0 
6168 19 0.0 
6168 132 0.0 
6168 135 0.0 
6168 138 0.0 
6168 142 0.0 
6168 143 0.0 
6168 144 0.0 
6168 146 0.0 
6168 151 0.0 
6168 156 0.0 
6168 167 0.0 
6168 192 0.0 
6168 196 0.0 
6168 207 0.0 
6168 212 0.0 
6168 299 0.0 
6169 98 0.0 
6169 163 0.0 
6170 336 0.0 
6171 124 0.0 
6171 336 0.0 
6171 336 0.0 
6172 3 0.0 
6172 20 0.0 
6172 30 0.0 
6172 70 0.0 
6172 113 0.0 
6172 113 0.0 
6172 128 0.0 
6172 128 0.0 
6172 128 0.0 
6172 128 0.0 
6172 128 0.0 
6172 128 0.0 
6172 128 0.0 
6172 128 0.0 
6172 128 0.0 
6172 128 0.0 
6172 128 0.0 
6172 208 0.0 
6172 217 0.0 
6172 217 0.0 
6172 255 0.0 
6172 265 0.0 
6172 281 0.0 
6172 282 0.0 
6172 289 0.0 
6172 291 0.0 
6172 291 0.0 
6172 298 0.0 
6172 298 0.0 
6172 303 0.00460297474638 
6172 303 0.0 
6172 303 0.0 
6172 303 0.0 
6172 303 0.00729554239661 
6172 303 0.0 
6172 306 0.0 
6172 307 0.0 
6172 307 0.0 
6172 307 0.0 
6172 307 0.0 
6172 308 0.0 
6172 308 0.0 
6172 308 0.0 
6172 308 0.0 
6172 308 0.0 
6172 308 0.0 
6172 308 0.0 
6172 308 0.0 
6172 308 0.0 
6172 308 0.0 
6172 311 0.0 
6172 311 0.0 
6172 312 0.0 
6172 312 0.0 
6172 321 0.0 
6172 331 0.0 
6172 331 0.0 
6172 336 0.0 
6172 340 0.0 
6172 340 0.0 
6172 340 0.0 
6172 340 0.0 
6172 340 0.0 
6172 340 0.0 
6172 340 0.0 
6172 342 0.0 
6172 347 0.00663231126964 
6172 350 0.0 
6172 352 0.0 
6172 352 0.0 
6172 352 0.0 
6172 354 0.0 
6172 354 0.0 
6172 355 0.0 
6173 28 0.0 
6173 28 0.0 
6173 28 0.0 
6173 28 0.0 
6173 28 0.0 
6173 212 0.0 
6173 212 0.0 
6173 243 0.0 
6173 243 0.0 
6173 243 0.0 
6173 243 0.00278219813481 
6174 295 0.0 
6175 267 0.0 
6175 295 0.0 
6176 286 0.0 
6176 297 0.0 
6176 326 0.0 
6177 295 0.0 
6177 295 0.0 
6178 346 0.0 
6179 283 0.0 
6180 181 0.0 
6180 200 0.0 
6180 286 0.0 
6180 326 0.0 
6181 128 0.0 
6182 321 0.0 
6183 111 0.00853020045906 
6184 163 0.0 
6185 295 0.0 
6186 295 0.0 
6186 297 0.0 
6187 201 0.0 
6187 295 0.0 
6188 188 0.0 
6189 295 0.0 
6190 38 0.0 
6190 188 0.0 
6190 286 0.0 
6190 301 0.0 
6190 301 0.0 
6191 113 0.0 
6192 34 0.0 
6193 106 0.0 
6194 185 0.0 
6195 19 0.0 
6195 19 0.0 
6196 279 0.0 
6197 199 0.0 
6198 331 0.0 
6199 8 0.0 
6199 107 0.0 
6199 121 0.0 
6199 217 0.0 
6199 228 0.0 
6200 1 0.0193117279559 
6200 1 0.0193117279559 
6200 1 0.0193117279559 
6200 5 0.0 
6200 5 0.0 
6200 5 0.0 
6200 5 0.0 
6200 7 0.0 
6200 8 0.0 
6200 8 0.0 
6200 8 0.0 
6200 8 0.0 
6200 8 0.0 
6200 8 0.0 
6200 11 0.0 
6200 11 0.0 
6200 11 0.0 
6200 24 0.0 
6200 28 0.0 
6200 28 0.0 
6200 28 0.0 
6200 28 0.0 
6200 28 0.0 
6200 28 0.0 
6200 34 0.0 
6200 61 0.187599658966 
6200 61 0.187599658966 
6200 61 0.187599658966 
6200 86 0.0625332221389 
6200 91 0.0257489737123 
6200 91 0.0257489737123 
6200 93 0.011519276537 
6200 103 0.0 
6200 103 0.0 
6200 103 0.0 
6200 103 0.0 
6200 124 0.0 
6200 124 0.0 
6200 128 0.0 
6200 128 0.0 
6200 128 0.0 
6200 128 0.0 
6200 128 0.0 
6200 128 0.0 
6200 128 0.0 
6200 139 0.0 
6200 160 0.0 
6200 209 0.0 
6200 228 0.0 
6200 228 0.0 
6200 228 0.0 
6200 228 0.0 
6200 228 0.00347406766377 
6200 228 0.0 
6200 228 0.0 
6200 229 0.0 
6200 229 0.0 
6200 229 0.0 
6200 230 0.0 
6200 230 0.0 
6200 230 0.0 
6200 231 0.0 
6200 231 0.0 
6200 231 0.0 
6200 231 0.0 
6200 243 0.0 
6200 243 0.0 
6200 243 0.0 
6200 243 0.0 
6200 243 0.0 
6200 243 0.00278219813481 
6200 254 0.0 
6200 254 0.0 
6200 256 0.0 
6200 270 0.0 
6200 271 0.0 
6200 279 0.0 
6200 281 0.0 
6200 282 0.0 
6200 283 0.0 
6200 283 0.0 
6200 290 0.0 
6200 292 0.0 
6200 292 0.0 
6200 292 0.0 
6200 294 0.0 
6200 299 0.0 
6200 299 0.0 
6200 303 0.0 
6200 306 0.0 
6200 307 0.0 
6200 307 0.0 
6200 307 0.0 
6200 310 0.0 
6200 310 0.0 
6200 310 0.0 
6200 310 0.0 
6200 310 0.0 
6200 310 0.0 
6200 310 0.00135160749778 
6200 310 0.0 
6200 310 0.00135160749778 
6200 312 0.0 
6200 312 0.0 
6200 312 0.0 
6200 313 0.0 
6200 313 0.0 
6200 313 0.0 
6200 313 0.0 
6200 313 0.0 
6200 313 0.0 
6200 313 0.0 
6200 313 0.0 
6200 313 0.00587613787502 
6200 313 0.00587613787502 
6200 313 0.0 
6200 315 0.00579395378008 
6200 317 0.00591811025515 
6200 331 0.0 
6200 331 0.0 
6200 331 0.0 
6200 342 0.0 
6200 350 0.0 
6200 351 0.0 
6200 351 0.0 
6200 352 0.0 
6201 11 0.0 
6201 11 0.0 
6202 310 0.0 
6202 310 0.0 
6202 313 0.0 
6202 313 0.0 
6202 313 0.0 
6203 4 0.0 
6203 28 0.0 
6203 113 0.0 
6203 128 0.0 
6203 128 0.0 
6203 128 0.0 
6203 128 0.0 
6203 128 0.0 
6203 218 0.0 
6203 265 0.0 
6203 293 0.00254933978431 
6203 293 0.0 
6203 293 0.00254933978431 
6203 293 0.0 
6203 321 0.0 
6203 321 0.0 
6203 321 0.0 
6203 331 0.0 
6203 331 0.0 
6203 332 0.0 
6203 335 0.0 
6203 336 0.0 
6203 336 0.0 
6203 336 0.0 
6203 338 0.0 
6203 342 0.0 
6203 342 0.0 
6203 351 0.0 
6203 352 0.0 
6203 352 0.0 
6204 28 0.0 
6204 155 0.00773743074387 
6204 204 0.0 
6205 13 0.0 
6206 113 0.0 
6206 113 0.0 
6206 128 0.0 
6206 128 0.0 
6206 128 0.0 
6206 128 0.0 
6206 128 0.0 
6206 128 0.0 
6206 128 0.0 
6206 166 0.0 
6206 166 0.0 
6206 166 0.0 
6206 173 0.0 
6207 124 0.0 
6207 124 0.0 
6208 350 0.0 
6209 210 0.0 
6209 308 0.0 
6210 3 0.0 
6210 28 0.0 
6210 57 0.0 
6210 58 0.0 
6210 67 0.0 
6210 299 0.0 
6211 255 0.0 
6211 299 0.0 
6211 312 0.0 
6211 336 0.0 
6211 336 0.0 
6211 336 0.0 
6211 336 0.0 
6211 350 0.0 
6212 97 0.0 
6212 97 0.0 
6213 97 0.0 
6213 97 0.0 
6213 97 0.0 
6213 97 0.0 
6213 97 0.0 
6213 97 0.0 
6214 3 0.0 
6214 3 0.0 
6214 4 0.0 
6214 4 0.0 
6214 28 0.0 
6214 28 0.0 
6214 28 0.0 
6214 128 0.0 
6214 128 0.0 
6214 128 0.0 
6214 128 0.0 
6214 128 0.0 
6214 222 0.0 
6214 284 0.0 
6214 289 0.0 
6214 290 0.0 
6214 305 0.0 
6214 308 0.0 
6214 308 0.0 
6214 308 0.0 
6214 308 0.0 
6214 308 0.0 
6214 322 0.0 
6214 331 0.0 
6214 331 0.0 
6214 331 0.0 
6214 331 0.0 
6214 332 0.0 
6214 338 0.0 
6214 340 0.0 
6214 340 0.0 
6214 340 0.0 
6214 340 0.0 
6214 340 0.0 
6214 340 0.0 
6214 340 0.0 
6214 340 0.0 
6214 340 0.0 
6214 340 0.0 
6214 340 0.0 
6214 340 0.0 
6214 340 0.0 
6214 340 0.0 
6214 340 0.0 
6214 340 0.0 
6214 340 0.0 
6214 340 0.0 
6214 340 0.0 
6214 340 0.0 
6214 340 0.0 
6214 340 0.0 
6214 352 0.0 
6214 355 0.0 
6216 298 0.0 
6217 351 0.0 
6218 113 0.0 
6218 113 0.0 
6218 113 0.0 
6218 113 0.0 
6219 28 0.0 
6220 110 0.00178352091461 
6220 110 0.00178352091461 
6221 270 0.0 
6222 28 0.0 
6222 28 0.0 
6222 166 0.0 
6222 299 0.0 
6222 336 0.0 
6222 336 0.0 
6223 124 0.0 
6224 350 0.0 
6225 350 0.0 
6226 299 0.0 
6227 284 0.0 
6227 299 0.0 
6228 338 0.0 
6229 17 0.0 
6230 5 0.0 
6230 44 0.0 
6230 113 0.0 
6230 113 0.0 
6230 113 0.0 
6230 113 0.0 
6230 113 0.0 
6230 113 0.0 
6230 113 0.0 
6230 113 0.0 
6230 113 0.0 
6230 299 0.0 
6231 285 0.0 
6231 305 0.0 
6231 350 0.0 
6232 7 0.0 
6232 7 0.0 
6233 113 0.0 
6233 113 0.0 
6233 124 0.0 
6234 111 0.0 
6234 124 0.0 
6235 299 0.0 
6236 28 0.0 
6236 166 0.0 
6236 285 0.0 
6236 290 0.0 
6236 340 0.0 
6236 340 0.0 
6236 352 0.0 
6236 352 0.0 
6237 32 0.0 
6238 113 0.0 
6238 113 0.0 
6238 113 0.0 
6238 113 0.0 
6238 113 0.0 
6238 228 0.0 
6238 243 0.0 
6238 350 0.0 
6239 244 0.0 
6240 27 0.0 
6241 244 0.0 
6241 331 0.0 
6241 332 0.0 
6241 338 0.0 
6242 113 0.0 
6242 113 0.0 
6242 113 0.0 
6242 113 0.0 
6242 113 0.0 
6242 113 0.0 
6242 113 0.0 
6242 336 0.0 
6243 281 0.0 
6244 124 0.0 
6244 124 0.0 
6244 299 0.0 
6244 340 0.0 
6245 8 0.0 
6246 1 0.0 
6246 1 0.0 
6246 3 0.0 
6246 4 0.0 
6246 4 0.0 
6246 8 0.0 
6246 8 0.0 
6246 8 0.00825910456479 
6246 8 0.0 
6246 8 0.0 
6246 8 0.0 
6246 8 0.00825910456479 
6246 9 0.0 
6246 9 0.0 
6246 10 0.0 
6246 10 0.0 
6246 10 0.0 
6246 10 0.0 
6246 30 0.0 
6246 61 0.0 
6246 61 0.0 
6246 70 0.0 
6246 80 0.0 
6246 80 0.0 
6246 85 0.0 
6246 85 0.0 
6246 85 0.0 
6246 85 0.0 
6246 86 0.0 
6246 86 0.0 
6246 86 0.0 
6246 86 0.0 
6246 86 0.0 
6246 91 0.0 
6246 91 0.0 
6246 91 0.0 
6246 91 0.0 
6246 91 0.0 
6246 93 0.0 
6246 93 0.0 
6246 93 0.0 
6246 93 0.0 
6246 93 0.0 
6246 93 0.0 
6246 108 0.0 
6246 108 0.0 
6246 108 0.0 
6246 111 0.00853020045906 
6246 111 0.00853020045906 
6246 113 0.0 
6246 113 0.0 
6246 113 0.0 
6246 128 0.0 
6246 128 0.0 
6246 128 0.0 
6246 128 0.0 
6246 128 0.0 
6246 128 0.0 
6246 128 0.0 
6246 128 0.0 
6246 128 0.0 
6246 217 0.0 
6246 243 0.0 
6246 243 0.0 
6246 243 0.0 
6246 243 0.0 
6246 261 0.0 
6246 262 0.00657567800954 
6246 282 0.0 
6246 284 0.0 
6246 284 0.0015933373943 
6246 284 0.0 
6246 290 0.0026636866387 
6246 298 0.0 
6246 298 0.0 
6246 298 0.0 
6246 307 0.0 
6246 307 0.0 
6246 307 0.0 
6246 307 0.0 
6246 315 0.00579395378008 
6246 322 0.0 
6246 331 0.0 
6246 331 0.0 
6246 340 0.0 
6246 340 0.0 
6246 340 0.0 
6246 340 0.0 
6246 350 0.0 
6246 351 0.0 
6246 352 0.0 
6246 352 0.0 
6246 352 0.0 
6246 352 0.0 
6247 19 0.0 
6248 350 0.0 
6249 350 0.0 
6250 336 0.0 
6251 124 0.0 
6251 124 0.0 
6252 128 0.0 
6252 283 0.0 
6252 289 0.0 
6252 325 0.00669998768717 
6252 331 0.0 
6252 331 0.0 
6252 331 0.0 
6252 342 0.0 
6252 342 0.0 
6252 342 0.0 
6252 342 0.0 
6252 342 0.0 
6252 342 0.0 
6252 342 0.0 
6253 334 0.0 
6254 13 0.0 
6254 124 0.0 
6255 254 0.0 
6256 8 0.0 
6256 8 0.0 
6256 8 0.0 
6256 8 0.0 
6256 8 0.0 
6256 8 0.0 
6256 8 0.0 
6256 8 0.0 
6256 8 0.0 
6256 8 0.0 
6256 8 0.0 
6256 16 0.0 
6256 34 0.0 
6256 34 0.0 
6256 34 0.0 
6256 34 0.0 
6256 48 0.0 
6256 48 0.0 
6256 54 0.0 
6256 54 0.0 
6256 139 0.0 
6256 160 0.0 
6256 231 0.0 
6256 231 0.0 
6256 270 0.0 
6256 308 0.0 
6256 309 0.0 
6256 312 0.0 
6256 312 0.0 
6256 312 0.0 
6256 312 0.00175909860991 
6256 312 0.0 
6256 312 0.0 
6256 331 0.0 
6256 331 0.0 
6256 339 0.0 
6256 339 0.0 
6256 339 0.0 
6256 340 0.0 
6257 299 0.0 
6258 58 0.0 
6258 210 0.00746010337025 
6258 210 0.00470680138096 
6258 210 0.00470680138096 
6258 210 0.0 
6258 259 0.0 
6258 336 0.0 
6258 336 0.0 
6258 336 0.0 
6258 336 0.0 
6258 336 0.0 
6259 340 0.0 
6260 173 0.0 
6260 176 0.0 
6260 176 0.0 
6260 176 0.0 
6261 354 0.0 
6262 113 0.0 
6263 44 0.0 
6264 308 0.0 
6265 305 0.0 
6265 332 0.0 
6266 21 0.0 
6266 21 0.0 
6266 21 0.0 
6266 21 0.0 
6266 21 0.0 
6266 95 0.0 
6266 95 0.0 
6266 95 0.0 
6266 95 0.0 
6266 95 0.0 
6267 44 0.0 
6268 350 0.0 
6269 12 0.0 
6269 21 0.0 
6269 21 0.0 
6269 38 0.0 
6269 38 0.0 
6269 95 0.0 
6269 95 0.0 
6269 96 0.0 
6269 98 0.0 
6269 100 0.0 
6269 102 0.0 
6269 115 0.0 
6269 117 0.0 
6269 118 0.0 
6269 163 0.0 
6269 191 0.0 
6269 194 0.0 
6269 197 0.0 
6269 202 0.0 
6269 205 0.0 
6269 206 0.0 
6269 209 0.0 
6269 210 0.0 
6269 218 0.0 
6269 219 0.0 
6269 220 0.0 
6269 221 0.0 
6269 222 0.0 
6269 223 0.0 
6269 224 0.0 
6269 225 0.0 
6269 226 0.0 
6269 232 0.0 
6269 233 0.0 
6269 245 0.0 
6269 246 0.0 
6269 247 0.0 
6269 248 0.0 
6269 249 0.0 
6269 250 0.0 
6269 294 0.0 
6270 113 0.0 
6271 336 0.0 
6272 311 0.0 
6272 311 0.0 
6273 77 0.0 
6274 111 0.00853020045906 
6275 113 0.0 
6275 113 0.0 
6276 338 0.0 
6277 111 0.0 
6278 210 0.0 
6279 113 0.0 
6279 284 0.0 
6279 299 0.0 
6280 5 0.0 
6280 5 0.0 
6280 113 0.0 
6280 299 0.0 
6281 113 0.0 
6282 121 0.0 
6283 8 0.0 
6283 8 0.0 
6283 8 0.0 
6283 8 0.0 
6283 8 0.0 
6283 8 0.0 
6283 8 0.0 
6283 166 0.0 
6283 166 0.0 
6283 166 0.0 
6283 309 0.0 
6283 332 0.0 
6283 337 0.0 
6283 339 0.0 
6283 339 0.0 
6283 350 0.0 
6283 354 0.0 
6284 113 0.0 
6285 7 0.0 
6285 28 0.0 
6285 83 0.0 
6285 212 0.0 
6285 313 0.0 
6286 4 0.0 
6286 5 0.0 
6286 7 0.0 
6286 124 0.0 
6286 124 0.0 
6286 124 0.0 
6286 124 0.0 
6286 124 0.0 
6286 124 0.0 
6286 124 0.0 
6286 218 0.0 
6286 219 0.0 
6286 221 0.0 
6286 221 0.0 
6286 228 0.0 
6286 231 0.0 
6286 244 0.0 
6286 260 0.0 
6286 260 0.0 
6286 260 0.0 
6286 260 0.0 
6286 260 0.0 
6286 260 0.0 
6286 260 0.00753214024007 
6286 265 0.0 
6286 269 0.0 
6286 269 0.0 
6286 269 0.0 
6286 269 0.0 
6286 269 0.0 
6286 269 0.00268134451471 
6286 269 0.0 
6286 270 0.0 
6286 280 0.0 
6286 281 0.0 
6286 284 0.0 
6286 288 0.0 
6286 288 0.0 
6286 288 0.0 
6286 308 0.0 
6286 355 0.0 
6287 3 0.0 
6287 287 0.0 
6287 288 0.0 
6287 292 0.0 
6287 298 0.0 
6287 298 0.0 
6287 307 0.0 
6287 308 0.0 
6287 312 0.0 
6287 340 0.0 
6287 340 0.0 
6287 340 0.0 
6287 340 0.0 
6288 38 0.0 
6288 38 0.0 
6288 38 0.0 
6288 38 0.0 
6288 38 0.0 
6288 38 0.0 
6288 38 0.0 
6288 38 0.0 
6288 38 0.0 
6288 38 0.0 
6288 38 0.0 
6288 38 0.0 
6289 299 0.0 
6290 111 0.0 
6290 111 0.0 
6290 111 0.0 
6290 111 0.0 
6290 111 0.0 
6290 111 0.0 
6290 111 0.0 
6290 124 0.0 
6290 124 0.0 
6290 172 0.00106764037628 
6290 287 0.0 
6290 294 0.0 
6290 331 0.0 
6290 350 0.0 
6291 5 0.0 
6291 109 0.0 
6291 308 0.0 
6292 1 0.0193117279559 
6292 28 0.0 
6292 28 0.0 
6292 61 0.187599658966 
6293 113 0.0 
6293 113 0.0 
6294 289 0.0 
6295 113 0.0 
6296 48 0.0 
6296 48 0.0 
6296 48 0.0 
6297 90 0.0 
6298 58 0.0 
6299 289 0.0 
6299 289 0.0 
6300 1 0.0193117279559 
6300 9 0.00448190327734 
6300 10 0.00220335158519 
6300 13 0.00377355632372 
6300 61 0.187599658966 
6300 80 0.656598806381 
6300 85 0.0051097185351 
6300 86 0.0625332221389 
6300 113 0.0 
6300 128 0.0 
6300 128 0.0 
6300 128 0.0 
6300 128 0.0 
6300 128 0.0 
6301 128 0.0 
6301 128 0.0 
6301 128 0.0 
6301 128 0.0236519183964 
6301 340 0.0 
6302 335 0.0 
6303 113 0.0 
6303 113 0.0 
6303 299 0.0 
6304 299 0.0 
6305 54 0.0 
6306 25 0.0 
6306 330 0.0 
6306 332 0.00439196499065 
6306 333 0.0 
6306 341 0.0 
6306 343 0.0 
6306 345 0.0 
6306 353 0.0 
6306 354 0.0 
6306 355 0.0 
6306 356 -0.0 
6307 34 0.0 
6308 16 0.0 
6308 17 0.0 
6308 19 0.0 
6308 132 0.0 
6308 135 0.0 
6308 138 0.0 
6308 142 0.0 
6308 143 0.0 
6308 144 0.0 
6308 146 0.0 
6308 151 0.0 
6308 156 0.0 
6308 167 0.0 
6308 192 0.0 
6308 196 0.0 
6308 207 0.0 
6308 212 0.0 
6309 34 0.0 
6310 12 0.0 
6310 21 0.0 
6310 27 0.000644989020657 
6310 38 0.0 
6310 95 0.0 
6310 96 0.0 
6310 98 0.0 
6310 100 0.0 
6310 102 0.0 
6310 115 0.0 
6310 117 0.0 
6310 118 0.0 
6310 137 0.0 
6310 163 0.0 
6310 191 0.0 
6310 194 0.0 
6310 197 0.0 
6310 202 0.0 
6310 205 0.0 
6310 206 0.0 
6310 209 0.0 
6310 210 0.0 
6310 218 0.0 
6310 219 0.0 
6310 220 0.0 
6310 221 0.0 
6310 222 0.0 
6310 223 0.0 
6310 224 0.0 
6310 225 0.0 
6310 226 0.0 
6310 232 0.0 
6310 233 0.0 
6310 245 0.0 
6310 246 0.0 
6310 247 0.0 
6310 248 0.0 
6310 249 0.0 
6310 250 0.0 
6310 294 0.0 
6311 75 0.0 
6311 75 0.0 
6311 75 0.0 
6311 111 0.0 
6311 124 0.0 
6311 124 0.0 
6311 282 0.0 
6311 282 0.0 
6311 282 0.0 
6311 282 0.0 
6311 282 0.0 
6311 299 0.0 
6311 342 0.0 
6312 8 0.0 
6312 8 0.0 
6312 321 0.0 
6312 321 0.0 
6312 351 0.0 
6313 336 0.0 
6314 44 0.0 
6314 124 0.0 
6314 124 0.0 
6314 124 0.0 
6314 124 0.0 
6314 124 0.0 
6314 124 0.0 
6314 299 0.0 
6314 299 0.0 
6314 350 0.0 
6314 350 0.0 
6314 350 0.0 
6314 350 0.0 
6314 353 0.000691156659741 
6314 353 0.0 
6315 24 0.0 
6315 34 0.0 
6315 129 0.0128744859248 
6315 256 0.0 
6315 281 0.0 
6315 287 0.0 
6315 338 0.0 
6316 305 0.0 
6316 338 0.0 
6317 299 0.0 
6318 16 0.0 
6318 16 0.0 
6318 18 0.0 
6318 113 0.0 
6318 113 0.0 
6318 113 0.0 
6318 113 0.0 
6318 113 0.0 
6318 113 0.0 
6318 113 0.0 
6318 113 0.0 
6318 113 0.0 
6318 166 0.0 
6318 173 0.0 
6318 173 0.0 
6318 173 0.0 
6318 173 0.0 
6318 189 0.0 
6318 204 0.0 
6318 340 0.0 
6319 1 0.0193117279559 
6319 61 0.187599658966 
6319 103 0.0 
6319 128 0.0 
6319 128 0.0 
6319 128 0.0 
6319 128 0.0 
6319 311 0.0 
6319 339 0.0 
6319 342 0.0 
6320 106 0.0 
6320 107 0.0 
6320 108 0.0 
6320 111 0.00853020045906 
6320 111 0.00853020045906 
6320 124 0.0 
6320 289 0.0 
6321 340 0.0 
6322 153 0.0 
6323 28 0.0 
6323 113 0.0 
6323 113 0.0 
6323 113 0.0 
6323 113 0.0 
6323 113 0.0 
6323 113 0.0 
6323 113 0.0 
6323 121 0.0 
6323 124 0.0 
6323 124 0.0 
6323 128 0.0 
6323 128 0.0 
6323 128 0.0 
6323 128 0.0 
6323 128 0.0 
6323 166 0.0 
6323 166 0.0 
6323 173 0.0 
6323 173 0.0 
6323 173 0.0 
6323 173 0.0 
6323 180 0.0 
6323 181 0.0 
6323 251 0.0 
6323 292 0.0 
6323 299 0.0 
6323 311 0.0 
6323 322 0.0 
6323 335 0.0 
6323 337 0.0 
6323 338 0.0 
6323 338 0.0 
6323 339 0.0 
6323 340 0.0 
6323 340 0.0 
6323 340 0.0 
6323 355 0.0 
6324 7 0.0 
6324 54 0.0 
6324 124 0.0 
6324 124 0.0 
6324 124 0.0 
6324 124 0.0 
6324 124 0.0 
6324 124 0.0 
6324 124 0.0 
6324 124 0.0 
6325 306 0.0 
6325 306 0.0 
6325 306 0.0 
6325 306 0.0 
6325 350 0.0 
6326 11 0.0 
6326 11 0.0 
6326 28 0.0 
6326 28 0.0 
6326 113 0.0 
6326 164 0.0 
6326 176 0.0 
6326 212 0.0 
6326 231 0.0 
6326 254 0.0 
6326 299 0.0 
6327 354 0.0 
6328 113 0.0 
6329 155 0.00773743074387 
6330 54 0.0 
6331 7 0.0 
6331 7 0.0 
6331 8 0.0 
6331 8 0.0 
6331 28 0.0 
6331 32 0.0 
6331 83 0.0 
6331 113 0.0 
6331 113 0.0 
6331 113 0.0 
6331 113 0.0 
6331 113 0.0 
6331 113 0.0 
6331 113 0.0 
6331 113 0.0 
6331 113 0.0 
6331 124 0.0 
6331 124 0.0 
6331 139 0.0 
6331 139 0.0 
6331 139 0.0 
6331 139 0.0 
6331 164 0.0 
6331 164 0.0 
6331 166 0.0 
6331 173 0.0 
6331 173 0.0 
6331 173 0.0 
6331 173 0.0 
6331 173 0.0 
6331 180 0.0 
6331 243 0.0 
6331 281 0.0 
6331 292 0.0 
6331 299 0.0 
6331 299 0.0 
6331 299 0.0 
6331 331 0.0 
6331 334 0.0 
6331 337 0.0 
6331 337 0.0 
6331 337 0.0 
6331 338 0.0 
6331 350 0.0 
6331 350 0.0 
6331 350 0.0 
6331 354 0.0 
6331 354 0.0 
6332 8 0.0 
6332 8 0.0 
6332 8 0.0 
6332 8 0.0 
6332 8 0.0 
6332 8 0.00825910456479 
6332 8 0.0 
6332 113 0.0 
6332 196 0.0 
6332 299 0.0 
6332 299 0.0 
6332 299 0.0 
6332 299 0.0 
6332 350 0.0 
6332 350 0.0 
6332 350 0.0 
6332 350 0.0 
6332 350 0.0 
6332 354 0.0 
6333 44 0.0 
6333 299 0.0 
6333 306 0.0 
6333 350 0.0 
6334 4 0.0 
6334 113 0.0 
6334 137 0.0 
6334 137 0.0 
6334 137 0.0 
6334 261 0.0 
6334 290 0.0 
6334 299 0.0 
6334 299 0.0 
6334 321 0.0 
6334 322 0.0 
6334 350 0.0 
6334 350 0.0 
6334 351 0.0 
6335 3 0.0 
6335 5 0.0 
6335 7 0.0 
6335 13 0.0 
6335 28 0.0 
6335 34 0.0 
6335 44 0.0 
6335 54 0.0 
6335 113 0.0 
6335 113 0.0 
6335 113 0.0 
6335 113 0.0 
6335 113 0.0 
6335 113 0.0 
6335 113 0.0 
6335 113 0.0 
6335 121 0.0 
6335 124 0.0 
6335 124 0.0 
6335 124 0.0 
6335 124 0.0 
6335 124 0.0 
6335 217 0.0 
6335 222 0.0 
6335 228 0.0 
6335 228 0.0 
6335 254 0.0 
6335 279 0.0 
6335 279 0.0 
6335 279 0.0 
6335 283 0.0 
6335 288 0.0 
6335 291 0.0 
6335 292 0.0 
6335 293 0.0 
6335 293 0.0 
6335 299 0.0 
6335 299 0.0 
6335 299 0.0 
6335 299 0.0 
6335 299 0.0 
6335 299 0.0 
6335 299 0.0 
6335 299 0.0 
6335 305 0.0 
6335 305 0.0 
6335 308 0.0 
6335 309 0.0 
6335 311 0.0 
6335 312 0.0 
6335 340 0.0 
6335 350 0.0 
6335 350 0.0 
6335 350 0.0 
6335 350 0.0 
6335 350 0.0 
6335 350 0.0 
6335 350 0.0 
6335 350 0.0 
6335 350 0.0 
6335 350 0.0 
6335 350 0.0 
6335 350 0.0 
6335 350 0.0 
6335 350 0.0 
6335 350 0.0 
6335 350 0.0 
6335 350 0.0 
6335 350 0.0 
6335 350 0.0 
6335 350 0.0 
6335 354 0.0 
6335 355 0.0 
6336 7 0.0 
6336 44 0.0 
6336 44 0.0 
6336 103 0.0 
6336 103 0.0 
6336 103 0.0 
6336 109 0.0 
6336 113 0.0 
6336 113 0.0 
6336 113 0.0 
6336 113 0.0 
6336 113 0.0 
6336 113 0.0 
6336 113 0.0 
6336 113 0.0 
6336 113 0.0 
6336 113 0.0 
6336 113 0.0 
6336 124 0.0 
6336 124 0.0 
6336 124 0.0 
6336 124 0.0 
6336 124 0.0 
6336 124 0.0 
6336 124 0.0 
6336 124 0.0 
6336 124 0.0 
6336 234 0.0 
6336 238 0.0 
6336 243 0.0 
6336 279 0.0 
6336 281 0.0 
6336 282 0.0 
6336 283 0.0 
6336 284 0.0 
6336 291 0.0 
6336 299 0.0 
6336 299 0.0 
6336 299 0.0 
6336 299 0.0 
6336 299 0.0 
6336 299 0.0 
6336 299 0.0 
6336 299 0.0 
6336 299 0.0 
6336 299 0.0 
6336 299 0.0 
6336 299 0.0 
6336 299 0.0 
6336 299 0.0 
6336 299 0.0 
6336 299 0.0 
6336 299 0.0 
6336 299 0.0 
6336 299 0.0 
6336 299 0.0 
6336 299 0.0 
6336 299 0.0 
6336 299 0.0 
6336 299 0.0 
6336 299 0.0 
6336 299 0.0 
6336 305 0.0 
6336 305 0.0 
6336 305 0.0 
6336 305 0.0 
6336 306 0.0 
6336 306 0.0 
6336 306 0.0 
6336 306 0.0 
6336 308 0.0 
6336 313 0.0 
6336 340 0.0 
6336 340 0.0 
6336 340 0.0 
6336 350 0.0 
6336 350 0.0 
6336 350 0.0 
6336 350 0.0 
6336 350 0.0 
6336 350 0.0 
6336 350 0.0 
6336 350 0.0 
6336 350 0.0 
6336 350 0.0 
6336 350 0.0 
6336 350 0.0 
6336 350 0.0 
6336 350 0.0 
6336 350 0.0 
6336 350 0.0 
6336 350 0.0 
6336 350 0.0 
6336 350 0.0 
6336 350 0.0 
6336 350 0.0 
6336 350 0.0 
6336 354 0.0 
6336 354 0.0 
6336 354 0.0 
6336 354 0.0 
6336 354 0.0 
6336 354 0.0 
6336 354 0.0 
6336 354 0.0 
6336 354 0.0 
6336 354 0.0 
6336 354 0.0 
6336 354 0.0 
6336 354 0.0 
6336 354 0.0 
6336 354 0.0 
6337 16 0.0 
6337 16 0.0 
6337 113 0.0 
6337 124 0.0 
6337 124 0.0 
6337 124 0.0 
6337 124 0.0 
6337 128 0.0 
6337 166 0.0 
6337 166 0.0 
6337 284 0.0 
6337 284 0.0 
6337 284 0.0 
6337 284 0.0015933373943 
6337 299 0.0 
6337 299 0.0 
6337 299 0.0 
6337 299 0.0 
6337 334 0.0 
6337 350 0.0 
6337 350 0.0 
6337 350 0.0 
6337 350 0.0 
6337 350 0.0 
6337 351 0.0 
6337 354 0.0 
6338 7 0.0 
6338 83 0.0 
6338 83 0.0 
6338 83 0.0 
6338 83 0.0 
6338 113 0.0 
6338 113 0.0 
6338 113 0.0 
6338 306 0.0 
6338 306 0.0 
6339 270 0.0 
6339 352 0.0 
6340 307 0.0 
6341 124 0.0 
6341 299 0.0 
6341 306 0.0 
6342 7 0.0 
6342 350 0.0 
6343 308 0.0 
6343 340 0.0 
6343 340 0.0 
6343 340 0.0 
6344 111 0.0 
6345 299 0.0 
6346 128 0.0 
6346 128 0.0 
6346 305 0.0 
6346 306 0.0 
6346 306 0.0 
6346 306 0.0 
6346 340 0.0 
6347 288 0.0 
6347 298 0.0 
6347 350 0.0 
6347 354 0.0 
6348 111 0.0 
6348 271 0.0 
6348 271 0.0 
6349 124 0.0 
6349 124 0.0 
6349 350 0.0 
6349 350 0.0 
6349 350 0.0 
6350 155 0.00773743074387 
6351 280 0.0 
6352 20 0.00426362873986 
6352 208 0.00547165656462 
6353 113 0.0 
6353 113 0.0 
6353 113 0.0 
6353 113 0.0 
6353 113 0.0 
6353 113 0.0 
6353 113 0.0 
6353 113 0.0 
6353 113 0.0 
6353 113 0.0 
6353 113 0.0 
6353 113 0.0 
6353 128 0.0 
6353 160 0.0 
6353 173 0.0 
6353 228 0.0 
6353 228 0.0 
6353 228 0.0 
6353 228 0.0 
6353 228 0.00347406766377 
6353 307 0.0 
6353 350 0.0 
6353 350 0.0 
6353 350 0.0 
6354 105 0.0 
6354 105 0.0 
6354 185 0.0 
6354 185 0.0 
6355 70 0.0 
6356 128 0.0 
6356 128 0.0 
6356 128 0.0 
6356 128 0.0 
6356 334 0.0 
6356 334 0.0 
6356 334 0.0 
6356 335 0.0 
6356 335 0.0 
6356 335 0.0 
6356 337 0.0 
6356 337 0.0 
6356 338 0.0 
6356 338 0.0 
6356 338 0.0 
6356 338 0.0 
6356 338 0.0 
6357 19 0.0 
6357 21 0.0 
6357 24 0.0 
6357 27 0.0 
6357 95 0.0 
6357 105 0.0 
6357 105 0.00721537088975 
6357 256 0.0 
6357 294 0.0 
6357 294 0.0 
6357 299 0.0 
6357 299 0.0 
6357 299 0.0 
6357 299 0.0 
6358 105 0.0 
6358 105 0.0 
6358 185 0.0 
6359 336 0.0 
6360 299 0.0 
6361 124 0.0 
6361 124 0.0 
6361 124 0.0 
6361 292 0.0 
6361 293 0.0 
6361 299 0.0 
6361 299 0.0 
6361 354 0.0 
6361 354 0.0 
6362 5 0.0 
6362 103 0.0 
6362 103 0.0 
6362 113 0.0 
6362 113 0.0 
6362 164 0.0 
6362 166 0.0 
6362 188 0.0 
6362 228 0.0 
6362 281 0.0 
6362 299 0.0 
6362 306 0.0 
6362 350 0.0 
6362 350 0.0 
6363 11 0.0 
6364 128 0.0 
6364 164 0.0306083671749 
6364 231 0.0 
6365 354 0.0 
6365 354 0.0 
6365 354 0.0 
6365 354 0.0 
6366 106 0.0 
6366 107 0.0 
6366 108 0.0 
6366 111 0.00853020045906 
6366 111 0.00853020045906 
6367 8 0.0 
6367 30 0.0 
6367 240 0.0 
6367 240 0.0110471388325 
6367 240 0.0110471388325 
6367 337 0.0 
6367 338 0.0016704343725 
6367 338 0.0 
6367 340 0.0 
6368 350 0.0 
6369 299 0.0 
6370 16 0.0 
6370 155 0.00773743074387 
6370 331 0.0 
6370 354 0.0 
6370 354 0.0 
6370 354 0.0 
6370 354 0.0 
6370 354 0.0 
6370 354 0.0 
6370 354 0.0 
6371 16 0.0 
6371 299 0.0 
6371 336 0.0 
6372 342 0.0 
6373 336 0.0 
6374 111 0.0 
6374 111 0.0 
6374 124 0.0 
6375 83 0.0 
6376 4 0.0 
6376 4 0.0 
6376 298 0.0 
6377 24 0.0 
6377 256 0.0 
6377 258 0.0 
6377 264 0.0 
6377 272 0.0 
6377 273 0.0 
6377 275 0.0 
6377 279 0.0 
6377 282 0.0 
6377 283 0.0 
6377 285 0.0 
6377 289 0.0 
6377 291 0.0 
6377 293 0.0 
6377 299 0.0 
6377 304 0.0 
6377 305 0.0 
6377 306 0.0 
6377 307 0.0 
6377 308 0.0 
6377 309 0.0 
6377 310 0.0 
6377 311 0.0 
6377 312 0.0 
6377 313 0.0 
6377 314 0.0 
6377 315 0.0 
6377 316 0.0 
6377 317 0.0 
6377 318 0.0 
6377 319 0.0 
6377 320 0.0 
6377 321 0.0 
6377 322 0.0 
6377 323 0.0 
6377 324 0.0 
6377 325 0.0 
6377 327 0.0 
6377 328 0.0 
6377 331 0.0 
6377 332 0.0 
6377 334 0.0 
6377 335 0.0 
6377 336 0.0 
6377 337 0.0 
6377 338 0.0 
6377 339 0.0 
6377 340 0.0 
6377 342 0.0 
6377 350 0.0 
6377 351 0.0 
6377 352 0.0 
6378 355 0.0 
6379 11 0.0 
6380 113 0.0 
6380 113 0.0 
6380 124 0.0 
6380 189 0.0 
6380 294 0.00640584202483 
6380 294 0.00640584202483 
6380 294 0.0101530188695 
6380 299 0.0 
6380 299 0.00656598806381 
6380 299 0.0 
6380 299 0.0 
6380 299 0.0 
6380 299 0.0 
6380 299 0.0 
6381 113 0.0 
6381 176 0.0 
6381 210 0.0 
6381 259 0.0 
6381 336 0.0 
6381 336 0.0 
6381 336 0.0 
6381 336 0.0 
6381 336 0.0 
6382 3 0.0 
6382 7 0.0 
6382 8 0.0 
6382 13 0.0 
6382 28 0.0 
6382 32 0.0 
6382 83 0.0 
6382 83 0.0 
6382 110 0.0 
6382 113 0.0 
6382 113 0.0 
6382 113 0.0 
6382 113 0.0 
6382 113 0.0 
6382 113 0.0 
6382 124 0.0 
6382 124 0.0 
6382 124 0.0 
6382 124 0.0 
6382 128 0.0 
6382 128 0.0 
6382 128 0.0 
6382 128 0.0 
6382 128 0.0 
6382 222 0.0 
6382 231 0.0 
6382 234 0.0 
6382 238 0.0 
6382 270 0.0 
6382 271 0.0 
6382 282 0.0 
6382 283 0.0 
6382 283 0.00207652989775 
6382 283 0.0 
6382 291 0.0 
6382 299 0.0 
6382 299 0.0 
6382 299 0.0 
6382 305 0.0 
6382 321 0.0 
6382 321 0.0 
6382 334 0.0 
6382 335 0.0 
6382 337 0.0 
6382 338 0.0 
6382 350 0.0 
6382 350 0.0 
6382 350 0.0 
6382 350 0.0 
6382 355 0.0 
6383 113 0.0 
6383 113 0.0 
6383 113 0.0 
6383 113 0.0 
6383 113 0.0 
6383 113 0.0 
6383 124 0.0 
6383 124 0.0 
6383 137 0.0 
6383 137 0.0 
6383 293 0.00254933978431 
6383 293 0.0 
6383 299 0.0 
6383 299 0.0 
6383 299 0.0 
6383 299 0.0 
6383 299 0.0 
6383 299 0.0 
6383 299 0.0 
6383 299 0.0 
6383 306 0.0 
6383 340 0.0 
6383 340 0.0 
6383 340 0.0 
6383 350 0.0 
6383 350 0.0 
6383 350 0.0 
6383 350 0.0 
6383 354 0.0 
6384 1 0.0193117279559 
6384 16 0.0 
6384 17 0.0 
6384 19 0.0 
6384 24 0.0 
6384 24 0.0 
6384 25 0.0 
6384 61 0.187599658966 
6384 113 0.0 
6384 113 0.0 
6384 113 0.0 
6384 124 0.0 
6384 192 0.0 
6384 196 0.0 
6384 207 0.0 
6384 212 0.0 
6384 254 0.0 
6384 256 0.0 
6384 256 0.0 
6384 258 0.0 
6384 264 0.0 
6384 272 0.0 
6384 273 0.0 
6384 275 0.0 
6384 279 0.0 
6384 282 0.0 
6384 283 0.0 
6384 285 0.0 
6384 289 0.0 
6384 291 0.0 
6384 293 0.0 
6384 299 0.0 
6384 304 0.0 
6384 305 0.0 
6384 306 0.0 
6384 307 0.0 
6384 308 0.0 
6384 309 0.0 
6384 310 0.0 
6384 311 0.0 
6384 312 0.0 
6384 313 0.0 
6384 314 0.0 
6384 315 0.0 
6384 316 0.0 
6384 317 0.0 
6384 318 0.0 
6384 319 0.0 
6384 320 0.0 
6384 321 0.0 
6384 322 0.0 
6384 323 0.0 
6384 324 0.0 
6384 325 0.0 
6384 327 0.0 
6384 328 0.0 
6384 330 0.0 
6384 331 0.0 
6384 332 0.0 
6384 333 0.0 
6384 334 0.0 
6384 335 0.0 
6384 336 0.0 
6384 337 0.0 
6384 338 0.0 
6384 339 0.0 
6384 340 0.0 
6384 341 0.0 
6384 342 0.0 
6384 343 0.0 
6384 345 0.0 
6384 350 0.0 
6384 351 0.0 
6384 352 0.0 
6384 353 0.0 
6384 354 0.0 
6384 355 0.0 
6384 356 -0.0 
6385 139 0.0 
6385 139 0.0 
6386 1 0.0193117279559 
6386 8 0.0 
6386 11 0.0 
6386 11 0.0 
6386 11 0.0 
6386 11 0.0 
6386 12 0.0 
6386 14 0.0 
6386 16 0.0 
6386 18 0.0 
6386 20 0.00426362873986 
6386 20 0.00426362873986 
6386 44 0.0 
6386 61 0.187599658966 
6386 98 0.0 
6386 98 0.0 
6386 98 0.0 
6386 110 0.00178352091461 
6386 110 0.00178352091461 
6386 110 0.0 
6386 189 0.0 
6386 192 0.0 
6386 199 0.0 
6386 204 0.0 
6386 208 0.00547165656462 
6386 208 0.00547165656462 
6386 209 0.0 
6386 210 0.0 
6386 218 0.0 
6386 219 0.0 
6386 219 0.0 
6386 222 0.0 
6386 222 0.0 
6386 222 0.0 
6386 244 0.0 
6386 254 0.0 
6386 255 0.0 
6386 257 0.0 
6386 257 0.0 
6386 261 0.0 
6386 265 0.0 
6386 265 0.0 
6386 271 0.0 
6386 276 0.0 
6386 280 0.0 
6386 280 0.0 
6386 283 0.0 
6386 291 0.0 
6386 292 0.0 
6386 298 0.0 
6386 298 0.0 
6386 299 0.0 
6386 299 0.0 
6386 307 0.0 
6386 308 0.0 
6386 311 0.0 
6386 312 0.0 
6386 313 0.0 
6386 327 0.0 
6386 328 0.0 
6386 350 0.0 
6386 350 0.0 
6387 306 0.0 
6387 352 0.0 
6388 354 0.0 
6389 299 0.0 
6390 340 0.0 
6390 350 0.0 
6391 210 0.0 
6391 338 0.0 
6392 17 0.0 
6392 17 0.0 
6393 1 0.0193117279559 
6393 3 0.0 
6393 3 0.0 
6393 7 0.0 
6393 7 0.0 
6393 7 0.0 
6393 7 0.0 
6393 7 0.0 
6393 7 0.0 
6393 8 0.0 
6393 10 0.00220335158519 
6393 11 0.0 
6393 11 0.0 
6393 13 0.0 
6393 18 0.0 
6393 22 0.0 
6393 24 0.0 
6393 25 0.0 
6393 48 0.0 
6393 48 0.0 
6393 48 0.0 
6393 48 0.0 
6393 61 0.187599658966 
6393 77 0.0 
6393 83 0.0 
6393 83 0.0 
6393 85 0.0051097185351 
6393 87 0.0 
6393 88 0.0 
6393 89 0.0 
6393 89 0.0 
6393 89 0.0 
6393 90 0.0 
6393 90 0.0 
6393 90 0.0 
6393 92 0.0 
6393 94 0.0 
6393 99 0.0 
6393 103 0.0 
6393 113 0.0 
6393 113 0.0 
6393 137 0.0 
6393 139 0.0 
6393 141 0.0 
6393 152 0.0 
6393 153 0.0 
6393 154 0.0 
6393 155 0.0 
6393 157 0.0 
6393 160 0.0 
6393 161 0.0 
6393 164 0.0 
6393 166 0.0 
6393 169 0.0 
6393 170 0.0 
6393 171 0.0 
6393 172 0.0 
6393 173 0.0 
6393 176 0.0 
6393 176 0.0 
6393 178 0.0 
6393 179 0.0 
6393 180 0.0 
6393 181 0.0 
6393 182 0.0 
6393 183 0.0 
6393 184 0.0 
6393 188 0.0 
6393 189 0.0 
6393 190 0.0 
6393 198 0.0 
6393 199 0.0 
6393 200 0.0 
6393 201 0.0 
6393 203 0.0 
6393 204 0.0 
6393 213 0.0 
6393 214 0.0 
6393 216 0.0 
6393 217 0.0 
6393 227 0.0 
6393 228 0.0 
6393 229 0.0 
6393 230 0.0 
6393 231 0.0 
6393 234 0.0 
6393 235 0.0 
6393 236 0.0 
6393 238 0.0 
6393 243 0.0 
6393 244 0.0 
6393 251 0.0 
6393 252 0.0 
6393 253 0.0 
6393 254 0.0 
6393 256 0.0 
6393 258 0.0 
6393 262 0.0 
6393 264 0.0 
6393 267 0.0 
6393 272 0.0 
6393 273 0.0 
6393 274 0.0 
6393 275 0.0 
6393 278 0.0 
6393 279 0.0 
6393 281 0.0 
6393 282 0.0 
6393 283 0.0 
6393 285 0.0 
6393 286 0.0 
6393 289 0.0 
6393 291 0.0 
6393 293 0.0 
6393 295 0.0 
6393 296 0.0 
6393 297 0.0 
6393 299 0.0 
6393 300 0.0 
6393 302 0.0 
6393 304 0.0 
6393 305 0.0 
6393 306 0.0 
6393 307 0.0 
6393 308 0.0 
6393 309 0.0 
6393 310 0.0 
6393 311 0.0 
6393 312 0.0 
6393 313 0.0 
6393 314 0.0 
6393 315 0.0 
6393 316 0.0 
6393 317 0.0 
6393 318 0.0 
6393 319 0.0 
6393 320 0.0 
6393 321 0.0 
6393 322 0.0 
6393 323 0.0 
6393 324 0.0 
6393 325 0.0 
6393 326 0.0 
6393 327 0.0 
6393 328 0.0 
6393 330 0.0 
6393 331 0.0 
6393 332 0.0 
6393 333 0.0 
6393 334 0.0 
6393 335 0.0 
6393 336 0.0 
6393 337 0.0 
6393 338 0.0 
6393 339 0.0 
6393 340 0.0 
6393 341 0.0 
6393 342 0.0 
6393 343 0.0 
6393 345 0.0 
6393 346 0.0 
6393 347 0.0 
6393 348 0.0 
6393 350 0.0 
6393 350 0.0 
6393 351 0.0 
6393 352 0.0 
6393 353 0.0 
6393 354 0.0 
6393 354 0.0 
6393 354 0.0 
6393 354 0.0 
6393 355 0.0 
6393 356 -0.0 
6394 28 0.0 
6394 212 0.0 
6395 1 0.0 
6395 61 0.0 
6395 121 0.0 
6395 121 0.0 
6395 283 0.0 
6396 113 0.0 
6397 5 0.0 
6397 350 0.0 
6397 350 0.0 
6397 350 0.0 
6397 350 0.0 
6398 48 0.0 
6398 350 0.0 
6399 299 0.0 
6400 229 0.0 
6400 230 0.0 
6401 111 0.0 
6402 113 0.0 
6403 218 0.0 
6403 327 0.0 
6403 331 0.0 
6404 77 0.0 
6405 8 0.0 
6405 8 0.0 
6405 8 0.0 
6405 14 0.0 
6405 228 0.0 
6405 254 0.0 
6405 254 0.0 
6405 350 0.0 
6405 350 0.0 
6405 350 0.0 
6405 350 0.0 
6405 350 0.0 
6406 350 0.0 
6407 354 0.0 
6408 54 0.0 
6409 111 0.0 
6410 180 0.0 
6410 180 0.0 
6411 8 0.0 
6411 352 0.0 
6412 340 0.0 
6413 299 0.0 
6413 350 0.0 
6413 350 0.0 
6414 54 0.0 
6415 340 0.0 
6416 7 0.0 
6417 113 0.0 
6418 110 0.00178352091461 
6418 253 0.0 
6418 253 0.0 
6418 253 0.0 
6418 253 0.0 
6419 293 0.0 
6419 353 0.0 
6419 353 0.0 
6420 15 0.0 
6421 28 0.0 
6421 350 0.0 
6422 4 0.0 
6422 103 0.0 
6422 103 0.0 
6422 124 0.0 
6422 124 0.0 
6422 124 0.0 
6422 124 0.0 
6422 124 0.0 
6422 124 0.0 
6422 124 0.0 
6422 124 0.0 
6422 124 0.0 
6422 128 0.0 
6422 279 0.0 
6422 299 0.0 
6422 299 0.0 
6422 299 0.0 
6422 299 0.0 
6422 299 0.0 
6422 299 0.0 
6422 299 0.0 
6422 305 0.0 
6422 305 0.0 
6422 350 0.0 
6422 350 0.0 
6422 350 0.0 
6422 350 0.0 
6422 354 0.0 
6423 311 0.0 
6424 111 0.0 
6424 128 0.0 
6424 128 0.0 
6424 128 0.0 
6424 128 0.0 
6424 128 0.0 
6424 128 0.0 
6424 257 0.0 
6424 257 0.00511441659182 
6424 259 0.0 
6424 259 0.00309154996648 
6424 261 0.00680413236842 
6424 261 0.0 
6424 263 0.0 
6424 263 0.00531112449244 
6424 265 0.0 
6424 265 0.0552356950939 
6424 266 0.00663231126964 
6424 280 0.0 
6424 280 0.00142605067231 
6425 338 0.0 
6426 350 0.0 
6427 113 0.0 
6427 113 0.0 
6427 113 0.0 
6427 350 0.0 
6428 173 0.0 
6428 305 0.0 
6428 305 0.0 
6428 305 0.0 
6428 305 0.0 
6428 350 0.0 
6428 354 0.0 
6429 28 0.0 
6429 107 0.0 
6429 108 0.0 
6429 128 0.0 
6429 128 0.0 
6429 128 0.0 
6429 128 0.0 
6429 128 0.0 
6429 128 0.0 
6429 128 0.0 
6429 128 0.0 
6429 128 0.0 
6429 152 0.0 
6429 217 0.0 
6429 254 0.0 
6430 18 0.0 
6430 28 0.0 
6430 166 0.0 
6430 355 0.0 
6430 355 0.0 
6431 113 0.0 
6431 113 0.0 
6432 103 0.0 
6432 103 0.02851190418 
6432 103 0.0 
6432 107 0.0 
6432 111 0.0 
6432 270 0.0 
6432 309 0.0 
6432 309 0.0 
6432 311 0.0 
6432 311 0.0 
6432 312 0.0 
6432 312 0.0 
6432 312 0.0 
6432 336 0.0 
6433 1 0.0193117279559 
6433 9 0.00448190327734 
6433 10 0.00220335158519 
6433 61 0.187599658966 
6433 80 0.656598806381 
6433 85 0.0051097185351 
6433 86 0.0625332221389 
6433 186 0.0 
6433 254 0.0 
6434 354 0.0 
6435 124 0.0 
6435 299 0.0 
6436 25 0.0 
6436 299 0.0 
6436 330 0.0 
6436 333 0.0 
6436 341 0.0 
6436 343 0.0 
6436 345 0.0 
6436 353 0.0 
6436 354 0.0 
6436 355 0.0 
6436 355 0.0 
6436 355 0.0 
6436 356 -0.0 
6437 77 0.0 
6437 124 0.0 
6437 124 0.0 
6437 124 0.0 
6437 155 0.0 
6437 299 0.0 
6437 299 0.0 
6437 350 0.0 
6437 350 0.0 
6437 350 0.0 
6437 350 0.00140192115214 
6437 350 0.00140192115214 
6438 299 0.0 
6438 322 0.0 
6439 103 0.0 
6439 113 0.0 
6439 113 0.0 
6439 113 0.0 
6439 124 0.0 
6439 124 0.0 
6439 160 0.0 
6439 160 0.0 
6439 231 0.0 
6439 299 0.0 
6439 334 0.0 
6439 350 0.0 
6439 350 0.0 
6439 350 0.0 
6440 3 0.0 
6440 3 0.0 
6440 4 0.0 
6440 5 0.0 
6440 5 0.0 
6440 5 0.0 
6440 5 0.0 
6440 5 0.0 
6440 5 0.0 
6440 5 0.0 
6440 7 0.0 
6440 7 0.0 
6440 7 0.0 
6440 7 0.0 
6440 7 0.0 
6440 7 0.0 
6440 7 0.0 
6440 7 0.0 
6440 8 0.0 
6440 8 0.0 
6440 11 0.0 
6440 14 0.0 
6440 43 0.0 
6440 54 0.0 
6440 59 0.0 
6440 66 0.0 
6440 69 0.00275260931812 
6440 70 0.0 
6440 82 0.0 
6440 83 0.0 
6440 83 0.0 
6440 92 0.0 
6440 94 0.0 
6440 124 0.0 
6440 124 0.0 
6440 124 0.0 
6440 124 0.0 
6440 124 0.0 
6440 124 0.0 
6440 124 0.0 
6440 124 0.0 
6440 124 0.0 
6440 124 0.0 
6440 124 0.0 
6440 124 0.0 
6440 124 0.0 
6440 124 0.0 
6440 124 0.0 
6440 124 0.0 
6440 124 0.0 
6440 183 0.0 
6440 209 0.0 
6440 218 0.0 
6440 218 0.0 
6440 218 0.0 
6440 218 0.0 
6440 218 0.0 
6440 219 0.0 
6440 219 0.0 
6440 244 0.0 
6440 251 0.0 
6440 251 0.0 
6440 253 0.0 
6440 254 0.0 
6440 254 0.0 
6440 254 0.0 
6440 254 0.0 
6440 254 0.0 
6440 254 0.0 
6440 257 0.0 
6440 259 0.0 
6440 259 0.0 
6440 259 0.0 
6440 261 0.0 
6440 263 0.0 
6440 265 0.0 
6440 265 0.0 
6440 265 0.0 
6440 271 0.0 
6440 276 0.0 
6440 280 0.0 
6440 280 0.0 
6440 303 0.0 
6440 321 0.0 
6440 322 0.0 
6440 327 0.0 
6440 327 0.0 
6440 328 0.0 
6440 329 0.0 
6440 331 0.0 
6440 331 0.0 
6440 331 0.0 
6440 331 0.0 
6440 332 0.0 
6440 332 0.0 
6440 338 0.0 
6440 338 0.0 
6440 345 0.0 
6440 351 0.0 
6440 351 0.0 
6441 13 0.0 
6441 124 0.0 
6441 124 0.0 
6441 124 0.0 
6441 124 0.0 
6441 124 0.0 
6441 196 0.00920594949275 
6441 196 0.0 
6441 196 0.0 
6441 228 0.0 
6441 281 0.0 
6441 291 0.0 
6441 293 0.0 
6441 293 0.0 
6441 293 0.0 
6441 299 0.0 
6441 299 0.0 
6441 299 0.0 
6441 299 0.0 
6441 299 0.0 
6441 307 0.0 
6441 350 0.0 
6441 350 0.0 
6441 350 0.0 
6441 350 0.0 
6441 350 0.0 
6441 350 0.0 
6441 350 0.0 
6441 350 0.0 
6441 350 0.0 
6441 350 0.0 
6441 350 0.0 
6441 350 0.0 
6441 350 0.0 
6441 350 0.0 
6441 350 0.0 
6441 350 0.0 
6441 350 0.0 
6441 350 0.0 
6441 350 0.0 
6441 354 0.0 
6442 110 0.00178352091461 
6442 111 0.0 
6442 124 0.0 
6442 124 0.0 
6442 139 0.0 
6442 251 0.0 
6442 251 0.0 
6442 251 0.0 
6442 302 0.0 
6442 306 0.0 
6443 8 0.0 
6443 8 0.0 
6443 8 0.0 
6443 8 0.0 
6443 8 0.0 
6443 8 0.00825910456479 
6443 8 0.0 
6443 166 0.0 
6443 306 0.0 
6443 306 0.0 
6443 350 0.0 
6443 350 0.0 
6443 354 0.0 
6443 354 0.0 
6443 354 0.0 
6444 306 0.0 
6444 350 0.0 
6445 28 0.0 
6445 67 0.0 
6446 1 0.0 
6446 19 0.0 
6446 61 0.0 
6446 121 0.0 
6446 121 0.0 
6446 128 0.0 
6446 128 0.0 
6446 207 0.0 
6446 212 0.0 
6446 283 0.0 
6446 291 0.0 
6446 291 0.0 
6446 299 0.0 
6446 305 0.0 
6446 350 0.0 
6446 350 0.0 
6447 354 0.0 
6448 48 0.0 
6449 8 0.0 
6449 103 0.02851190418 
6449 103 0.0 
6449 128 0.0236519183964 
6449 271 0.0 
6449 281 0.0 
6449 309 0.0 
6449 309 0.0 
6449 309 0.0 
6449 309 0.0 
6449 309 0.0 
6449 311 0.0 
6449 322 0.0 
6449 334 0.0 
6449 334 0.0 
6449 334 0.0 
6449 337 0.0 
6450 128 0.0 
6450 128 0.0 
6450 128 0.0 
6450 128 0.0 
6450 128 0.0 
6450 128 0.0 
6450 128 0.0 
6450 308 0.0 
6450 338 0.0 
6451 10 0.00220335158519 
6451 24 0.0 
6451 85 0.0051097185351 
6451 86 0.0625332221389 
6451 124 0.0 
6451 139 0.0 
6451 256 0.0 
6451 258 0.0 
6451 264 0.0 
6451 272 0.0 
6451 273 0.0 
6451 275 0.0 
6451 279 0.0 
6451 282 0.0 
6451 283 0.0 
6451 285 0.0 
6451 289 0.0 
6451 291 0.0 
6451 293 0.0 
6451 299 0.0 
6451 304 0.0 
6451 305 0.0 
6451 306 0.0 
6451 307 0.0 
6451 307 0.0 
6451 308 0.0 
6451 309 0.0 
6451 309 0.0 
6451 310 0.0 
6451 311 0.0 
6451 311 0.0 
6451 312 0.0 
6451 313 0.0 
6451 314 0.0 
6451 315 0.0 
6451 316 0.0 
6451 317 0.0 
6451 318 0.0 
6451 319 0.0 
6451 320 0.0 
6451 321 0.0 
6451 322 0.0 
6451 323 0.0 
6451 324 0.0 
6451 325 0.0 
6451 327 0.0 
6451 328 0.0 
6451 331 0.0 
6451 332 0.0 
6451 334 0.0 
6451 335 0.0 
6451 336 0.0 
6451 337 0.0 
6451 338 0.0 
6451 339 0.0 
6451 340 0.0 
6451 342 0.0 
6451 350 0.0 
6451 351 0.0 
6451 352 0.0 
6452 305 0.0 
6453 342 0.0 
6454 19 0.0 
6454 207 0.0 
6454 212 0.0 
6455 350 0.0 
6456 1 0.0193117279559 
6456 4 0.0 
6456 5 0.0 
6456 7 0.0 
6456 7 0.0 
6456 28 0.0 
6456 28 0.0 
6456 44 0.0 
6456 61 0.187599658966 
6456 83 0.0 
6456 109 0.0 
6456 109 0.0 
6456 109 0.0 
6456 112 0.0 
6456 113 0.0 
6456 113 0.0 
6456 113 0.0 
6456 113 0.0 
6456 113 0.0 
6456 124 0.0 
6456 124 0.0 
6456 124 0.0 
6456 124 0.0 
6456 128 0.0 
6456 128 0.0 
6456 139 0.0 
6456 166 0.0 
6456 237 0.0 
6456 240 0.0 
6456 241 0.0 
6456 242 0.0 
6456 254 0.0 
6456 268 0.0 
6456 279 0.0 
6456 285 0.0 
6456 299 0.0 
6456 312 0.0 
6456 335 0.0 
6456 337 0.0 
6456 342 0.0 
6456 350 0.0 
6456 354 0.0 
6456 354 0.0 
6456 354 0.0 
6456 355 0.0 
6456 355 0.0 
6456 355 0.0 
6456 355 0.0 
6456 355 0.0 
6457 4 0.0 
6457 5 0.0 
6457 7 0.0 
6457 124 0.0 
6457 124 0.0 
6457 124 0.0 
6457 124 0.0 
6457 124 0.0 
6457 124 0.0 
6457 124 0.0 
6457 350 0.0 
6458 299 0.0 
6459 7 0.0 
6460 4 0.0 
6460 5 0.0 
6460 7 0.0 
6460 8 0.0 
6460 54 0.0 
6460 54 0.0 
6460 113 0.0 
6460 113 0.0 
6460 113 0.0 
6460 113 0.0 
6460 113 0.0 
6460 113 0.0 
6460 113 0.0 
6460 124 0.0 
6460 124 0.0 
6460 124 0.0 
6460 124 0.0 
6460 124 0.0 
6460 124 0.0 
6460 124 0.0 
6460 124 0.0 
6460 124 0.0 
6460 128 0.0 
6460 279 0.0 
6460 279 0.0 
6460 282 0.0 
6460 283 0.0 
6460 290 0.0 
6460 291 0.0 
6460 291 0.0 
6460 293 0.0 
6460 298 0.0 
6460 299 0.0 
6460 299 0.0 
6460 299 0.0 
6460 299 0.0 
6460 299 0.0 
6460 299 0.0 
6460 306 0.0 
6460 306 0.0 
6460 306 0.0 
6460 306 0.0 
6460 306 0.0 
6460 306 0.0 
6460 307 0.0 
6460 308 0.0 
6460 331 0.0 
6460 340 0.0 
6460 340 0.0 
6460 350 0.0 
6460 350 0.0 
6460 350 0.0 
6460 350 0.0 
6460 350 0.0 
6460 350 0.0 
6460 350 0.0 
6460 350 0.0 
6460 350 0.0 
6460 350 0.0 
6460 350 0.0 
6460 350 0.0 
6460 350 0.0 
6460 350 0.0 
6460 350 0.0 
6460 350 0.0 
6460 350 0.0 
6460 350 0.0 
6460 350 0.0 
6460 350 0.0 
6460 354 0.0 
6461 350 0.0 
6462 244 0.0 
6462 350 0.0 
6463 113 0.0 
6463 350 0.0 
6464 305 0.0 
6465 124 0.0 
6466 164 0.0 
6467 113 0.0 
6467 124 0.0 
6467 124 0.0 
6467 124 0.0 
6467 292 0.0 
6467 299 0.0 
6467 299 0.0 
6467 299 0.0 
6467 311 0.0 
6467 350 0.0 
6467 350 0.0 
6467 350 0.0 
6467 350 0.0 
6467 350 0.0 
6467 350 0.0 
6467 350 0.0 
6467 350 0.0 
6467 354 0.0 
6468 113 0.0 
6469 113 0.0 
6470 1 0.0193117279559 
6470 3 0.0 
6470 3 0.0 
6470 4 0.0 
6470 5 0.0 
6470 7 0.0 
6470 7 0.0 
6470 7 0.0 
6470 7 0.0 
6470 7 0.0 
6470 7 0.0 
6470 7 0.0 
6470 8 0.0 
6470 10 0.00220335158519 
6470 12 0.0 
6470 22 0.0 
6470 25 0.0 
6470 48 0.0 
6470 54 0.0 
6470 54 0.0 
6470 54 0.0 
6470 54 0.0 
6470 54 0.0 
6470 54 0.0 
6470 54 0.0 
6470 54 0.0 
6470 54 0.0 
6470 61 0.187599658966 
6470 77 0.0 
6470 83 0.0 
6470 83 0.0 
6470 83 0.0 
6470 85 0.0051097185351 
6470 89 0.0 
6470 89 0.0 
6470 90 0.0 
6470 98 0.0 
6470 98 0.0 
6470 99 0.0 
6470 103 0.0 
6470 124 0.0 
6470 124 0.0 
6470 124 0.0 
6470 124 0.0160146057606 
6470 141 0.0 
6470 218 0.0 
6470 228 0.0 
6470 229 0.0 
6470 230 0.0 
6470 231 0.0 
6470 234 0.0 
6470 238 0.0 
6470 243 0.0 
6470 244 0.0 
6470 244 0.0 
6470 251 0.0 
6470 253 0.0 
6470 254 0.0 
6470 254 0.0 
6470 254 0.0 
6470 259 0.0 
6470 279 0.0 
6470 280 0.0 
6470 296 0.0 
6470 299 0.0 
6470 299 0.0 
6470 299 0.0 
6470 330 0.0 
6470 331 0.0 
6470 333 0.0 
6470 341 0.0 
6470 343 0.0 
6470 345 0.0 
6470 347 0.0 
6470 350 0.0 
6470 353 0.0 
6470 354 0.0 
6470 355 0.0 
6470 356 -0.0 
6471 350 0.0 
6472 113 0.0 
6472 113 0.0 
6472 113 0.0 
6472 289 0.0 
6473 217 0.0 
6473 217 0.0 
6474 3 0.0 
6474 3 0.0 
6474 3 0.0 
6474 3 0.0 
6474 4 0.0 
6474 4 0.0 
6474 4 0.0 
6474 5 0.0 
6474 5 0.0 
6474 7 0.0 
6474 7 0.0 
6474 7 0.0 
6474 7 0.0 
6474 7 0.0 
6474 15 0.0 
6474 54 0.0 
6474 103 0.0 
6474 113 0.0 
6474 113 0.0 
6474 113 0.0 
6474 121 0.0 
6474 121 0.0 
6474 124 0.0 
6474 124 0.0 
6474 124 0.0 
6474 124 0.0 
6474 124 0.0 
6474 124 0.0 
6474 128 0.0 
6474 128 0.0 
6474 128 0.0 
6474 128 0.0 
6474 128 0.0236519183964 
6474 128 0.0 
6474 128 0.0 
6474 128 0.0 
6474 128 0.0 
6474 128 0.0 
6474 128 0.0 
6474 228 0.0 
6474 231 0.0 
6474 271 0.0 
6474 282 0.0 
6474 282 0.0 
6474 283 0.0 
6474 283 0.0 
6474 283 0.0 
6474 283 0.0 
6474 283 0.0 
6474 284 0.0 
6474 284 0.0 
6474 285 0.0 
6474 285 0.0 
6474 287 0.0 
6474 287 0.0 
6474 288 0.0 
6474 288 0.0 
6474 288 0.0 
6474 288 0.0 
6474 288 0.0 
6474 289 0.0 
6474 290 0.0 
6474 290 0.0 
6474 290 0.0 
6474 290 0.0 
6474 290 0.0 
6474 290 0.0 
6474 290 0.0 
6474 290 0.0 
6474 290 0.0 
6474 290 0.0 
6474 290 0.0 
6474 290 0.0 
6474 291 0.0 
6474 291 0.0 
6474 291 0.0 
6474 291 0.0 
6474 291 0.0 
6474 291 0.0 
6474 298 0.0 
6474 298 0.0 
6474 298 0.0 
6474 299 0.0 
6474 299 0.0 
6474 299 0.0 
6474 299 0.0 
6474 299 0.0 
6474 305 0.0 
6474 306 0.0 
6474 306 0.0 
6474 306 0.0 
6474 307 0.0 
6474 307 0.0 
6474 307 0.0 
6474 307 0.0 
6474 307 0.0 
6474 307 0.0 
6474 307 0.0 
6474 307 0.0 
6474 307 0.0 
6474 307 0.0 
6474 308 0.0 
6474 308 0.0 
6474 308 0.0 
6474 312 0.0 
6474 312 0.0 
6474 312 0.0 
6474 321 0.0 
6474 322 0.0 
6474 322 0.0 
6474 322 0.0 
6474 331 0.0 
6474 331 0.0 
6474 331 0.0 
6474 331 0.0 
6474 331 0.0 
6474 331 0.0 
6474 331 0.0 
6474 331 0.0 
6474 331 0.0 
6474 334 0.0 
6474 334 0.0 
6474 335 0.0 
6474 335 0.0 
6474 340 0.0 
6474 340 0.0 
6474 340 0.0 
6474 340 0.0 
6474 340 0.0 
6474 340 0.0 
6474 340 0.0 
6474 340 0.0 
6474 340 0.0 
6474 340 0.0 
6474 340 0.0 
6474 340 0.0 
6474 340 0.0 
6474 340 0.0 
6474 342 0.0 
6474 350 0.0 
6474 350 0.0 
6474 350 0.0 
6474 350 0.0 
6474 350 0.0 
6474 350 0.0 
6474 350 0.0 
6474 350 0.0 
6474 350 0.0 
6474 350 0.0 
6474 352 0.0 
6474 352 0.0 
6474 352 0.0 
6474 352 0.0 
6474 354 0.0 
6475 176 0.0 
6475 176 0.0 
6476 299 0.0 
6477 289 0.0 
6478 48 0.0 
6479 113 0.0 
6480 2 0.0 
6480 2 0.0 
6480 66 0.0 
6480 66 0.0 
6481 350 0.0 
6482 1 0.0193117279559 
6482 61 0.187599658966 
6482 128 0.0 
6482 137 0.0 
6482 263 0.0 
6482 335 0.0 
6482 354 0.0 
6482 354 0.0 
6483 284 0.0 
6483 284 0.0015933373943 
6483 284 0.0 
6483 284 0.0 
6483 284 0.0 
6484 3 0.0 
6484 34 0.0 
6484 54 0.0 
6484 103 0.0 
6484 103 0.0 
6484 113 0.0 
6484 219 0.0 
6484 299 0.0 
6484 299 0.0 
6484 299 0.0 
6484 299 0.0 
6484 299 0.0 
6484 299 0.0 
6484 306 0.0 
6484 306 0.0 
6484 306 0.0 
6484 322 0.0 
6484 329 0.0 
6484 331 0.0 
6484 332 0.0 
6484 336 0.0 
6484 350 0.0 
6484 350 0.0 
6484 350 0.0 
6484 351 0.0 
6485 18 0.0 
6485 44 0.0 
6485 44 0.0 
6485 139 0.0 
6485 152 0.0 
6485 153 0.0 
6485 154 0.0 
6485 155 0.0 
6485 157 0.0 
6485 160 0.0 
6485 161 0.0 
6485 164 0.0 
6485 166 0.0 
6485 169 0.0 
6485 170 0.0 
6485 171 0.0 
6485 172 0.0 
6485 173 0.0 
6485 176 0.0 
6485 178 0.0 
6485 179 0.0 
6485 180 0.0 
6485 181 0.0 
6485 182 0.0 
6485 183 0.0 
6485 184 0.0 
6485 188 0.0 
6485 189 0.0 
6485 190 0.0 
6485 198 0.0 
6485 199 0.0 
6485 200 0.0 
6485 201 0.0 
6485 203 0.0 
6485 204 0.0 
6485 213 0.0 
6485 216 0.0 
6485 217 0.0 
6485 227 0.0 
6485 235 0.0 
6485 236 0.0 
6485 252 0.0 
6485 262 0.0 
6485 267 0.0 
6485 274 0.0 
6485 278 0.0 
6485 286 0.0 
6485 295 0.0 
6485 297 0.0 
6485 300 0.0 
6485 302 0.0 
6485 326 0.0 
6485 346 0.0 
6485 348 0.0 
6485 350 0.0 
6485 350 0.0 
6486 48 0.0 
6486 350 0.0 
6486 350 0.0 
6486 350 0.0 
6487 113 0.0 
6487 350 0.0 
6488 113 0.0 
6489 258 0.0 
6489 264 0.0 
6489 264 0.0 
6489 264 0.0 
6490 8 0.0 
6490 339 0.0 
6491 25 0.0 
6491 113 0.0 
6491 330 0.0 
6491 333 0.0 
6491 341 0.0 
6491 343 0.0 
6491 345 0.0 
6491 353 0.0 
6491 354 0.0 
6491 355 0.0 
6491 356 -0.0 
6492 350 0.0 
6493 244 0.0 
6494 8 0.00825910456479 
6494 335 0.0 
6495 25 0.0 
6495 330 0.0 
6495 333 0.0 
6495 341 0.0 
6495 343 0.0 
6495 345 0.0 
6495 353 0.0 
6495 354 0.0 
6495 355 0.0 
6495 356 -0.0 
6496 48 0.0 
6496 54 0.0 
6496 54 0.0 
6496 111 0.0 
6496 111 0.0 
6496 113 0.0 
6496 113 0.0 
6496 124 0.0 
6496 124 0.0 
6496 124 0.0 
6496 124 0.0 
6496 124 0.0 
6496 124 0.0 
6496 124 0.0 
6496 124 0.0 
6496 139 0.0 
6496 139 0.0 
6496 160 0.0 
6496 160 0.0 
6496 160 0.0 
6496 160 0.0106192296371 
6496 166 0.0 
6496 222 0.0 
6496 259 0.0 
6496 271 0.0 
6496 271 0.0 
6496 282 0.0 
6496 282 0.0 
6496 299 0.0 
6496 336 0.0 
6496 336 0.0 
6496 336 0.0 
6496 350 0.0 
6496 350 0.0 
6497 124 0.0 
6497 291 0.0 
6497 292 0.0 
6497 299 0.0 
6497 350 0.0 
6497 350 0.0 
6497 350 0.0 
6497 350 0.0 
6498 7 0.0 
6498 124 0.0 
6498 124 0.0 
6498 124 0.0 
6498 124 0.0 
6498 124 0.0 
6498 243 0.0 
6498 299 0.0 
6498 307 0.0 
6498 331 0.0 
6498 339 0.0 
6498 339 0.0 
6498 350 0.0 
6499 166 0.0 
6499 334 0.0 
6499 337 0.0 
6500 21 0.0 
6500 21 0.0 
6500 21 0.0 
6500 21 0.0 
6500 21 0.0 
6500 95 0.0 
6500 95 0.0 
6500 95 0.0 
6500 95 0.0 
6500 95 0.0 
6501 113 0.0 
6501 291 0.0 
6502 124 0.0 
6502 124 0.0 
6502 164 0.0 
6503 305 0.0 
6504 350 0.0 
6505 124 0.0 
6505 124 0.0 
6505 124 0.0 
6505 124 0.0 
6505 299 0.0 
6505 350 0.0 
6506 91 0.0257489737123 
6507 154 0.0 
6508 190 0.0 
6509 335 0.0 
6509 338 0.0 
6509 338 0.0 
6510 133 0.0 
6510 136 0.0 
6511 113 0.0 
6511 336 0.0 
6512 12 0.0 
6512 111 0.0 
6513 7 0.0 
6513 7 0.0 
6513 7 0.0 
6513 25 0.0 
6513 25 0.0 
6513 28 0.0 
6513 28 0.0 
6513 28 0.0 
6513 67 0.187599658966 
6513 113 0.0 
6513 113 0.0 
6513 121 0.0 
6513 131 0.0051097185351 
6513 139 0.0 
6513 139 0.0 
6513 166 0.0 
6513 166 0.0 
6513 166 0.0 
6513 173 0.0 
6513 173 0.0 
6513 173 0.0 
6513 173 0.0 
6513 180 0.0 
6513 181 0.0 
6513 188 0.0 
6513 189 0.0 
6513 233 0.00388315087184 
6513 233 0.00244999537244 
6513 285 0.0 
6513 305 0.0 
6513 305 0.0 
6513 305 0.0 
6513 306 0.0 
6513 306 0.0 
6513 330 0.0 
6513 330 0.0 
6513 333 0.0 
6513 333 0.0 
6513 341 0.0 
6513 341 0.0 
6513 343 0.0 
6513 343 0.0 
6513 345 0.0 
6513 345 0.0 
6513 350 0.0 
6513 350 0.0 
6513 353 0.0 
6513 353 0.0 
6513 354 0.0 
6513 354 0.0 
6513 354 0.0 
6513 354 0.0 
6513 354 0.0 
6513 355 0.0 
6513 355 0.0 
6513 355 0.0 
6513 355 0.0 
6513 355 0.0 
6513 355 0.0 
6513 355 0.0 
6513 355 0.0 
6513 355 0.0 
6513 356 -0.0 
6513 356 -0.0 
6514 7 0.0 
6515 299 0.0 
6516 124 0.0 
6516 124 0.0 
6517 279 0.0 
6517 283 0.0 
6517 308 0.0 
6517 308 0.0 
6517 334 0.0 
6517 338 0.0 
6517 338 0.0 
6517 338 0.0 
6517 338 0.0 
6517 354 0.0 
6518 350 0.0 
6518 354 0.0 
6519 34 0.0 
6520 199 0.0 
6521 38 0.0 
6521 38 0.0 
6522 44 0.0 
6522 44 0.0394540689886 
6522 105 0.0 
6523 44 0.0 
6524 299 0.0 
6524 310 0.0 
6524 350 0.0 
6525 289 0.0 
6526 14 0.0 
6526 192 0.0 
6527 44 0.0 
6527 160 0.0 
6527 255 0.0 
6527 255 0.0 
6527 331 0.0 
6527 331 0.0 
6528 28 0.0 
6529 124 0.0 
6529 260 0.0 
6529 269 0.0 
6530 54 0.0 
6531 336 0.0 
6532 176 0.0 
6533 103 0.0 
6533 299 0.0 
6534 48 0.0 
6535 3 0.0 
6535 24 0.0 
6535 28 0.0 
6535 256 0.0 
6535 334 0.0 
6535 335 0.0 
6535 337 0.0 
6535 338 0.0 
6535 338 0.0 
6535 340 0.0 
6535 355 0.0 
6536 28 0.0 
6536 28 0.0 
6536 93 0.011519276537 
6536 231 0.0 
6536 231 0.0 
6536 243 0.0 
6536 248 0.011320669204 
6536 248 0.00714254705235 
6536 279 0.0 
6536 279 0.0 
6536 279 0.00473448820412 
6536 287 0.0 
6536 336 0.0 
6536 336 0.0 
6536 336 0.0 
6536 336 0.0 
6537 185 0.0 
6537 185 0.0 
6537 185 0.0 
6538 1 0.0193117279559 
6538 2 0.0 
6538 2 0.0 
6538 4 0.0 
6538 5 0.0 
6538 7 0.0 
6538 9 0.00448190327734 
6538 10 0.00220335158519 
6538 10 0.00220335158519 
6538 11 0.0 
6538 11 0.0 
6538 12 0.0 
6538 14 0.0 
6538 14 0.0 
6538 16 0.0 
6538 16 0.0 
6538 17 0.0 
6538 17 0.0 
6538 19 0.0 
6538 19 0.0 
6538 38 0.0 
6538 44 0.0 
6538 44 0.0 
6538 61 0.187599658966 
6538 80 0.656598806381 
6538 85 0.0051097185351 
6538 85 0.0051097185351 
6538 86 0.0625332221389 
6538 86 0.0625332221389 
6538 92 0.0 
6538 94 0.00426362873986 
6538 94 0.0 
6538 98 0.01336347498 
6538 98 0.0 
6538 98 0.0211806055158 
6538 98 0.01336347498 
6538 98 0.0 
6538 103 0.02851190418 
6538 103 0.0 
6538 103 0.0 
6538 110 0.00178352091461 
6538 110 0.0 
6538 110 0.00178352091461 
6538 110 0.0 
6538 110 0.00178352091461 
6538 113 0.0 
6538 113 0.0 
6538 113 0.0 
6538 113 0.0 
6538 113 0.0 
6538 124 0.0 
6538 124 0.0 
6538 124 0.0 
6538 124 0.0 
6538 124 0.0 
6538 124 0.0 
6538 124 0.0 
6538 124 0.0 
6538 124 0.0 
6538 124 0.0 
6538 124 0.0 
6538 124 0.0 
6538 124 0.0 
6538 124 0.0 
6538 124 0.0 
6538 124 0.0 
6538 124 0.0 
6538 124 0.0 
6538 124 0.0 
6538 124 0.0 
6538 124 0.0 
6538 124 0.0 
6538 124 0.0 
6538 124 0.0 
6538 124 0.0 
6538 124 0.0 
6538 137 0.0 
6538 166 0.0 
6538 173 0.0 
6538 181 0.0 
6538 192 0.0 
6538 192 0.0 
6538 196 0.0 
6538 207 0.0 
6538 207 0.0 
6538 209 0.0 
6538 210 0.00746010337025 
6538 218 0.0 
6538 219 0.0 
6538 221 0.0 
6538 244 0.0 
6538 251 0.0 
6538 254 0.0 
6538 254 0.0 
6538 254 0.0 
6538 254 0.0 
6538 254 0.0 
6538 255 0.0 
6538 257 0.0 
6538 259 0.0 
6538 261 0.0 
6538 265 0.0 
6538 270 0.0 
6538 271 0.0 
6538 280 0.0 
6538 281 0.0 
6538 281 0.0 
6538 281 0.0 
6538 287 0.0 
6538 290 0.0 
6538 299 0.0 
6538 299 0.0 
6538 299 0.0 
6538 299 0.0 
6538 299 0.0 
6538 299 0.0 
6538 299 0.0 
6538 299 0.0 
6538 299 0.0 
6538 299 0.0 
6538 299 0.0 
6538 306 0.0 
6538 306 0.0 
6538 306 0.0 
6538 321 0.0 
6538 322 0.0 
6538 328 0.0 
6538 331 0.0 
6538 331 0.0 
6538 332 0.0 
6538 332 0.0 
6538 350 0.0 
6538 350 0.0 
6538 351 0.0 
6538 351 0.0 
6538 351 0.0 
6538 351 0.0 
6539 103 0.0 
6539 113 0.0 
6539 124 0.0 
6539 124 0.0 
6539 124 0.0 
6539 124 0.0 
6539 128 0.0 
6539 128 0.0236519183964 
6539 128 0.0 
6539 128 0.0 
6539 128 0.0 
6539 218 0.0 
6539 254 0.0 
6539 254 0.0 
6539 265 0.0 
6539 299 0.0 
6539 335 0.0 
6539 335 0.0 
6539 335 0.0 
6539 350 0.0 
6539 350 0.0 
6540 336 0.0 
6540 336 0.0 
6541 354 0.0 
6542 289 0.0 
6543 8 0.0 
6543 8 0.0 
6543 8 0.0 
6543 111 0.0 
6544 3 0.0 
6544 4 0.0 
6544 18 0.0 
6544 28 0.0 
6544 103 0.0 
6544 139 0.0 
6544 152 0.0 
6544 153 0.0 
6544 154 0.0 
6544 155 0.0 
6544 157 0.0 
6544 160 0.0 
6544 161 0.0 
6544 164 0.0 
6544 166 0.0 
6544 169 0.0 
6544 170 0.0 
6544 171 0.0 
6544 172 0.0 
6544 173 0.0 
6544 176 0.0 
6544 178 0.0 
6544 179 0.0 
6544 180 0.0 
6544 181 0.0 
6544 182 0.0 
6544 183 0.0 
6544 184 0.0 
6544 188 0.0 
6544 189 0.0 
6544 190 0.0 
6544 198 0.0 
6544 199 0.0 
6544 200 0.0 
6544 201 0.0 
6544 203 0.0 
6544 204 0.0 
6544 213 0.0 
6544 216 0.0 
6544 217 0.0 
6544 227 0.0 
6544 235 0.0 
6544 236 0.0 
6544 252 0.0 
6544 262 0.0 
6544 267 0.0 
6544 274 0.0 
6544 278 0.0 
6544 286 0.0 
6544 295 0.0 
6544 297 0.0 
6544 300 0.0 
6544 302 0.0 
6544 306 0.0 
6544 326 0.0 
6544 346 0.0 
6544 348 0.0 
6545 24 0.0 
6545 34 0.0 
6545 34 0.0 
6545 34 0.0 
6545 44 0.0 
6545 44 0.0394540689886 
6545 256 0.0 
6545 258 0.0 
6545 264 0.0 
6545 272 0.0 
6545 273 0.0 
6545 275 0.0 
6545 279 0.0 
6545 282 0.0 
6545 283 0.0 
6545 285 0.0 
6545 289 0.0 
6545 291 0.0 
6545 293 0.0 
6545 299 0.0 
6545 304 0.0 
6545 305 0.0 
6545 306 0.0 
6545 307 0.0 
6545 308 0.0 
6545 309 0.0 
6545 310 0.0 
6545 311 0.0 
6545 312 0.0 
6545 313 0.0 
6545 314 0.0 
6545 315 0.0 
6545 316 0.0 
6545 317 0.0 
6545 318 0.0 
6545 319 0.0 
6545 320 0.0 
6545 321 0.0 
6545 322 0.0 
6545 323 0.0 
6545 324 0.0 
6545 325 0.0 
6545 327 0.0 
6545 328 0.0 
6545 331 0.0 
6545 332 0.0 
6545 334 0.0 
6545 335 0.0 
6545 336 0.0 
6545 337 0.0 
6545 338 0.0 
6545 339 0.0 
6545 340 0.0 
6545 342 0.0 
6545 350 0.0 
6545 351 0.0 
6545 352 0.0 
6546 328 0.0 
6547 10 0.0 
6547 25 0.0 
6547 85 0.0 
6547 86 0.0 
6547 209 0.0 
6547 330 0.0 
6547 333 0.0 
6547 341 0.0 
6547 343 0.0 
6547 345 0.0 
6547 353 0.0 
6547 354 0.0 
6547 355 0.0 
6547 356 -0.0 
6548 210 0.0 
6548 212 0.0 
6548 336 0.0 
6548 336 0.0 
6548 336 0.0 
6549 54 0.0 
6549 128 0.0 
6550 128 0.0 
6550 128 0.0 
6551 110 0.0 
6551 110 0.0 
6551 110 0.0 
6551 110 0.0 
6551 110 0.0 
6551 110 0.0 
6551 110 0.0 
6551 110 0.0 
6551 110 0.0 
6551 110 0.0 
6551 110 0.0 
6551 110 0.0 
6551 110 0.0 
6551 217 0.0 
6551 271 0.0 
6551 299 0.0 
6552 192 0.0 
6553 106 0.0 
6553 108 0.0 
6553 111 0.0 
6553 111 0.00853020045906 
6553 111 0.00853020045906 
6553 128 0.0 
6554 170 0.0 
6555 176 0.0 
6555 176 0.0 
6555 176 0.0 
6555 176 0.0 
6556 54 0.0 
6556 54 0.0 
6556 54 0.0 
6556 54 0.0 
6556 54 0.0 
6557 354 0.0 
6558 28 0.0 
6559 1 0.0193117279559 
6559 4 0.0 
6559 9 0.00448190327734 
6559 10 0.00220335158519 
6559 10 0.00220335158519 
6559 61 0.187599658966 
6559 80 0.656598806381 
6559 85 0.0051097185351 
6559 85 0.0051097185351 
6559 86 0.0625332221389 
6559 86 0.0625332221389 
6559 86 0.0625332221389 
6559 91 0.0257489737123 
6559 91 0.0257489737123 
6559 170 0.0 
6559 176 0.0 
6559 176 0.0 
6559 176 0.0 
6559 176 0.0 
6559 176 0.0 
6559 210 0.0 
6559 336 0.0 
6559 336 0.0 
6560 70 0.0 
6560 103 0.0 
6560 124 0.0 
6560 124 0.0 
6560 189 0.0 
6560 339 0.0 
6560 350 0.0 
6561 8 0.0 
6562 113 0.0 
6562 113 0.0 
6563 299 0.0 
6564 336 0.0 
6565 299 0.0 
6566 185 0.0 
6567 7 0.0 
6567 282 0.0 
6567 282 0.0 
6567 299 0.0 
6567 299 0.0 
6567 299 0.0 
6567 310 0.0 
6568 354 0.0 
6569 4 0.0 
6570 25 0.0 
6570 113 0.0 
6570 139 0.0 
6570 139 0.0 
6570 155 0.00773743074387 
6570 330 0.0 
6570 333 0.0 
6570 341 0.0 
6570 343 0.0 
6570 345 0.0 
6570 353 0.0 
6570 354 0.0 
6570 355 0.0 
6570 356 -0.0 
6571 107 0.0 
6571 108 0.0 
6571 176 0.0 
6571 176 0.0 
6571 212 0.0 
6571 212 0.0 
6571 212 0.0 
6571 212 0.0 
6571 212 0.0 
6571 336 0.0 
6572 299 0.0 
6573 199 0.0 
6574 113 0.0 
6574 113 0.0 
6574 113 0.0 
6575 113 0.0 
6575 306 0.0 
6576 34 0.0 
6577 7 0.0 
6577 83 0.0 
6578 113 0.0 
6578 170 0.0 
6579 1 0.0193117279559 
6579 7 0.0 
6579 7 0.0 
6579 17 0.0 
6579 28 0.0 
6579 28 0.0 
6579 28 0.0 
6579 61 0.187599658966 
6579 83 0.0 
6579 83 0.0 
6579 109 0.0 
6579 109 0.0 
6579 109 0.0 
6579 112 0.0 
6579 112 0.0 
6579 139 0.0 
6579 139 0.0 
6579 166 0.0 
6579 166 0.0 
6579 173 0.0 
6579 189 0.0 
6579 229 0.0 
6579 230 0.0 
6579 243 0.0 
6579 243 0.0 
6579 354 0.0 
6579 355 0.0 
6579 355 0.0 
6580 260 0.0 
6580 269 0.0 
6580 299 0.0 
6581 1 0.0193117279559 
6581 9 0.00448190327734 
6581 10 0.00220335158519 
6581 10 0.00220335158519 
6581 61 0.187599658966 
6581 80 0.656598806381 
6581 85 0.0051097185351 
6581 85 0.0051097185351 
6581 86 0.0625332221389 
6581 86 0.0625332221389 
6581 86 0.0625332221389 
6581 91 0.0257489737123 
6581 91 0.0257489737123 
6582 25 0.0 
6582 330 0.0 
6582 333 0.0 
6582 341 0.0 
6582 343 0.0 
6582 345 0.0 
6582 353 0.0 
6582 354 0.0 
6582 355 0.0 
6582 356 -0.0 
6583 111 0.00853020045906 
6583 128 0.0 
6583 176 0.0 
6584 48 0.0 
6585 38 0.0 
6585 38 0.0 
6585 38 0.0 
6585 38 0.0 
6586 38 0.0 
6586 38 0.0 
6586 38 0.0 
6586 38 0.0 
6587 128 0.0 
6588 299 0.0 
6589 1 0.0 
6589 5 0.0 
6589 61 0.0 
6589 103 0.0 
6589 108 0.0 
6589 113 0.0 
6589 113 0.0 
6589 113 0.0 
6589 113 0.0 
6589 113 0.0 
6589 113 0.0 
6589 113 0.0 
6589 113 0.0 
6589 113 0.0 
6589 113 0.0 
6589 113 0.0 
6589 113 0.0 
6589 113 0.0 
6589 113 0.0 
6589 113 0.0 
6589 113 0.0 
6589 113 0.0 
6589 113 0.0 
6589 113 0.0 
6589 113 0.0 
6589 113 0.0 
6589 113 0.0 
6589 113 0.0 
6589 113 0.0 
6589 113 0.0 
6589 113 0.0 
6589 113 0.0 
6589 113 0.0 
6589 113 0.0 
6589 113 0.0 
6589 121 0.0 
6589 124 0.0 
6589 124 0.0 
6589 124 0.0 
6589 124 0.0 
6589 124 0.0 
6589 124 0.0 
6589 124 0.0 
6589 128 0.0 
6589 128 0.0 
6589 128 0.0 
6589 139 0.0 
6589 160 0.0 
6589 254 0.0 
6589 291 0.0 
6589 291 0.0 
6589 298 0.0 
6589 299 0.0 
6589 299 0.0 
6589 299 0.0 
6589 299 0.0 
6589 299 0.0 
6589 299 0.0 
6589 305 0.0 
6589 305 0.0 
6589 306 0.0 
6589 338 0.0 
6589 340 0.0 
6589 340 0.0 
6589 340 0.0 
6589 350 0.0 
6589 350 0.0 
6589 350 0.0 
6589 350 0.0 
6589 350 0.0 
6589 350 0.0 
6589 350 0.0 
6589 350 0.0 
6589 350 0.0 
6589 350 0.0 
6589 354 0.0 
6589 354 0.0 
6590 25 0.0 
6590 25 0.0 
6590 139 0.0 
6590 173 0.0 
6590 254 0.0 
6590 254 0.0 
6590 330 0.0 
6590 330 0.0 
6590 333 0.0 
6590 333 0.0 
6590 341 0.0 
6590 341 0.0 
6590 343 0.0 
6590 343 0.0 
6590 345 0.0 
6590 345 0.0 
6590 353 0.0 
6590 353 0.0 
6590 354 0.0 
6590 354 0.0 
6590 355 0.0 
6590 355 0.0 
6590 356 -0.0 
6590 356 -0.0 
6591 17 0.0 
6591 54 0.0 
6591 83 0.0 
6591 83 0.0 
6591 83 0.207133859396 
6591 124 0.0 
6591 124 0.0 
6591 128 0.0 
6591 283 0.0 
6591 289 0.0 
6591 289 0.0 
6591 289 0.0 
6591 289 0.0 
6591 289 0.0 
6591 291 0.0 
6591 291 0.0023740271572 
6591 291 0.0 
6591 291 0.0 
6591 291 0.0 
6591 291 0.0 
6591 291 0.0 
6591 291 0.0 
6591 307 0.0 
6591 307 0.0 
6591 307 0.0 
6591 307 0.000802067224868 
6591 307 0.0 
6591 307 0.0 
6591 307 0.0 
6591 307 0.0 
6591 307 0.0 
6591 307 0.0 
6591 307 0.0 
6591 307 0.000802067224868 
6591 307 0.0 
6591 307 0.0 
6591 307 0.0 
6591 307 0.0 
6591 307 0.0 
6591 307 0.0 
6591 350 0.0 
6591 350 0.0 
6592 8 0.0 
6592 8 0.0 
6592 14 0.0 
6592 17 0.0 
6592 113 0.0 
6592 113 0.0 
6592 113 0.0 
6592 113 0.0 
6592 228 0.0 
6592 299 0.0 
6593 17 0.0 
6593 113 0.0 
6593 113 0.0 
6593 113 0.0 
6593 113 0.0 
6593 113 0.0 
6593 113 0.0 
6593 113 0.0 
6594 299 0.0 
6595 18 0.0 
6595 139 0.0 
6595 152 0.0 
6595 153 0.0 
6595 154 0.0 
6595 155 0.0 
6595 157 0.0 
6595 160 0.0 
6595 161 0.0 
6595 164 0.0 
6595 166 0.0 
6595 169 0.0 
6595 170 0.0 
6595 171 0.0 
6595 172 0.0 
6595 173 0.0 
6595 176 0.0 
6595 178 0.0 
6595 179 0.0 
6595 180 0.0 
6595 181 0.0 
6595 182 0.0 
6595 183 0.0 
6595 184 0.0 
6595 188 0.0 
6595 189 0.0 
6595 190 0.0 
6595 198 0.0 
6595 199 0.0 
6595 200 0.0 
6595 201 0.0 
6595 203 0.0 
6595 204 0.0 
6595 213 0.0 
6595 216 0.0 
6595 217 0.0 
6595 227 0.0 
6595 235 0.0 
6595 236 0.0 
6595 252 0.0 
6595 262 0.0 
6595 267 0.0 
6595 274 0.0 
6595 278 0.0 
6595 286 0.0 
6595 295 0.0 
6595 297 0.0 
6595 300 0.0 
6595 302 0.0 
6595 326 0.0 
6595 346 0.0 
6595 348 0.0 
6596 350 0.0 
6597 350 0.0 
6598 30 0.0 
6598 30 0.0 
6598 35 0.0 
6598 106 0.0 
6598 128 0.0236519183964 
6598 128 0.0236519183964 
6599 8 0.0 
6599 107 0.0 
6599 111 0.0 
6599 128 0.0 
6599 328 0.00720465555787 
6599 328 0.0 
6599 328 0.0 
6599 328 0.0 
6600 24 0.0 
6600 256 0.0 
6600 258 0.00328783900477 
6600 258 0.0 
6601 17 0.0 
6601 183 0.0 
6601 190 0.0 
6601 199 0.0 
6601 210 0.00746010337025 
6601 217 0.0 
6601 260 0.0 
6601 269 0.0 
6601 331 0.0 
6601 352 0.0 
6602 128 0.0 
6602 128 0.0 
6602 219 0.0 
6602 219 0.0 
6603 113 0.0 
6604 285 0.0 
6605 3 0.0 
6605 4 0.0 
6605 18 0.0 
6605 28 0.0 
6605 91 0.0257489737123 
6605 113 0.0 
6605 113 0.0 
6605 139 0.0 
6605 152 0.0 
6605 153 0.0 
6605 154 0.0 
6605 155 0.0 
6605 157 0.0 
6605 160 0.0 
6605 161 0.0 
6605 164 0.0 
6605 166 0.0 
6605 169 0.0 
6605 170 0.0 
6605 171 0.0 
6605 172 0.0 
6605 173 0.0 
6605 176 0.0 
6605 178 0.0 
6605 179 0.0 
6605 180 0.0 
6605 181 0.0 
6605 182 0.0 
6605 183 0.0 
6605 184 0.0 
6605 188 0.0 
6605 189 0.0 
6605 190 0.0 
6605 198 0.0 
6605 199 0.0 
6605 200 0.0 
6605 201 0.0 
6605 203 0.0 
6605 204 0.0 
6605 213 0.0 
6605 216 0.0 
6605 217 0.0 
6605 227 0.0 
6605 235 0.0 
6605 236 0.0 
6605 252 0.0 
6605 262 0.0 
6605 267 0.0 
6605 274 0.0 
6605 278 0.0 
6605 286 0.0 
6605 295 0.0 
6605 297 0.0 
6605 300 0.0 
6605 302 0.0 
6605 306 0.0 
6605 311 0.0 
6605 326 0.0 
6605 346 0.0 
6605 348 0.0 
6606 108 0.0 
6606 128 0.0 
6607 1 0.0 
6607 1 0.0 
6607 1 0.0 
6607 4 0.0 
6607 4 0.0 
6607 4 0.0 
6607 4 0.0 
6607 4 0.0 
6607 4 0.0 
6607 4 0.0 
6607 4 0.0 
6607 4 0.0 
6607 4 0.0 
6607 4 0.0 
6607 4 0.0 
6607 4 0.0 
6607 4 0.0 
6607 4 0.0 
6607 5 0.0 
6607 5 0.0 
6607 5 0.0 
6607 5 0.0 
6607 5 0.0 
6607 8 0.0 
6607 9 0.0 
6607 9 0.0 
6607 10 0.0 
6607 10 0.0 
6607 14 0.0 
6607 22 0.0 
6607 28 0.0 
6607 28 0.0 
6607 28 0.0 
6607 28 0.0 
6607 28 0.0 
6607 30 0.0 
6607 30 0.0 
6607 30 0.0 
6607 54 0.0 
6607 54 0.0 
6607 54 0.0 
6607 54 0.0 
6607 54 0.0 
6607 61 0.0 
6607 61 0.0 
6607 61 0.0 
6607 70 0.0 
6607 70 0.0 
6607 75 0.0 
6607 75 0.0 
6607 75 0.0 
6607 75 0.0 
6607 80 0.0 
6607 80 0.0 
6607 83 0.0 
6607 83 0.0 
6607 85 0.0 
6607 85 0.0 
6607 86 0.0 
6607 86 0.0 
6607 86 0.0 
6607 86 0.0 
6607 86 0.0 
6607 86 0.0 
6607 91 0.0 
6607 91 0.0 
6607 91 0.0 
6607 91 0.0257489737123 
6607 91 0.0 
6607 91 0.0 
6607 91 0.0 
6607 91 0.0 
6607 91 0.0 
6607 103 0.0 
6607 103 0.0 
6607 103 0.0 
6607 106 0.0 
6607 111 0.0 
6607 111 0.0 
6607 111 0.0 
6607 111 0.0 
6607 111 0.0 
6607 111 0.0 
6607 113 0.0 
6607 113 0.0 
6607 121 0.0 
6607 121 0.0 
6607 121 0.0 
6607 121 0.0 
6607 124 0.0 
6607 124 0.0 
6607 124 0.0 
6607 124 0.0 
6607 124 0.0 
6607 124 0.0 
6607 124 0.0 
6607 124 0.0 
6607 124 0.0 
6607 124 0.0 
6607 124 0.0 
6607 124 0.0 
6607 124 0.0 
6607 124 0.0 
6607 124 0.0 
6607 124 0.0 
6607 124 0.0 
6607 124 0.0 
6607 124 0.0 
6607 124 0.0 
6607 124 0.0 
6607 124 0.0 
6607 124 0.0 
6607 124 0.0 
6607 124 0.0 
6607 124 0.0 
6607 124 0.0 
6607 124 0.0 
6607 124 0.0 
6607 124 0.0 
6607 124 0.0 
6607 134 0.00505075976253 
6607 137 0.0 
6607 139 0.0 
6607 139 0.0 
6607 150 0.00507026072592 
6607 164 0.0 
6607 166 0.0 
6607 166 0.0 
6607 166 0.0 
6607 172 0.0 
6607 173 0.0 
6607 173 0.0 
6607 173 0.0 
6607 200 0.0 
6607 203 0.0 
6607 216 0.0 
6607 217 0.0 
6607 217 0.0 
6607 217 0.0 
6607 217 0.0 
6607 217 0.0 
6607 217 0.0 
6607 217 0.0 
6607 217 0.0 
6607 217 0.0 
6607 217 0.0 
6607 217 0.0 
6607 217 0.0 
6607 217 0.0 
6607 217 0.0 
6607 217 0.0 
6607 217 0.0 
6607 217 0.0 
6607 217 0.00253374734893 
6607 227 0.0 
6607 231 0.0 
6607 251 0.0 
6607 254 0.0 
6607 254 0.0 
6607 255 0.0 
6607 255 0.0 
6607 255 0.0 
6607 255 0.0 
6607 255 0.0 
6607 255 0.0 
6607 255 0.0 
6607 255 0.0 
6607 255 0.0 
6607 255 0.0 
6607 255 0.00251834490336 
6607 259 0.0 
6607 271 0.0 
6607 274 0.0 
6607 279 0.0 
6607 280 0.0 
6607 280 0.0 
6607 282 0.0 
6607 282 0.0 
6607 282 0.0 
6607 282 0.0 
6607 282 0.0 
6607 282 0.0 
6607 282 0.0 
6607 282 0.0 
6607 282 0.0 
6607 286 0.0 
6607 288 0.0 
6607 293 0.0 
6607 293 0.0 
6607 293 0.00254933978431 
6607 293 0.0 
6607 297 0.0 
6607 299 0.0 
6607 299 0.0 
6607 299 0.0 
6607 299 0.0 
6607 299 0.0 
6607 299 0.0 
6607 299 0.0 
6607 299 0.0 
6607 299 0.0 
6607 299 0.0 
6607 299 0.0 
6607 299 0.0 
6607 299 0.0 
6607 299 0.0 
6607 299 0.0 
6607 302 0.0 
6607 306 0.0 
6607 307 0.0 
6607 307 0.0 
6607 307 0.0 
6607 307 0.0 
6607 307 0.0 
6607 307 0.0 
6607 307 0.0 
6607 307 0.0 
6607 307 0.0 
6607 307 0.0 
6607 307 0.0 
6607 309 0.0 
6607 309 0.0 
6607 311 0.0 
6607 326 0.0 
6607 331 0.0 
6607 336 0.0 
6607 336 0.0 
6607 336 0.0 
6607 336 0.0 
6607 336 0.0 
6607 336 0.0 
6607 336 0.0 
6607 336 0.0 
6607 342 0.0 
6607 342 0.0 
6607 342 0.0 
6607 342 0.0 
6607 350 0.0 
6607 350 0.0 
6607 350 0.0 
6607 350 0.0 
6607 350 0.0 
6607 350 0.0 
6607 350 0.0 
6607 350 0.0 
6607 350 0.0 
6607 350 0.0 
6607 350 0.0 
6607 350 0.0 
6607 350 0.0 
6607 350 0.0 
6607 350 0.0 
6607 350 0.0 
6607 350 0.0 
6607 350 0.0 
6607 350 0.0 
6607 350 0.0 
6607 350 0.0 
6607 350 0.0 
6607 350 0.0 
6607 350 0.0 
6607 352 0.0 
6607 352 0.0 
6607 355 0.0 
6608 336 0.0 
6608 336 0.0 
6609 7 0.0 
6609 83 0.0 
6610 354 0.0 
6611 299 0.0 
6612 4 0.0 
6612 7 0.0 
6612 8 0.0 
6612 86 0.0625332221389 
6612 91 0.0257489737123 
6612 91 0.0257489737123 
6612 113 0.0 
6612 113 0.0 
6612 113 0.0 
6612 113 0.0 
6612 113 0.0 
6612 113 0.0 
6612 113 0.0 
6612 124 0.0 
6612 124 0.0 
6612 124 0.0 
6612 124 0.0 
6612 124 0.0 
6612 124 0.0 
6612 124 0.0 
6612 124 0.0 
6612 124 0.0 
6612 124 0.0 
6612 124 0.0 
6612 124 0.0 
6612 124 0.0 
6612 124 0.0 
6612 124 0.0 
6612 128 0.0 
6612 128 0.0 
6612 128 0.0 
6612 128 0.0 
6612 128 0.0 
6612 128 0.0 
6612 173 0.0 
6612 217 0.0 
6612 218 0.0 
6612 218 0.0 
6612 219 0.0 
6612 265 0.0 
6612 281 0.0 
6612 289 0.0 
6612 289 0.0 
6612 289 0.0 
6612 291 0.0 
6612 293 0.0 
6612 299 0.0 
6612 299 0.0 
6612 299 0.0 
6612 299 0.0 
6612 305 0.0 
6612 306 0.0 
6612 331 0.0 
6612 350 0.0 
6612 350 0.0 
6612 350 0.0 
6612 350 0.0 
6612 350 0.0 
6612 350 0.0 
6612 350 0.0 
6612 350 0.0 
6612 350 0.0 
6612 354 0.0 
6613 3 0.0 
6613 210 0.0 
6613 212 0.0 
6613 212 0.0 
6613 336 0.0 
6613 336 0.0 
6613 350 0.0 
6614 44 0.0 
6615 7 0.0 
6615 7 0.0 
6615 7 0.0 
6615 124 0.0 
6615 124 0.0 
6615 321 0.0 
6616 44 0.0394540689886 
6616 44 0.0 
6617 113 0.0 
6617 113 0.0 
6617 284 0.0 
6617 308 0.0 
6618 113 0.0 
6618 350 0.0 
6618 355 0.0 
6619 164 0.0 
6619 164 0.0 
6620 14 0.0 
6621 336 0.0 
6622 44 0.0 
6622 306 0.0 
6623 8 0.0 
6624 113 0.0 
6625 17 0.0 
6625 249 0.0117249786854 
6625 249 0.00739763816819 
6625 290 0.0 
6626 336 0.0 
6627 1 0.0193117279559 
6627 61 0.187599658966 
6627 153 0.0 
6628 1 0.0193117279559 
6628 8 0.0 
6628 8 0.0 
6628 8 0.0 
6628 9 0.00448190327734 
6628 10 0.00220335158519 
6628 10 0.00220335158519 
6628 13 0.0 
6628 14 0.0 
6628 48 0.0 
6628 61 0.187599658966 
6628 80 0.656598806381 
6628 83 0.0 
6628 85 0.0051097185351 
6628 85 0.0051097185351 
6628 86 0.0625332221389 
6628 86 0.0625332221389 
6628 98 0.0 
6628 103 0.0 
6628 113 0.0 
6628 113 0.0 
6628 113 0.0 
6628 113 0.0 
6628 124 0.0 
6628 128 0.0 
6628 183 0.0 
6628 189 0.0 
6628 204 0.0 
6628 204 0.0 
6628 209 0.0 
6628 219 0.0 
6628 243 0.0 
6628 251 0.0 
6628 253 0.0 
6628 253 0.0 
6628 253 0.0 
6628 271 0.0 
6628 271 0.0 
6628 294 0.0 
6628 299 0.0 
6628 299 0.0 
6628 299 0.0 
6628 299 0.0 
6628 299 0.0 
6628 305 0.0 
6628 305 0.0 
6628 306 0.0 
6628 306 0.0 
6628 321 0.0 
6628 321 0.0 
6628 321 0.0 
6628 321 0.0 
6628 321 0.0 
6628 321 0.0 
6628 321 0.0 
6628 321 0.0 
6628 321 0.0 
6628 321 0.0 
6628 322 0.0 
6628 331 0.0 
6628 332 0.0 
6628 332 0.0 
6628 332 0.0 
6628 336 0.0 
6628 340 0.0 
6628 351 0.0 
6628 351 0.0 
6628 354 0.0 
6629 3 0.0 
6629 7 0.0 
6629 7 0.0 
6629 8 0.0 
6629 8 0.0 
6629 28 0.0 
6629 54 0.0 
6629 109 0.0 
6629 113 0.0 
6629 113 0.0 
6629 113 0.0 
6629 113 0.0 
6629 113 0.0 
6629 124 0.0 
6629 128 0.0 
6629 128 0.0 
6629 173 0.0 
6629 176 0.0 
6629 176 0.0 
6629 176 0.0 
6629 176 0.0 
6629 176 0.0 
6629 176 0.0 
6629 221 0.0 
6629 222 0.0 
6629 231 0.0 
6629 234 0.0 
6629 238 0.0 
6629 243 0.0 
6629 243 0.0 
6629 282 0.0 
6629 287 0.0 
6629 299 0.0 
6629 299 0.0 
6629 312 0.0 
6629 312 0.0 
6629 334 0.0 
6629 335 0.0 
6629 337 0.0 
6629 338 0.0 
6629 338 0.0 
6629 350 0.0 
6630 113 0.0 
6630 210 0.0 
6630 336 0.0 
6630 336 0.0 
6631 291 0.0 
6631 339 0.0 
6632 166 0.0 
6633 75 0.0 
6633 207 0.0 
6633 221 0.0 
6633 255 0.0 
6633 257 0.0 
6633 271 0.0 
6633 279 0.0 
6633 332 0.0 
6634 105 0.0 
6635 188 0.0 
6636 113 0.0 
6637 1 0.0 
6637 61 0.0 
6637 285 0.0 
6637 311 0.0 
6637 332 0.0 
6637 332 0.0 
6637 332 0.0 
6637 332 0.0 
6637 332 0.0 
6637 332 0.0 
6637 332 0.0 
6637 332 0.0 
6637 332 0.0 
6637 332 0.00439196499065 
6637 332 0.0 
6637 352 0.0 
6637 354 0.0 
6638 350 0.0 
6639 331 0.0 
6640 103 0.0 
6641 331 0.0 
6642 156 0.0 
6643 28 0.0 
6643 234 0.0 
6643 238 0.0 
6643 266 0.00663231126964 
6644 299 0.0 
6645 8 0.0 
6645 8 0.0 
6645 124 0.0 
6645 128 0.0 
6645 128 0.0236519183964 
6645 128 0.0 
6645 128 0.0 
6645 128 0.0 
6645 128 0.0 
6645 128 0.0 
6645 128 0.0 
6645 128 0.0 
6645 128 0.0 
6645 218 0.0 
6645 251 0.0 
6645 288 0.0 
6645 290 0.0 
6645 290 0.0 
6645 312 0.0 
6645 322 0.0 
6645 332 0.0 
6645 338 0.0 
6645 339 0.0 
6645 340 0.0 
6645 340 0.0 
6645 352 0.0 
6646 185 0.0 
6647 228 0.0 
6648 163 0.0 
6648 163 0.0 
6649 98 0.0 
6649 163 0.0 
6649 163 0.0 
6649 163 0.0 
6650 113 0.0 
6651 103 0.0 
6652 313 0.0 
6653 12 0.0 
6653 21 0.0 
6653 95 0.0 
6653 96 0.0 
6653 98 0.0 
6653 100 0.0 
6653 102 0.0 
6653 115 0.0 
6653 117 0.0 
6653 118 0.0 
6653 163 0.0 
6653 191 0.0 
6653 194 0.0 
6653 197 0.0 
6653 202 0.0 
6653 205 0.0 
6653 206 0.0 
6653 209 0.0 
6653 210 0.0 
6653 218 0.0 
6653 219 0.0 
6653 220 0.0 
6653 221 0.0 
6653 222 0.0 
6653 223 0.0 
6653 224 0.0 
6653 225 0.0 
6653 226 0.0 
6653 232 0.0 
6653 233 0.0 
6653 245 0.0 
6653 246 0.0 
6653 247 0.0 
6653 248 0.0 
6653 249 0.0 
6653 250 0.0 
6653 294 0.0 
6654 350 0.0 
6655 7 0.0 
6655 28 0.0 
6655 83 0.0 
6655 212 0.0 
6655 219 0.0 
6655 219 0.0 
6655 350 0.0 
6656 283 0.0 
6656 283 0.0 
6657 139 0.0 
6657 139 0.0 
6657 139 0.0 
6657 139 0.0 
6657 139 0.0 
6657 155 0.00773743074387 
6657 160 0.0 
6657 160 0.0 
6657 160 0.0 
6657 160 0.0 
6657 160 0.0 
6657 160 0.0 
6657 164 0.0 
6657 164 0.0 
6657 164 0.0 
6657 170 0.0 
6657 176 0.0 
6657 176 0.0 
6657 176 0.0 
6657 180 0.0 
6657 180 0.00424983073026 
6657 180 0.0 
6657 180 0.0 
6657 180 0.0 
6657 199 0.0 
6657 199 0.0 
6657 199 0.0 
6657 199 0.00691156601533 
6657 302 0.0 
6657 302 0.0 
6657 302 0.0 
6657 302 0.0 
6657 302 0.0 
6657 302 0.0 
6657 302 0.0 
6658 113 0.0 
6658 128 0.0 
6658 173 0.0 
6658 173 0.0 
6658 311 0.0 
6658 313 0.0 
6658 332 0.0 
6658 335 0.0 
6658 336 0.0 
6658 337 0.0 
6658 338 0.0 
6658 338 0.0 
6659 124 0.0 
6659 124 0.0 
6659 124 0.0 
6659 124 0.0 
6659 128 0.0 
6659 350 0.0 
6659 350 0.0 
6660 113 0.0 
6661 3 0.0 
6661 3 0.0 
6661 7 0.0 
6661 7 0.0 
6661 299 0.0 
6662 336 0.0 
6663 271 0.0 
6664 155 0.00773743074387 
6665 163 0.0 
6665 163 0.0 
6665 209 0.0 
6666 54 0.0 
6667 13 0.0 
6667 354 0.0 
6668 48 0.0 
6668 109 0.0 
6668 217 0.0 
6668 223 0.0117249786854 
6668 223 0.00739763816819 
6668 223 0.00739763816819 
6668 311 0.0 
6669 299 0.0 
6670 25 0.0 
6670 25 0.0 
6670 341 0.0 
6670 341 0.0 
6670 354 0.0 
6670 355 0.0 
6671 70 0.0 
6672 338 0.0 
6672 338 0.0 
6672 338 0.0 
6673 128 0.0 
6673 166 0.0 
6673 283 0.0 
6673 299 0.0 
6673 350 0.0 
6673 350 0.0 
6674 70 0.0 
6675 70 0.0 
6676 48 0.0 
6676 124 0.0 
6676 133 0.0 
6676 136 0.0 
6676 160 0.0 
6676 329 0.0 
