6677 228 0.0 
6677 289 0.0 
6677 298 0.0 
6678 331 0.0 
6679 207 0.0 
6680 284 0.0 
6680 284 0.0 
6680 284 0.0 
6680 284 0.0 
6681 70 0.0 
6682 217 0.0 
6682 259 0.0 
6682 259 0.0 
6683 109 0.0 
6683 113 0.0 
6683 113 0.0 
6683 113 0.0 
6683 113 0.0 
6683 113 0.0 
6684 14 0.0 
6685 25 0.0 
6685 113 0.0 
6685 330 0.0 
6685 333 0.0 
6685 341 0.0 
6685 343 0.0 
6685 345 0.0 
6685 353 0.0 
6685 354 0.0 
6685 355 0.0 
6685 356 -0.0 
6686 5 0.0 
6686 8 0.00825910456479 
6686 124 0.0 
6686 331 0.0 
6686 340 0.0 
6686 340 0.0 
6686 340 0.0 
6687 113 0.0 
6688 54 0.0 
6688 54 0.0 
6689 111 0.00853020045906 
6690 113 0.0 
6691 124 0.0 
6692 1 0.0 
6692 1 0.0 
6692 1 0.0 
6692 1 0.0 
6692 10 0.0 
6692 10 0.0 
6692 10 0.0 
6692 18 0.00375199317932 
6692 18 0.0 
6692 18 0.0 
6692 20 0.0 
6692 20 0.0 
6692 28 0.0 
6692 28 0.0 
6692 28 0.0 
6692 28 0.0 
6692 61 0.0 
6692 61 0.0 
6692 61 0.0 
6692 61 0.0 
6692 83 0.0 
6692 85 0.0 
6692 85 0.0 
6692 85 0.0 
6692 139 0.0 
6692 139 0.0 
6692 139 0.0 
6692 139 0.0 
6692 139 0.0 
6692 139 0.0 
6692 139 0.0 
6692 139 0.0 
6692 139 0.0 
6692 139 0.0 
6692 139 0.0 
6692 155 0.00773743074387 
6692 160 0.0 
6692 160 0.0 
6692 160 0.0 
6692 164 0.0 
6692 164 0.0 
6692 164 0.0 
6692 166 0.0 
6692 166 0.0 
6692 166 0.0 
6692 166 0.0 
6692 166 0.0 
6692 166 0.0 
6692 166 0.0 
6692 166 0.0 
6692 166 0.0 
6692 166 0.0 
6692 166 0.0 
6692 176 0.0 
6692 176 0.0 
6692 176 0.0 
6692 176 0.0 
6692 176 0.0 
6692 176 0.0 
6692 176 0.0 
6692 176 0.0 
6692 176 0.0 
6692 176 0.0 
6692 176 0.0 
6692 189 0.0 
6692 189 0.0 
6692 189 0.0 
6692 189 0.00452826777473 
6692 204 0.00910478550941 
6692 204 0.0 
6692 204 0.0 
6692 208 0.0 
6692 208 0.0 
6692 241 0.0162457935512 
6692 241 0.0 
6692 241 0.0162457935512 
6692 302 0.0 
6692 302 0.0 
6692 302 0.0 
6692 336 0.0 
6692 336 0.0 
6692 336 0.0 
6692 336 0.0 
6692 336 0.0 
6693 185 0.0 
6694 5 0.0 
6694 13 0.0 
6695 22 0.0 
6695 124 0.0 
6696 354 0.0 
6697 291 0.0 
6697 350 0.0 
6698 14 0.0 
6699 350 0.0 
6700 8 0.0 
6700 77 0.0 
6700 111 0.0 
6700 141 0.0 
6700 141 0.0051097185351 
6701 16 0.0 
6702 7 0.0 
6702 113 0.0 
6702 113 0.0 
6702 113 0.0 
6702 128 0.0 
6703 1 0.0 
6703 1 0.0193117279559 
6703 1 0.0193117279559 
6703 3 0.0 
6703 3 0.0 
6703 3 0.0 
6703 13 0.0 
6703 34 0.0 
6703 61 0.0 
6703 61 0.187599658966 
6703 61 0.187599658966 
6703 103 0.0 
6703 103 0.0 
6703 103 0.0 
6703 103 0.0 
6703 106 0.0 
6703 113 0.0 
6703 124 0.0 
6703 124 0.0 
6703 128 0.0 
6703 128 0.0 
6703 128 0.0 
6703 128 0.0 
6703 128 0.0 
6703 143 0.0 
6703 143 0.0051097185351 
6703 217 0.0 
6703 217 0.0 
6703 217 0.0 
6703 227 0.0 
6703 261 0.0 
6703 279 0.0 
6703 279 0.0 
6703 279 0.0 
6703 279 0.00473448820412 
6703 279 0.0 
6703 279 0.00473448820412 
6703 321 0.0 
6703 340 0.0 
6703 350 0.0 
6703 350 0.0 
6703 350 0.0 
6703 354 0.0 
6704 113 0.0 
6705 340 0.0 
6705 340 0.0 
6706 244 0.0 
6707 7 0.0 
6707 7 0.0 
6707 8 0.0 
6707 8 0.00825910456479 
6707 8 0.0 
6707 8 0.0 
6707 14 0.0 
6707 103 0.0 
6707 109 0.0 
6707 109 0.0 
6707 124 0.0 
6707 124 0.0 
6707 124 0.0 
6707 124 0.0 
6707 128 0.0 
6707 128 0.0 
6707 128 0.0 
6707 128 0.0 
6707 128 0.0 
6707 128 0.0 
6707 128 0.0 
6707 128 0.0 
6707 128 0.0 
6707 128 0.0 
6707 128 0.0 
6707 128 0.0 
6707 128 0.0 
6707 128 0.0 
6707 128 0.0 
6707 128 0.0 
6707 128 0.0 
6707 128 0.0 
6707 128 0.0 
6707 128 0.0 
6707 128 0.0 
6707 128 0.0 
6707 221 0.0 
6707 222 0.0 
6707 251 0.0 
6707 251 0.0 
6707 253 0.0 
6707 271 0.0 
6707 271 0.0 
6707 281 0.0 
6707 282 0.0 
6707 287 0.0 
6707 290 0.0 
6707 292 0.0 
6707 307 0.0 
6707 309 0.0 
6707 313 0.0 
6707 321 0.0 
6707 322 0.0 
6707 322 0.0 
6707 329 0.0 
6707 331 0.0 
6707 331 0.0 
6707 332 0.0 
6707 332 0.0 
6707 334 0.0 
6707 334 0.0 
6707 335 0.0 
6707 335 0.0 
6707 335 0.0 
6707 337 0.0 
6707 338 0.0 
6707 342 0.0 
6707 350 0.0 
6707 350 0.0 
6707 350 0.0 
6707 350 0.0 
6707 351 0.0 
6707 352 0.0 
6707 352 0.0 
6708 28 0.0 
6708 139 0.0 
6708 166 0.0 
6708 166 0.0 
6708 299 0.0 
6709 350 0.0 
6710 113 0.0 
6710 299 0.0 
6710 299 0.0 
6711 8 0.0 
6711 8 0.0 
6711 28 0.0 
6711 28 0.0 
6711 28 0.0 
6711 28 0.0 
6711 113 0.0 
6711 113 0.0301647670567 
6711 128 0.0 
6711 128 0.0 
6711 128 0.0 
6711 173 0.0 
6711 217 0.0 
6711 332 0.0 
6711 340 0.0 
6711 340 0.0 
6711 354 0.0 
6711 355 0.0 
6712 3 0.0 
6712 17 0.0 
6712 173 0.0 
6712 173 0.0 
6712 173 0.0 
6712 180 0.0 
6712 340 0.0 
6712 340 0.0 
6712 340 0.0 
6712 350 0.0 
6713 199 0.0 
6714 12 0.0 
6714 24 0.0 
6714 222 0.0 
6714 222 0.0 
6714 255 0.0 
6714 256 0.0 
6714 307 0.0 
6714 307 0.0 
6714 307 0.0 
6714 307 0.0 
6714 307 0.0 
6714 307 0.0 
6714 307 0.0 
6714 307 0.0 
6714 307 0.0 
6714 310 0.0 
6714 310 0.0 
6714 310 0.0 
6714 312 0.0 
6714 313 0.0 
6714 313 0.0 
6714 313 0.0 
6714 327 0.0 
6714 336 0.0 
6714 336 0.0 
6714 336 0.0 
6714 336 0.0 
6714 336 0.0 
6715 3 0.0 
6715 4 0.0 
6715 5 0.0 
6715 7 0.0 
6715 12 0.0 
6715 28 0.0 
6715 28 0.0 
6715 28 0.0 
6715 83 0.0 
6715 98 0.0 
6715 112 0.0 
6715 113 0.0 
6715 128 0.0 
6715 128 0.0 
6715 139 0.0 
6715 139 0.0 
6715 139 0.0 
6715 139 0.0 
6715 139 0.0 
6715 166 0.0 
6715 166 0.0 
6715 166 0.0 
6715 166 0.0 
6715 166 0.0 
6715 173 0.0 
6715 189 0.0 
6715 209 0.0 
6715 210 0.0 
6715 218 0.0 
6715 219 0.0 
6715 221 0.0 
6715 222 0.0 
6715 223 0.0 
6715 224 0.0 
6715 225 0.0 
6715 226 0.0 
6715 228 0.0 
6715 228 0.0 
6715 232 0.0 
6715 233 0.0 
6715 245 0.0 
6715 246 0.0 
6715 247 0.0 
6715 248 0.0 
6715 249 0.0 
6715 250 0.0 
6715 273 0.0 
6715 275 0.0 
6715 279 0.0 
6715 282 0.0 
6715 283 0.0 
6715 285 0.0 
6715 289 0.0 
6715 291 0.0 
6715 293 0.0 
6715 294 0.0 
6715 299 0.0 
6715 304 0.0 
6715 305 0.0 
6715 306 0.0 
6715 307 0.0 
6715 308 0.0 
6715 309 0.0 
6715 310 0.0 
6715 311 0.0 
6715 312 0.0 
6715 313 0.0 
6715 321 0.0 
6715 322 0.0 
6715 327 0.0 
6715 328 0.0 
6715 331 0.0 
6715 332 0.0 
6715 334 0.0 
6715 335 0.0 
6715 336 0.0 
6715 337 0.0 
6715 338 0.0 
6715 339 0.0 
6715 339 0.0 
6715 340 0.0 
6715 342 0.0 
6715 350 0.0 
6715 351 0.0 
6715 352 0.0 
6716 204 0.0 
6717 312 0.0 
6718 8 0.0 
6719 113 0.0 
6720 350 0.0 
6720 350 0.0 
6720 350 0.0 
6720 350 0.0 
6720 350 0.0 
6720 350 0.0 
6721 44 0.0 
6722 103 0.0 
6723 133 0.0 
6723 136 0.0 
6724 108 0.0 
6724 108 0.0 
6724 108 0.0 
6724 128 0.0236519183964 
6724 128 0.0 
6724 128 0.0 
6724 331 0.0 
6724 331 0.0 
6724 331 0.0 
6724 337 0.0 
6724 355 0.0 
6724 355 0.0 
6724 355 0.0 
6725 3 0.0 
6725 3 0.0 
6725 5 0.0 
6725 5 0.0 
6725 5 0.0 
6725 7 0.0 
6725 7 0.0 
6725 7 0.0 
6725 8 0.0 
6725 8 0.00825910456479 
6725 8 0.00825910456479 
6725 8 0.0 
6725 8 0.0 
6725 8 0.0 
6725 8 0.0 
6725 8 0.0 
6725 22 0.0 
6725 22 0.0 
6725 25 0.0 
6725 25 0.0 
6725 28 0.0 
6725 28 0.0 
6725 28 0.0 
6725 28 0.0 
6725 28 0.0 
6725 28 0.0 
6725 28 0.0 
6725 28 0.0 
6725 28 0.0 
6725 28 0.0 
6725 28 0.0 
6725 30 0.0 
6725 77 0.0 
6725 83 0.0 
6725 83 0.0 
6725 83 0.0 
6725 83 0.0 
6725 83 0.0 
6725 83 0.0 
6725 106 0.0 
6725 107 0.0 
6725 107 0.0 
6725 107 0.0 
6725 109 0.0 
6725 109 0.00386234582402 
6725 109 0.0 
6725 109 0.0 
6725 109 0.0 
6725 109 0.0 
6725 109 0.0 
6725 109 0.0 
6725 109 0.0 
6725 109 0.0 
6725 109 0.0 
6725 109 0.0 
6725 109 0.0 
6725 109 0.0 
6725 109 0.0 
6725 109 0.0 
6725 109 0.0 
6725 109 0.0 
6725 109 0.0 
6725 109 0.0 
6725 109 0.0 
6725 109 0.0 
6725 109 0.0 
6725 109 0.0 
6725 109 0.0 
6725 109 0.0 
6725 109 0.0 
6725 111 0.0 
6725 111 0.0 
6725 113 0.0 
6725 113 0.0 
6725 113 0.0 
6725 113 0.0 
6725 113 0.0 
6725 113 0.0 
6725 113 0.0 
6725 113 0.0 
6725 113 0.0 
6725 113 0.0 
6725 113 0.0 
6725 113 0.0 
6725 113 0.0 
6725 113 0.0 
6725 113 0.0 
6725 113 0.0 
6725 113 0.0 
6725 113 0.0301647670567 
6725 113 0.0 
6725 113 0.0 
6725 113 0.0 
6725 113 0.0 
6725 113 0.0 
6725 113 0.0 
6725 121 0.0 
6725 121 0.0 
6725 121 0.0 
6725 121 0.0 
6725 121 0.0 
6725 121 0.0 
6725 139 0.0 
6725 139 0.0 
6725 139 0.0 
6725 139 0.0 
6725 160 0.0 
6725 160 0.0 
6725 160 0.0 
6725 160 0.0 
6725 166 0.0 
6725 166 0.0 
6725 166 0.0 
6725 166 0.0 
6725 166 0.0 
6725 173 0.0 
6725 173 0.0 
6725 173 0.0 
6725 173 0.0 
6725 173 0.0 
6725 173 0.0 
6725 173 0.0 
6725 173 0.0 
6725 181 0.0 
6725 228 0.0 
6725 243 0.0 
6725 270 0.0 
6725 270 0.0 
6725 270 0.0 
6725 270 0.0 
6725 270 0.0 
6725 270 0.0 
6725 270 0.0 
6725 270 0.0 
6725 270 0.0 
6725 270 0.0 
6725 270 0.0 
6725 270 0.0 
6725 270 0.00381813570857 
6725 270 0.0 
6725 270 0.0 
6725 270 0.0 
6725 279 0.0 
6725 281 0.0 
6725 281 0.0 
6725 282 0.0 
6725 282 0.0 
6725 330 0.0 
6725 330 0.0 
6725 333 0.0 
6725 333 0.0 
6725 341 0.0 
6725 341 0.0 
6725 343 0.0 
6725 343 0.0 
6725 345 0.0 
6725 345 0.0 
6725 350 0.0 
6725 350 0.0 
6725 353 0.0 
6725 353 0.0 
6725 354 0.0 
6725 354 0.0 
6725 355 0.0 
6725 355 0.0 
6725 355 0.0 
6725 356 -0.0 
6725 356 -0.0 
6726 289 0.0 
6726 354 0.0 
6727 4 0.0 
6727 4 0.0 
6727 5 0.0 
6727 5 0.0 
6727 7 0.0 
6727 7 0.0 
6727 228 0.0 
6727 283 0.0 
6727 283 0.0 
6727 283 0.0 
6727 298 0.0 
6727 307 0.0 
6727 321 0.0 
6728 305 0.0 
6728 306 0.0 
6728 306 0.0 
6728 307 0.0 
6729 5 0.0 
6729 28 0.0 
6730 243 0.0 
6731 28 0.0 
6731 83 0.0 
6731 103 0.0 
6731 279 0.0 
6732 8 0.0 
6732 251 0.0 
6733 282 0.0 
6734 111 0.0 
6735 18 0.0 
6735 25 0.0 
6735 204 0.0 
6735 204 0.0 
6735 302 0.0 
6735 330 0.0 
6735 333 0.0 
6735 336 0.0 
6735 336 0.0 
6735 336 0.0 
6735 336 0.0 
6735 336 0.0 
6735 336 0.0 
6735 336 0.0 
6735 341 0.0 
6735 343 0.0 
6735 345 0.0 
6735 353 0.0 
6735 354 0.0 
6735 355 0.0 
6735 356 -0.0 
6736 305 0.0 
6736 306 0.0 
6737 75 0.0 
6737 110 0.00178352091461 
6737 243 0.0 
6738 228 0.0 
6739 113 0.0 
6740 306 0.0 
6741 113 0.0 
6741 113 0.0 
6741 113 0.0 
6741 113 0.0 
6741 124 0.0 
6741 124 0.0 
6741 289 0.0 
6741 289 0.0 
6741 306 0.0 
6741 308 0.0 
6741 340 0.0 
6741 340 0.0 
6741 340 0.0 
6741 350 0.0 
6742 338 0.0 
6743 299 0.0 
6744 44 0.0 
6745 350 0.0 
6746 22 0.0 
6746 22 0.0 
6747 304 0.0 
6747 305 0.0 
6748 34 0.0 
6748 307 0.0 
6749 173 0.0 
6750 124 0.0 
6751 299 0.0 
6752 299 0.0 
6752 350 0.0 
6753 105 0.0 
6754 261 0.0 
6754 271 0.0 
6754 271 0.0 
6754 271 0.0 
6754 299 0.0 
6755 13 0.0 
6755 13 0.0 
6755 305 0.0 
6756 340 0.0 
6757 43 0.0 
6757 43 0.0 
6758 128 0.0 
6758 128 0.0 
6758 128 0.0 
6759 185 0.0 
6759 185 0.0 
6760 124 0.0 
6761 128 0.0 
6761 128 0.0 
6761 128 0.0 
6761 128 0.0 
6761 128 0.0 
6761 282 0.0 
6761 291 0.0 
6762 217 0.0 
6762 257 0.0 
6763 124 0.0 
6763 124 0.0 
6763 128 0.0 
6763 335 0.0 
6763 337 0.0 
6763 338 0.0 
6764 8 0.0 
6764 108 0.0 
6764 108 0.0 
6764 108 0.0 
6764 108 0.0 
6764 111 0.0 
6764 128 0.0 
6764 128 0.0 
6764 128 0.0 
6764 128 0.0 
6764 128 0.0 
6764 128 0.0 
6764 128 0.0 
6764 128 0.0 
6764 331 0.0 
6764 339 0.0 
6764 342 0.0 
6765 8 0.0 
6765 8 0.0 
6765 8 0.0 
6765 8 0.0 
6765 8 0.00825910456479 
6765 8 0.0 
6765 8 0.0 
6765 8 0.0 
6765 8 0.0 
6765 8 0.00825910456479 
6765 8 0.0 
6765 8 0.0 
6765 107 0.0 
6765 108 0.0 
6765 111 0.0 
6765 124 0.0 
6765 221 0.0 
6765 251 0.0 
6765 251 0.0 
6765 337 0.0 
6765 337 0.0 
6765 338 0.0 
6765 350 0.0 
6766 113 0.0 
6766 113 0.0 
6767 18 0.0 
6768 121 0.0 
6768 299 0.0 
6769 299 0.0 
6769 306 0.0 
6769 340 0.0 
6769 350 0.0 
6769 350 0.0 
6769 350 0.0 
6770 124 0.0 
6770 128 0.0 
6770 128 0.0 
6770 128 0.0 
6770 128 0.0 
6770 128 0.0 
6770 128 0.0 
6770 222 0.0 
6770 288 0.0 
6770 288 0.0 
6770 307 0.0 
6770 334 0.0 
6770 334 0.0 
6770 334 0.0 
6770 334 0.0 
6770 334 0.0 
6770 334 0.0 
6770 334 0.0 
6770 334 0.0 
6770 335 0.0 
6770 335 0.0 
6770 335 0.0 
6770 337 0.0 
6770 338 0.0 
6770 350 0.0 
6771 354 0.0 
6772 166 0.0 
6772 166 0.0 
6773 128 0.0 
6774 113 0.0 
6775 11 0.0 
6775 11 0.0 
6775 336 0.0 
6775 336 0.0 
6776 336 0.0 
6777 350 0.0 
6778 103 0.0 
6778 113 0.0 
6778 270 0.0 
6778 270 0.00381813570857 
6778 282 0.0 
6778 282 0.0 
6778 289 0.0 
6778 289 0.0 
6778 289 0.0019179059891 
6778 289 0.0 
6778 289 0.0 
6778 289 0.0 
6778 289 0.0 
6778 289 0.0 
6778 289 0.0 
6778 291 0.0023740271572 
6778 291 0.0 
6778 291 0.0 
6778 291 0.0 
6778 335 0.0 
6779 185 0.0 
6780 25 0.0 
6780 113 0.0 
6780 113 0.0 
6780 330 0.0 
6780 333 0.0 
6780 341 0.0 
6780 343 0.0 
6780 345 0.0 
6780 353 0.0 
6780 354 0.0 
6780 355 0.0 
6780 356 -0.0 
6781 128 0.0 
6782 8 0.0 
6782 8 0.0 
6782 28 0.0 
6782 75 0.0 
6782 113 0.0 
6782 124 0.0 
6782 124 0.0 
6782 186 0.0 
6782 229 0.0 
6782 230 0.0 
6782 234 0.0 
6782 238 0.0 
6782 260 0.0 
6782 269 0.0 
6782 299 0.0 
6783 350 0.0 
6784 113 0.0 
6784 160 0.0 
6785 7 0.0 
6785 113 0.0 
6785 113 0.0 
6785 305 0.0 
6786 38 0.0 
6786 38 0.0 
6786 38 0.0 
6786 38 0.0 
6786 38 0.0 
6786 38 0.0 
6786 38 0.0 
6786 38 0.0 
6786 38 0.0 
6786 38 0.0 
6786 38 0.0 
6786 38 0.0 
6786 38 0.0 
6786 38 0.0 
6786 38 0.0 
6786 38 0.0 
6786 38 0.0 
6786 38 0.0 
6786 38 0.0 
6786 38 0.0 
6786 38 0.0 
6786 38 0.0 
6786 38 0.0 
6786 38 0.0 
6786 38 0.0 
6786 38 0.0 
6786 38 0.0 
6786 38 0.0 
6786 38 0.0 
6786 38 0.0 
6786 38 0.0 
6786 38 0.0 
6786 38 0.0 
6786 38 0.0 
6787 8 0.0 
6787 8 0.0 
6787 8 0.0 
6787 8 0.0 
6787 8 0.00825910456479 
6787 8 0.0 
6787 14 0.0 
6787 111 0.0 
6787 111 0.0 
6787 113 0.0 
6787 113 0.0 
6787 113 0.0 
6787 113 0.0 
6787 113 0.0 
6787 113 0.0 
6787 113 0.0 
6787 113 0.0 
6787 128 0.0 
6787 128 0.0 
6787 128 0.0 
6787 128 0.0 
6787 128 0.0 
6787 128 0.0236519183964 
6787 128 0.0 
6787 128 0.0 
6787 128 0.0 
6787 128 0.0 
6787 128 0.0 
6787 226 0.00491834292188 
6787 226 0.00491834292188 
6787 226 0.00779538881034 
6787 228 0.0 
6787 231 0.0 
6787 234 0.0 
6787 234 0.0 
6787 238 0.00841793324798 
6787 238 0.0 
6787 238 0.0 
6787 263 0.0 
6787 275 0.0 
6787 282 0.0 
6787 282 0.0 
6787 298 0.0 
6787 312 0.0 
6787 334 0.0 
6787 335 0.0 
6787 335 0.0 
6787 335 0.0 
6787 338 0.0 
6787 340 0.0 
6787 352 0.0 
6788 173 0.0 
6788 355 0.0 
6788 355 0.0 
6789 3 0.0 
6789 28 0.0 
6789 113 0.0 
6789 113 0.0 
6789 113 0.0 
6789 113 0.0 
6789 113 0.0 
6789 124 0.0 
6789 128 0.0 
6789 212 0.0 
6789 212 0.0 
6789 228 0.0 
6789 285 0.0 
6789 285 0.0 
6789 289 0.0 
6789 289 0.0 
6789 291 0.0 
6789 298 0.0 
6789 307 0.0 
6789 352 0.0 
6789 355 0.0 
6789 355 0.0 
6790 354 0.0 
6791 299 0.0 
6791 340 0.0 
6792 7 0.0 
6792 336 0.0 
6793 8 0.0 
6793 128 0.0 
6793 128 0.0 
6793 254 0.0 
6793 322 0.0 
6793 332 0.0 
6793 334 0.0 
6793 337 0.0 
6793 338 0.0 
6793 338 0.0 
6793 338 0.0 
6793 338 0.0 
6794 111 0.00853020045906 
6794 111 0.00853020045906 
6794 281 0.0 
6795 128 0.0 
6795 128 0.0 
6795 128 0.0 
6795 128 0.0 
6795 128 0.0 
6795 128 0.0 
6795 128 0.0 
6795 128 0.0 
6795 128 0.0 
6795 128 0.0 
6795 128 0.0 
6795 128 0.0 
6795 128 0.0 
6795 128 0.0 
6795 128 0.0 
6795 128 0.0 
6795 128 0.0 
6795 128 0.0 
6795 128 0.0 
6795 128 0.0 
6795 128 0.0 
6795 128 0.0 
6795 128 0.0 
6795 128 0.0 
6795 128 0.0 
6795 128 0.0 
6795 128 0.0 
6795 128 0.0 
6795 128 0.0 
6795 128 0.0 
6795 128 0.0 
6795 128 0.0 
6795 128 0.0 
6795 128 0.0 
6795 128 0.0 
6795 128 0.0 
6795 128 0.0 
6795 128 0.0 
6795 128 0.0 
6795 128 0.0 
6795 128 0.0 
6795 128 0.0 
6795 128 0.0 
6795 128 0.0 
6795 128 0.0 
6795 128 0.0 
6795 128 0.0 
6795 128 0.0 
6795 219 0.0 
6795 219 0.0118306083605 
6795 219 0.00746428314596 
6795 219 0.00746428314596 
6795 291 0.0 
6795 293 0.0 
6795 305 0.0 
6795 331 0.0 
6795 334 0.0 
6795 334 0.0 
6795 334 0.0 
6795 334 0.0 
6795 334 0.0 
6795 334 0.0 
6795 334 0.0 
6795 334 0.0 
6795 334 0.0 
6795 334 0.000772167230025 
6795 334 0.0 
6795 334 0.0 
6795 334 0.0 
6795 334 0.0 
6795 334 0.0 
6795 334 0.0 
6795 334 0.0 
6795 334 0.0 
6795 334 0.0 
6795 334 0.0 
6795 335 0.0 
6795 335 0.0 
6795 335 0.0 
6795 335 0.0 
6795 335 0.0 
6795 335 0.0 
6795 335 0.0 
6795 336 0.0 
6795 337 0.0 
6795 338 0.0 
6795 338 0.0 
6795 338 0.0 
6795 338 0.0 
6795 338 0.0 
6795 338 0.0 
6795 338 0.0 
6795 338 0.0 
6795 338 0.0 
6795 338 0.0 
6795 338 0.0 
6795 340 0.0 
6795 340 0.0 
6795 340 0.0 
6795 340 0.0 
6795 340 0.0 
6795 340 0.0 
6795 340 0.0 
6795 340 0.0 
6795 340 0.0 
6795 340 0.0 
6795 340 0.0 
6795 340 0.0 
6796 111 0.0 
6796 113 0.0 
6797 354 0.0 
6798 2 0.0 
6798 66 0.0 
6798 228 0.0 
6798 229 0.0 
6798 230 0.0 
6798 231 0.0 
6798 234 0.0 
6798 238 0.0 
6798 243 0.0 
6798 244 0.0 
6798 251 0.0 
6798 253 0.0 
6798 254 0.0 
6799 8 0.0 
6799 8 0.0 
6800 128 0.0 
6801 124 0.0 
6801 124 0.0 
6802 15 0.0 
6803 113 0.0 
6803 113 0.0 
6804 299 0.0 
6804 299 0.0 
6805 75 0.0 
6805 103 0.0 
6805 124 0.0 
6805 124 0.0 
6805 327 0.0 
6805 327 0.0 
6805 327 0.0 
6805 327 0.0 
6805 350 0.0 
6806 17 0.0 
6807 113 0.0 
6808 299 0.0 
6809 286 0.0 
6810 38 0.0 
6810 169 0.0 
6810 181 0.0 
6810 351 0.0 
6811 346 0.0 
6812 167 0.0 
6813 38 0.0 
6813 161 0.0 
6813 185 0.0 
6813 185 0.0 
6814 8 0.0 
6814 8 0.0 
6814 124 0.0 
6814 124 0.0 
6814 124 0.0 
6814 251 0.0 
6814 334 0.0 
6815 334 0.0 
6815 334 0.0 
6816 54 0.0 
6816 113 0.0 
6817 11 0.0 
6817 11 0.0 
6817 40 0.0123661998659 
6817 109 0.0 
6817 109 0.0 
6817 121 0.0 
6817 121 0.0 
6817 229 0.0 
6817 230 0.0 
6817 336 0.0 
6817 336 0.0 
6817 336 0.0 
6817 336 0.0 
6817 336 0.0 
6817 336 0.0 
6818 38 0.0 
6818 175 0.0 
6819 175 0.0 
6820 162 0.0 
6821 169 0.0 
6822 262 0.0 
6822 301 0.0 
6823 38 0.0 
6824 181 0.0 
6824 252 0.0 
6824 286 0.0 
6825 231 0.0 
6826 299 0.0 
6827 338 0.0 
6827 338 0.0 
6828 350 0.0 
6829 5 0.0 
6829 113 0.0 
6829 228 0.0 
6829 231 0.0 
6830 217 0.0 
6831 1 0.0193117279559 
6831 61 0.187599658966 
6832 21 0.0 
6832 21 0.0 
6832 95 0.0 
6832 95 0.0 
6833 19 0.0 
6833 105 0.0 
6833 185 0.0 
6833 199 0.0 
6833 199 0.0 
6833 199 0.0 
6833 199 0.0 
6833 199 0.0 
6833 199 0.0 
6834 21 0.0 
6834 21 0.0 
6834 95 0.0 
6834 95 0.0 
6835 113 0.0 
6836 113 0.0 
6837 211 0.0 
6838 299 0.0 
6838 299 0.0 
6839 128 0.0 
6839 128 0.0 
6840 282 0.0 
6840 299 0.0 
6840 350 0.0 
6841 299 0.0 
6841 299 0.0 
6841 299 0.0 
6841 299 0.0 
6842 3 0.0 
6842 7 0.0 
6842 28 0.0 
6842 32 0.0 
6842 32 0.0 
6842 83 0.0 
6842 83 0.0 
6842 83 0.0 
6842 113 0.0 
6842 113 0.0 
6842 113 0.0 
6842 113 0.0 
6843 350 0.0 
6844 47 0.00292471633293 
6844 54 0.0 
6844 54 0.0 
6844 54 0.0 
6844 54 0.0 
6844 54 0.0 
6844 66 0.0 
6844 70 0.0 
6844 82 0.0 
6844 93 0.0 
6844 124 0.0 
6844 124 0.0 
6844 124 0.0 
6844 124 0.0 
6844 124 0.0 
6844 209 0.0 
6844 280 0.0 
6844 293 0.0 
6844 293 0.00254933978431 
6844 293 0.0 
6844 293 0.0 
6844 293 0.00254933978431 
6844 293 0.0 
6844 299 0.0 
6844 336 0.0 
6844 336 0.0 
6844 336 0.0 
6844 336 0.0 
6844 336 0.0 
6845 113 0.0 
6845 306 0.0 
6846 105 0.0 
6847 331 0.0 
6847 342 0.0 
6848 199 0.0 
6849 4 0.0 
6849 5 0.0 
6849 7 0.0 
6849 8 0.0 
6849 44 0.0 
6849 113 0.0 
6849 113 0.0 
6849 113 0.0 
6849 124 0.0 
6849 124 0.0 
6849 192 0.0 
6849 260 0.0 
6849 269 0.0 
6849 299 0.0 
6849 299 0.0 
6849 299 0.0 
6849 299 0.0 
6849 299 0.0 
6849 299 0.0 
6849 299 0.0 
6849 299 0.0 
6849 350 0.0 
6849 350 0.0 
6849 350 0.0 
6849 350 0.0 
6849 350 0.0 
6849 350 0.0 
6849 350 0.0 
6849 350 0.0 
6849 350 0.0 
6849 350 0.0 
6849 354 0.0 
6850 217 0.0 
6850 217 0.0 
6851 113 0.0 
6852 113 0.0 
6852 113 0.0 
6852 113 0.0301647670567 
6852 113 0.0 
6852 113 0.0 
6852 113 0.0 
6852 305 0.0 
6852 350 0.0 
6853 322 0.0 
6853 354 0.0 
6853 354 0.0 
6854 113 0.0 
6854 113 0.0 
6854 113 0.0 
6854 113 0.0 
6854 113 0.0 
6854 113 0.0 
6854 113 0.0 
6854 124 0.0 
6854 124 0.0 
6854 124 0.0 
6854 128 0.0 
6854 166 0.0 
6854 166 0.0 
6854 173 0.0 
6854 180 0.0 
6854 192 0.0 
6854 290 0.0 
6854 292 0.0 
6854 299 0.0 
6854 305 0.0 
6854 305 0.0 
6854 335 0.0 
6854 337 0.0 
6854 338 0.0 
6854 338 0.0 
6854 338 0.0 
6854 338 0.0 
6854 340 0.0 
6854 340 0.0 
6854 340 0.0 
6854 350 0.0 
6854 350 0.0 
6854 350 0.0 
6854 355 0.0 
6855 128 0.0 
6856 27 0.0 
6856 70 0.0 
6857 70 0.0 
6858 54 0.0 
6858 70 0.0 
6859 70 0.0 
6860 350 0.0 
6860 350 0.0 
6861 28 0.0 
6862 113 0.0 
6863 18 0.0 
6863 18 0.0 
6863 28 0.0 
6863 111 0.0 
6863 112 0.0 
6864 285 0.0 
6864 321 0.0013235390652 
6864 321 0.0013235390652 
6864 321 0.0 
6864 321 0.0 
6864 321 0.0 
6864 321 0.0 
6864 321 0.0 
6864 321 0.0 
6864 321 0.0 
6864 321 0.0 
6864 321 0.0 
6864 350 0.0 
6865 113 0.0 
6865 113 0.0 
6866 299 0.0 
6867 25 0.0 
6867 330 0.0 
6867 333 0.0 
6867 341 0.0 
6867 343 0.0 
6867 345 0.0 
6867 353 0.0 
6867 354 0.0 
6867 355 0.0 
6867 356 -0.0 
6868 28 0.0 
6869 70 0.0 
6870 350 0.0 
6871 44 0.0 
6872 7 0.0 
6872 14 0.0 
6872 28 0.0 
6872 28 0.0 
6872 139 0.0 
6872 139 0.0 
6872 173 0.0 
6872 355 0.0 
6873 38 0.0 
6873 38 0.0 
6873 70 0.0 
6874 124 0.0 
6874 128 0.0 
6874 128 0.0 
6875 350 0.0 
6876 113 0.0 
6876 113 0.0 
6876 113 0.0 
6876 113 0.0 
6876 113 0.0 
6876 113 0.0 
6876 113 0.0 
6876 139 0.0 
6877 48 0.0 
6878 190 0.0 
6879 227 0.0 
6880 293 0.0 
6881 1 0.0193117279559 
6881 1 0.0193117279559 
6881 61 0.187599658966 
6881 61 0.187599658966 
6882 48 0.0 
6882 48 0.0 
6883 44 0.0 
6883 128 0.0 
6883 128 0.0 
6883 128 0.0 
6883 310 0.0 
6883 310 0.00135160749778 
6883 310 0.0 
6883 310 0.00135160749778 
6883 310 0.0 
6883 313 0.0 
6884 7 0.0 
6885 128 0.0 
6886 228 0.0 
6886 228 0.0 
6887 7 0.0 
6887 8 0.0 
6887 8 0.0 
6887 54 0.0 
6887 54 0.0 
6887 113 0.0 
6887 113 0.0 
6887 113 0.0 
6887 113 0.0 
6887 113 0.0 
6887 113 0.0 
6887 113 0.0 
6887 113 0.0 
6887 124 0.0 
6887 124 0.0 
6887 128 0.0 
6887 128 0.0 
6887 228 0.0 
6887 287 0.0 
6887 298 0.0 
6887 305 0.0 
6887 307 0.0 
6887 322 0.0 
6887 331 0.0 
6887 331 0.0 
6887 331 0.0 
6887 331 0.0 
6887 331 0.0 
6887 340 0.0 
6887 340 0.0 
6887 340 0.0 
6887 350 0.0 
6887 350 0.0 
6887 350 0.0 
6887 350 0.0 
6887 351 0.0 
6887 352 0.0 
6888 176 0.0 
6889 113 0.0 
6889 113 0.0 
6889 113 0.0 
6889 124 0.0 
6889 124 0.0 
6889 299 0.0 
6889 299 0.0 
6889 350 0.0 
6890 166 0.0 
6891 285 0.0 
6892 254 0.0 
6893 160 0.0 
6894 306 0.0 
6894 306 0.0 
6894 321 0.0 
6895 306 0.0 
6896 48 0.0 
6897 3 0.0 
6897 4 0.0 
6897 8 0.0 
6897 16 0.0 
6897 103 0.0 
6897 103 0.0 
6897 103 0.0 
6897 109 0.0 
6897 113 0.0 
6897 113 0.0 
6897 113 0.0 
6897 121 0.0 
6897 124 0.0 
6897 124 0.0 
6897 124 0.0 
6897 128 0.0 
6897 128 0.0 
6897 128 0.0 
6897 139 0.0 
6897 160 0.0 
6897 217 0.0 
6897 222 0.0 
6897 228 0.0 
6897 234 0.0 
6897 238 0.0 
6897 254 0.0 
6897 283 0.0 
6897 285 0.0 
6897 289 0.0 
6897 289 0.0 
6897 292 0.0 
6897 294 0.0 
6897 299 0.0 
6897 299 0.0 
6897 306 0.0 
6897 307 0.0 
6897 307 0.0 
6897 307 0.0 
6897 308 0.0 
6897 311 0.0 
6897 321 0.0 
6897 331 0.0 
6897 332 0.0 
6897 338 0.0 
6897 338 0.0 
6897 338 0.0 
6897 340 0.0 
6897 340 0.0 
6897 340 0.0 
6897 340 0.0 
6897 350 0.0 
6897 350 0.0 
6897 350 0.0 
6898 124 0.0 
6898 281 0.0 
6898 290 0.0 
6898 292 0.0 
6898 292 0.0 
6898 306 0.0 
6898 340 0.0 
6899 16 0.0 
6899 17 0.0 
6899 19 0.0 
6899 132 0.0 
6899 135 0.0 
6899 138 0.0 
6899 142 0.0 
6899 143 0.0 
6899 144 0.0 
6899 146 0.0 
6899 151 0.0 
6899 156 0.0 
6899 167 0.0 
6899 192 0.0 
6899 196 0.0 
6899 207 0.0 
6899 212 0.0 
6900 2 0.0 
6900 2 0.0 
6900 164 0.0306083671749 
6901 350 0.0 
6901 350 0.0 
6902 5 0.0 
6903 155 0.0 
6904 113 0.0 
6904 307 0.0 
6905 3 0.0 
6905 4 0.0 
6905 4 0.0 
6905 4 0.0 
6905 5 0.0 
6905 5 0.0 
6905 28 0.0 
6905 28 0.0 
6905 28 0.0 
6905 28 0.0 
6905 28 0.0 
6905 34 0.0 
6905 42 0.00691156601533 
6905 113 0.0 
6905 121 0.0 
6905 128 0.0 
6905 128 0.0 
6905 306 0.0 
6905 306 0.0 
6905 350 0.0 
6906 155 0.0 
6907 155 0.0 
6908 350 0.0 
6909 228 0.0 
6909 299 0.0 
6910 103 0.0 
6911 155 0.0 
6912 155 0.0 
6913 113 0.0 
6913 113 0.0 
6913 113 0.0 
6913 113 0.0 
6913 309 0.0 
6913 313 0.0 
6914 124 0.0 
6915 11 0.0 
6916 7 0.0 
6917 1 0.0193117279559 
6917 1 0.0193117279559 
6917 25 0.0 
6917 61 0.187599658966 
6917 61 0.187599658966 
6917 128 0.0 
6917 128 0.0 
6917 128 0.0 
6917 128 0.0 
6917 128 0.0 
6917 128 0.0 
6917 128 0.0 
6917 128 0.0 
6917 128 0.0 
6917 128 0.0 
6917 128 0.0 
6917 128 0.0 
6917 128 0.0 
6917 128 0.0 
6917 128 0.0 
6917 128 0.0 
6917 128 0.0 
6917 128 0.0 
6917 128 0.0 
6917 128 0.0 
6917 128 0.0 
6917 128 0.0 
6917 128 0.0 
6917 128 0.0 
6917 128 0.0 
6917 128 0.0 
6917 128 0.0 
6917 128 0.0 
6917 128 0.0236519183964 
6917 128 0.0236519183964 
6917 128 0.0236519183964 
6917 128 0.0236519183964 
6917 128 0.0 
6917 128 0.0 
6917 128 0.0 
6917 128 0.0 
6917 128 0.0 
6917 128 0.0 
6917 128 0.0 
6917 128 0.0 
6917 128 0.0 
6917 333 0.0 
6917 341 0.0 
6917 343 0.0 
6917 354 0.0 
6917 355 0.0 
6917 356 -0.0 
6918 311 0.0 
6919 128 0.0 
6919 128 0.0 
6919 334 0.0 
6919 338 0.0 
6920 218 0.0 
6920 307 0.0 
6921 299 0.0 
6922 155 0.0 
6923 113 0.0 
6923 113 0.0 
6923 298 0.0 
6924 111 0.00853020045906 
6925 83 0.0 
6926 164 0.0 
6926 164 0.0 
6926 217 0.0 
6926 217 0.0 
6926 350 0.0 
6926 350 0.0 
6926 350 0.0 
6926 350 0.0 
6926 350 0.0 
6926 350 0.0 
6926 350 0.0 
6926 350 0.0 
6926 350 0.0 
6926 350 0.0 
6926 350 0.0 
6926 350 0.0 
6926 350 0.0 
6926 350 0.0 
6926 350 0.0 
6926 350 0.0 
6926 350 0.0 
6926 350 0.0 
6927 113 0.0 
6927 113 0.0 
6927 113 0.0 
6927 113 0.0 
6927 113 0.0 
6928 48 0.0 
6928 113 0.0 
6929 110 0.00178352091461 
6930 350 0.0 
6931 6 0.000605212175287 
6931 6 0.000959238619544 
6931 31 0.00777039956301 
6931 31 0.00490257656202 
6931 37 0.00134502502624 
6931 37 0.00213181436993 
6931 39 0.0 
6931 39 0.0 
6931 46 0.0 
6931 46 0.0 
6931 49 0.0 
6931 49 0.0 
6931 50 0.0 
6931 50 0.0 
6931 62 0.0 
6931 62 0.0 
6931 65 0.00845444295555 
6931 65 0.0133999753743 
6931 68 0.0505075976253 
6931 68 0.0800526514649 
6931 69 0.00436278246343 
6931 69 0.00275260931812 
6931 71 1.04068446159 
6931 71 0.656598806381 
6931 76 0.0084722423926 
6931 76 0.0134281860664 
6931 78 0.656598806381 
6931 78 0.414267718792 
6932 128 0.0 
6932 128 0.0 
6932 128 0.0 
6932 128 0.0 
6932 128 0.0 
6932 310 0.0 
6932 334 0.0 
6932 337 0.0 
6932 337 0.0 
6932 338 0.0 
6932 350 0.0 
6933 267 0.0 
6934 335 0.0 
6934 335 0.0 
6934 335 0.0 
6934 335 0.0 
6934 335 0.0 
6934 335 0.0 
6934 335 0.0 
6934 335 0.0 
6934 335 0.0 
6934 335 0.0 
6934 335 0.000285210146103 
6934 335 0.0 
6934 335 0.0 
6934 335 0.0 
6934 335 0.0 
6934 337 0.0 
6935 18 0.0 
6935 93 0.011519276537 
6935 204 0.0 
6935 204 0.0 
6936 16 0.0 
6937 305 0.0 
6938 279 0.0 
6938 282 0.0 
6938 283 0.0 
6938 285 0.0 
6938 289 0.0 
6938 291 0.0 
6938 293 0.0 
6938 299 0.0 
6938 307 0.0 
6938 307 0.0 
6938 308 0.0 
6938 309 0.0 
6938 310 0.0 
6938 311 0.0 
6938 312 0.0 
6938 312 0.0 
6938 313 0.0 
6938 350 0.0 
6938 352 0.0 
6939 340 0.0 
6940 218 0.0 
6940 219 0.0 
6940 244 0.0 
6940 259 0.0 
6941 70 0.0 
6942 217 0.0 
6943 77 0.0 
6944 7 0.0 
6944 124 0.0 
6944 124 0.0 
6944 124 0.0 
6945 299 0.0 
6945 299 0.0 
6945 299 0.0 
6945 350 0.0 
6945 350 0.0 
6946 113 0.0 
6947 8 0.0 
6947 103 0.0 
6947 128 0.0 
6947 350 0.0 
6948 5 0.0 
6948 13 0.0 
6948 13 0.0 
6948 243 0.0 
6948 282 0.0 
6948 288 0.0 
6948 299 0.0 
6948 321 0.0 
6948 327 0.0 
6948 327 0.0 
6948 327 0.0 
6948 340 0.0 
6948 352 0.0 
6949 113 0.0 
6949 113 0.0 
6950 28 0.0 
6950 30 0.0 
6950 48 0.0 
6950 340 0.0 
6951 124 0.0 
6951 124 0.0 
6951 124 0.0 
6951 350 0.0 
6951 350 0.0 
6951 350 0.0 
6952 17 0.0 
6952 299 0.0 
6953 12 0.0 
6953 21 0.0 
6953 95 0.0 
6953 96 0.0 
6953 98 0.0 
6953 100 0.0 
6953 102 0.0 
6953 115 0.0 
6953 117 0.0 
6953 118 0.0 
6953 163 0.0 
6953 191 0.0 
6953 194 0.0 
6953 197 0.0 
6953 202 0.0 
6953 205 0.0 
6953 206 0.0 
6953 209 0.0 
6953 210 0.0 
6953 218 0.0 
6953 219 0.0 
6953 220 0.0 
6953 221 0.0 
6953 222 0.0 
6953 223 0.0 
6953 224 0.0 
6953 225 0.0 
6953 226 0.0 
6953 232 0.0 
6953 233 0.0 
6953 245 0.0 
6953 246 0.0 
6953 247 0.0 
6953 248 0.0 
6953 249 0.0 
6953 250 0.0 
6953 294 0.0 
6954 124 0.0 
6955 128 0.0 
6956 3 0.0 
6956 7 0.0 
6956 22 0.0 
6956 34 0.0 
6956 48 0.0 
6956 70 0.187599658966 
6956 71 0.656598806381 
6956 96 0.0037490290124 
6956 98 0.0 
6956 98 0.0 
6956 98 0.0211806055158 
6956 98 0.01336347498 
6956 98 0.01336347498 
6956 98 0.0 
6956 98 0.0 
6956 111 0.0 
6956 111 0.00538195716217 
6956 155 0.00488177547231 
6956 163 0.0 
6956 173 0.0 
6956 217 0.0 
6956 221 0.0 
6956 227 0.00140750012361 
6956 271 0.0 
6956 289 0.0 
6956 305 0.0 
6956 331 0.0 
6956 336 0.0 
6956 350 0.0 
6957 113 0.0 
6957 113 0.0 
6957 113 0.0 
6957 290 0.0 
6957 291 0.0 
6957 298 0.0 
6957 299 0.0 
6957 306 0.0 
6957 340 0.0 
6957 350 0.0 
6957 350 0.0 
6957 350 0.0 
6957 350 0.0 
6957 352 0.0 
6958 305 0.0 
6959 22 0.0 
6960 270 0.0 
6961 296 0.0 
6962 296 0.0 
6963 354 0.0 
6964 128 0.0 
6965 259 0.0 
6966 15 0.0 
6967 7 0.0 
6967 113 0.0 
6968 217 0.0 
6969 354 0.0 
6970 113 0.0 
6971 3 0.0 
6971 4 0.0 
6971 5 0.0 
6971 5 0.0 
6971 5 0.0 
6971 7 0.0 
6971 28 0.0 
6971 32 0.0 
6971 54 0.0 
6971 83 0.0 
6971 103 0.0 
6971 113 0.0 
6971 113 0.0 
6971 113 0.0 
6971 124 0.0 
6971 124 0.0 
6971 124 0.0 
6971 124 0.0 
6971 124 0.0 
6971 221 0.0 
6971 221 0.0 
6971 221 0.0 
6971 287 0.0 
6971 299 0.0 
6971 299 0.0 
6971 299 0.0 
6971 299 0.0 
6971 299 0.0 
6971 299 0.0 
6971 334 0.0 
6971 337 0.0 
6971 350 0.0 
6971 354 0.0 
6972 299 0.0 
6973 7 0.0 
6974 113 0.0 
6975 321 0.0 
6976 28 0.0 
6977 48 0.0 
6978 199 0.0 
6978 266 0.0 
6979 306 0.0 
6980 25 0.0 
6980 330 0.0 
6980 333 0.0 
6980 341 0.0 
6980 343 0.0 
6980 345 0.0 
6980 353 0.0 
6980 354 0.0 
6980 355 0.0 
6980 356 -0.0 
6981 124 0.0 
6982 13 0.0 
6982 25 0.0 
6982 137 0.0 
6982 305 0.0 
6982 330 0.0 
6982 333 0.0 
6982 341 0.0 
6982 343 0.0 
6982 345 0.0 
6982 353 0.0 
6982 354 0.0 
6982 355 0.0 
6982 356 -0.0 
6983 176 0.0 
6984 113 0.0 
6985 8 0.0 
6985 8 0.00825910456479 
6985 8 0.0 
6985 8 0.0 
6985 93 0.011519276537 
6985 93 0.011519276537 
6985 221 0.0 
6985 332 0.0 
6985 334 0.0 
6985 337 0.0 
6985 337 0.0 
6985 337 0.0 
6985 338 0.0 
6986 128 0.0 
6986 128 0.0 
6986 308 0.0 
6986 352 0.0 
6986 352 0.0 
6986 352 0.0 
6987 113 0.0 
6987 354 0.0 
6988 110 0.00178352091461 
6989 336 0.0 
6990 48 0.0 
6990 107 0.0 
6990 108 0.0 
6990 111 0.0 
6990 111 0.0 
6990 111 0.0 
6990 111 0.0 
6990 111 0.0 
6990 111 0.00853020045906 
6990 111 0.00853020045906 
6990 111 0.0 
6990 163 0.0 
6990 163 0.0 
6990 163 0.0 
6990 212 0.0 
6990 212 0.0 
6990 244 0.0 
6990 288 0.0 
6990 294 0.0 
6990 337 0.0 
6990 338 0.0 
6991 113 0.0 
6991 113 0.0 
6991 299 0.0 
6992 321 0.0 
6993 28 0.0 
6993 67 0.0 
6993 350 0.0 
6993 350 0.0 
6993 350 0.0 
6993 350 0.0 
6994 266 0.0 
6995 105 0.0 
6996 124 0.0 
6996 124 0.0 
6996 342 0.0 
6997 1 0.0193117279559 
6997 12 0.00717713404447 
6997 12 0.00452826777473 
6997 12 0.00452826777473 
6997 61 0.187599658966 
6997 91 0.0257489737123 
6997 94 0.00269005005248 
6997 94 0.0 
6997 103 0.0 
6997 113 0.0 
6997 128 0.0 
6997 128 0.0 
6997 128 0.0 
6997 128 0.0 
6997 128 0.0 
6997 128 0.0 
6997 128 0.0 
6997 128 0.0 
6997 128 0.0 
6997 128 0.0 
6997 128 0.0 
6997 128 0.0 
6997 128 0.0 
6997 128 0.0 
6997 128 0.0 
6997 128 0.0 
6997 209 0.0060796183534 
6997 209 0.00383581197821 
6997 209 0.00383581197821 
6997 210 0.00746010337025 
6997 210 0.00470680138096 
6997 210 0.00470680138096 
6997 218 0.00422250013798 
6997 218 0.00266410107724 
6997 218 0.00266410107724 
6997 219 0.0118306083605 
6997 219 0.00746428314596 
6997 219 0.00746428314596 
6997 244 0.0 
6997 270 0.0 
6997 270 0.00381813570857 
6997 275 0.0 
6997 281 0.0 
6997 283 0.0 
6997 284 0.0015933373943 
6997 284 0.0 
6997 284 0.0 
6997 288 0.00118871650193 
6997 288 0.0 
6997 288 0.0 
6997 288 0.0 
6997 288 0.0 
6997 289 0.0 
6997 291 0.0 
6997 291 0.0 
6997 291 0.0023740271572 
6997 298 0.0 
6997 298 0.0 
6997 298 0.0 
6997 298 0.0 
6997 298 0.000213815597817 
6997 302 0.0 
6997 308 0.0 
6997 308 0.0 
6997 308 0.0 
6997 308 0.00175166048575 
6997 308 0.00175166048575 
6997 308 0.0 
6997 308 0.0 
6997 311 0.0 
6997 312 0.00175909860991 
6997 312 0.0 
6997 312 0.0 
6997 312 0.00175909860991 
6997 313 0.0 
6997 313 0.0 
6997 313 0.0 
6997 335 0.0 
6997 338 0.0 
6997 340 0.0 
6997 352 0.0 
6998 113 0.0 
6999 113 0.0 
7000 299 0.0 
7001 2 0.0 
7001 5 0.0 
7001 28 0.0 
7001 124 0.0 
7001 124 0.0 
7001 124 0.0 
7001 124 0.0160146057606 
7001 124 0.0 
7001 289 0.0 
7001 306 0.0 
7001 306 0.0 
7001 332 0.0 
7001 350 0.0 
7002 1 0.0193117279559 
7002 61 0.187599658966 
7002 321 0.0 
7002 321 0.0 
7002 321 0.0 
7002 321 0.0 
7002 321 0.0 
7002 321 0.0 
7002 321 0.0 
7002 322 0.0 
7002 322 0.0 
7003 4 0.0 
7003 5 0.0 
7003 7 0.0 
7003 27 0.0 
7003 73 0.276178479195 
7003 128 0.0 
7003 128 0.0 
7003 265 0.0 
7003 270 0.0 
7003 270 0.0 
7003 288 0.0 
7003 288 0.0 
7003 290 0.0 
7003 290 0.0 
7003 290 0.0 
7003 290 0.0 
7003 292 0.0 
7003 298 0.0 
7003 350 0.0 
7004 8 0.0 
7004 124 0.0 
7004 299 0.0 
7004 299 0.0 
7004 299 0.0 
7004 299 0.0 
7004 299 0.0 
7004 299 0.0 
7004 299 0.0 
7005 128 0.0 
7005 173 0.0 
7006 28 0.0 
7006 28 0.0 
7006 124 0.0 
7006 166 0.0 
7006 173 0.0 
7006 173 0.0 
7006 173 0.0 
7006 228 0.0 
7006 260 0.0 
7006 269 0.0 
7006 281 0.0 
7006 287 0.0 
7006 310 0.0 
7006 312 0.0 
7006 331 0.0 
7006 340 0.0 
7006 342 0.0 
7006 352 0.0 
7007 54 0.0 
7007 54 0.0 
7007 222 0.0 
7007 222 0.0 
7007 222 0.0 
7007 271 0.0 
7008 228 0.0 
7009 3 0.0 
7009 7 0.0 
7009 7 0.0 
7009 32 0.0 
7009 83 0.0 
7009 109 0.0 
7010 113 0.0 
7010 113 0.0 
7011 3 0.0 
7011 3 0.0 
7011 3 0.0 
7011 3 0.0 
7011 3 0.0 
7011 4 0.0 
7011 4 0.0 
7011 5 0.0 
7011 7 0.0 
7011 7 0.0 
7011 7 0.0 
7011 7 0.0 
7011 28 0.0 
7011 28 0.0 
7011 41 0.0 
7011 41 0.103566929698 
7011 83 0.0 
7011 107 0.0 
7011 107 0.0 
7011 113 0.0 
7011 113 0.0 
7011 113 0.0 
7011 113 0.0 
7011 113 0.0 
7011 113 0.0 
7011 113 0.0 
7011 128 0.0 
7011 128 0.0 
7011 128 0.0 
7011 128 0.0 
7011 128 0.0 
7011 128 0.0 
7011 128 0.0 
7011 128 0.0 
7011 128 0.0 
7011 128 0.0 
7011 160 0.0 
7011 173 0.0 
7011 228 0.0 
7011 243 0.0 
7011 243 0.0 
7011 243 0.0 
7011 260 0.0 
7011 260 0.0 
7011 260 0.0 
7011 269 0.0 
7011 269 0.0 
7011 269 0.0 
7011 279 0.0 
7011 281 0.0 
7011 282 0.0 
7011 282 0.0 
7011 282 0.0 
7011 284 0.0 
7011 284 0.0 
7011 287 0.0 
7011 288 0.0 
7011 288 0.0 
7011 298 0.0 
7011 299 0.0 
7011 299 0.0 
7011 299 0.0 
7011 299 0.0 
7011 299 0.0 
7011 299 0.0 
7011 305 0.0 
7011 305 0.0 
7011 305 0.0 
7011 305 0.0 
7011 306 0.0 
7011 307 0.0 
7011 308 0.0 
7011 332 0.0 
7011 334 0.0 
7011 335 0.0 
7011 340 0.0 
7011 340 0.0 
7011 340 0.0 
7011 340 0.0 
7011 350 0.0 
7011 350 0.0 
7011 350 0.0 
7011 351 0.0 
7011 352 0.0 
7011 354 0.0 
7011 355 0.0 
7011 355 0.0 
7011 355 0.0 
7012 160 0.0 
7013 58 0.0 
7014 58 0.0 
7015 113 0.0 
7015 305 0.0 
7015 305 0.0 
7016 321 0.0 
7017 299 0.0 
7018 8 0.0 
7018 334 0.0 
7018 337 0.0 
7019 111 0.00853020045906 
7020 254 0.0 
7021 254 0.0 
7021 254 0.0 
7022 11 0.0 
7022 103 0.0 
7022 222 0.0 
7022 290 0.0 
7023 19 0.00269005005248 
7023 19 0.0 
7023 19 0.0 
7024 3 0.0 
7024 3 0.0 
7024 28 0.0 
7024 28 0.0 
7024 28 0.0 
7024 34 0.0 
7024 34 0.0 
7024 34 0.0 
7024 113 0.0 
7024 113 0.0 
7024 124 0.0 
7024 124 0.0 
7024 128 0.0 
7024 128 0.0 
7024 128 0.0 
7024 128 0.0 
7024 128 0.0 
7024 128 0.0 
7024 128 0.0 
7024 128 0.0 
7024 128 0.0 
7024 128 0.0 
7024 128 0.0 
7024 128 0.0 
7024 128 0.0 
7024 128 0.0 
7024 128 0.0 
7024 128 0.0 
7024 128 0.0 
7024 128 0.0 
7024 128 0.0 
7024 128 0.0 
7024 128 0.0 
7024 128 0.0 
7024 128 0.0 
7024 128 0.0 
7024 128 0.0 
7024 128 0.0 
7024 128 0.0 
7024 128 0.0 
7024 128 0.0 
7024 128 0.0 
7024 128 0.0 
7024 128 0.0 
7024 128 0.0 
7024 128 0.0 
7024 128 0.0 
7024 128 0.0 
7024 128 0.0 
7024 128 0.0 
7024 128 0.0 
7024 128 0.0 
7024 128 0.0 
7024 128 0.0 
7024 128 0.0 
7024 128 0.0 
7024 128 0.0 
7024 128 0.0 
7024 128 0.0 
7024 128 0.0 
7024 128 0.0 
7024 128 0.0 
7024 128 0.0 
7024 128 0.0 
7024 128 0.0 
7024 128 0.0 
7024 128 0.0 
7024 128 0.0 
7024 128 0.0 
7024 128 0.0 
7024 128 0.0 
7024 128 0.0 
7024 128 0.0 
7024 128 0.0 
7024 128 0.0 
7024 128 0.0 
7024 128 0.0 
7024 128 0.0 
7024 128 0.0 
7024 128 0.0 
7024 128 0.0 
7024 128 0.0 
7024 128 0.0 
7024 128 0.0 
7024 128 0.0 
7024 128 0.0 
7024 128 0.0 
7024 128 0.0 
7024 128 0.0 
7024 128 0.0 
7024 128 0.0 
7024 128 0.0 
7024 128 0.0 
7024 128 0.0 
7024 128 0.0 
7024 128 0.0 
7024 128 0.0 
7024 128 0.0 
7024 128 0.0236519183964 
7024 128 0.0 
7024 128 0.0 
7024 128 0.0 
7024 128 0.0 
7024 128 0.0 
7024 128 0.0 
7024 128 0.0 
7024 128 0.0 
7024 128 0.0 
7024 128 0.0 
7024 128 0.0 
7024 128 0.0 
7024 128 0.0 
7024 128 0.0 
7024 128 0.0 
7024 128 0.0 
7024 128 0.0 
7024 212 0.0 
7024 218 0.0 
7024 218 0.0 
7024 218 0.0 
7024 218 0.0 
7024 218 0.0 
7024 218 0.0 
7024 228 0.0 
7024 228 0.0 
7024 228 0.0 
7024 228 0.0 
7024 228 0.0 
7024 228 0.0 
7024 231 0.0 
7024 231 0.0 
7024 244 0.0 
7024 259 0.0 
7024 259 0.0 
7024 282 0.0 
7024 289 0.0 
7024 298 0.0 
7024 299 0.0 
7024 299 0.0 
7024 306 0.0 
7024 306 0.0 
7024 307 0.0 
7024 307 0.0 
7024 307 0.0 
7024 307 0.0 
7024 308 0.0 
7024 308 0.0 
7024 308 0.0 
7024 309 0.0 
7024 310 0.0 
7024 310 0.0 
7024 310 0.0 
7024 310 0.0 
7024 310 0.0 
7024 310 0.00135160749778 
7024 310 0.0 
7024 310 0.0 
7024 310 0.0 
7024 310 0.0 
7024 310 0.0 
7024 310 0.0 
7024 311 0.0 
7024 311 0.0 
7024 311 0.0 
7024 313 0.0 
7024 313 0.0 
7024 313 0.0 
7024 313 0.0 
7024 313 0.0 
7024 313 0.0 
7024 313 0.0 
7024 313 0.0 
7024 313 0.0 
7024 313 0.0 
7024 334 0.0 
7024 340 0.0 
7024 340 0.0 
7024 352 0.0 
7025 164 0.0 
7025 335 0.0 
7026 266 0.0 
7027 75 0.0 
7027 75 0.0 
7027 254 0.0 
7027 254 0.0 
7027 259 0.0 
7027 291 0.0 
7027 292 0.0 
7027 331 0.0 
7027 340 0.0 
7028 113 0.0 
7028 113 0.0 
7028 121 0.0 
7029 67 0.0 
7030 112 0.0 
7030 112 0.0 
7031 299 0.0 
7032 124 0.0 
7033 38 0.0 
7033 38 0.0 
7034 185 0.0 
7034 185 0.0 
7034 185 0.0 
7035 7 0.0 
7035 113 0.0 
7035 113 0.0 
7035 354 0.0 
7036 340 0.0 
7037 107 0.00484039308503 
7037 108 0.00367733021267 
7037 117 0.00662828376517 
7037 117 0.00662828376517 
7037 117 0.0 
7037 128 0.0 
7037 128 0.0 
7037 128 0.0 
7037 128 0.0 
7037 128 0.0 
7037 128 0.0 
7037 128 0.0 
7037 128 0.0 
7037 128 0.0 
7037 228 0.0 
7037 335 0.000285210146103 
7037 335 0.0 
7037 335 0.0 
7037 335 0.0 
7037 335 0.0 
7037 335 0.0 
7037 335 0.0 
7037 335 0.0 
7037 335 0.0 
7037 335 0.0 
7037 338 0.0 
7038 128 0.0 
7038 254 0.0 
7039 13 0.0 
7039 294 0.0 
7039 353 0.000691156659741 
7039 353 0.0 
7040 307 0.0 
7041 67 0.0 
7042 291 0.0 
7043 283 0.0 
7043 285 0.0 
7043 291 0.0 
7044 3 0.0 
7044 7 0.0 
7044 285 0.0 
7044 289 0.0 
7044 340 0.0 
7045 350 0.0 
7046 281 0.0 
7046 281 0.0 
7047 25 0.0 
7047 25 0.0 
7047 25 0.0 
7047 113 0.0 
7047 330 0.0 
7047 330 0.0 
7047 330 0.0 
7047 333 0.0 
7047 333 0.0 
7047 333 0.0 
7047 341 0.0 
7047 341 0.0 
7047 341 0.0 
7047 343 0.0 
7047 343 0.0 
7047 343 0.0 
7047 345 0.0 
7047 345 0.0 
7047 345 0.0 
7047 353 0.0 
7047 353 0.0 
7047 353 0.0 
7047 354 0.0 
7047 354 0.0 
7047 354 0.0 
7047 355 0.0 
7047 355 0.0 
7047 355 0.0 
7047 355 0.0 
7047 356 -0.0 
7047 356 -0.0 
7047 356 -0.0 
7048 113 0.0 
7048 113 0.0 
7048 113 0.0 
7048 113 0.0 
7048 113 0.0 
7048 113 0.0 
7048 113 0.0 
7048 335 0.0 
7048 338 0.0 
7048 338 0.0 
7049 7 0.0 
7049 54 0.0 
7049 54 0.0 
7049 113 0.0 
7049 113 0.0 
7049 113 0.0 
7049 113 0.0 
7049 113 0.0 
7049 113 0.0 
7049 124 0.0 
7049 217 0.0 
7049 217 0.0 
7049 228 0.0 
7049 228 0.0 
7049 299 0.0 
7049 299 0.0 
7049 299 0.0 
7049 299 0.0 
7049 299 0.0 
7049 306 0.0 
7049 350 0.0 
7049 350 0.0 
7049 350 0.0 
7050 139 0.0 
7051 1 0.0 
7051 1 0.0 
7051 1 0.0 
7051 1 0.0 
7051 1 0.0 
7051 1 0.0 
7051 1 0.0 
7051 1 0.0 
7051 1 0.0 
7051 1 0.0 
7051 1 0.0 
7051 1 0.0 
7051 1 0.0 
7051 1 0.0 
7051 1 0.0 
7051 1 0.0 
7051 1 0.0 
7051 1 0.0 
7051 1 0.0 
7051 1 0.0 
7051 1 0.0 
7051 1 0.0 
7051 1 0.0 
7051 1 0.0 
7051 1 0.0193117279559 
7051 1 0.0 
7051 1 0.0 
7051 1 0.0 
7051 1 0.0 
7051 1 0.0 
7051 1 0.0 
7051 1 0.0 
7051 1 0.0 
7051 1 0.0 
7051 1 0.0 
7051 1 0.0 
7051 1 0.0 
7051 1 0.0 
7051 1 0.0 
7051 1 0.0 
7051 1 0.0 
7051 1 0.0 
7051 1 0.0 
7051 1 0.0 
7051 1 0.0 
7051 8 0.0 
7051 8 0.00825910456479 
7051 8 0.00825910456479 
7051 9 0.0 
7051 9 0.0 
7051 9 0.0 
7051 9 0.0 
7051 9 0.0 
7051 9 0.0 
7051 9 0.0 
7051 9 0.0 
7051 9 0.0 
7051 9 0.0 
7051 9 0.0 
7051 9 0.0 
7051 9 0.0 
7051 9 0.0 
7051 9 0.00448190327734 
7051 9 0.0 
7051 9 0.0 
7051 10 0.0 
7051 10 0.0 
7051 10 0.0 
7051 10 0.0 
7051 10 0.0 
7051 10 0.0 
7051 10 0.0 
7051 10 0.0 
7051 10 0.0 
7051 10 0.0 
7051 10 0.0 
7051 10 0.0 
7051 10 0.0 
7051 10 0.0 
7051 10 0.0 
7051 10 0.0 
7051 10 0.0 
7051 10 0.00220335158519 
7051 10 0.0 
7051 10 0.00220335158519 
7051 10 0.0 
7051 10 0.0 
7051 10 0.0 
7051 10 0.0 
7051 10 0.0 
7051 10 0.0 
7051 10 0.0 
7051 10 0.0 
7051 10 0.0 
7051 10 0.0 
7051 10 0.0 
7051 11 0.0 
7051 11 0.0 
7051 11 0.0 
7051 16 0.0 
7051 16 0.0 
7051 16 0.0 
7051 16 0.0 
7051 16 0.0 
7051 17 0.0 
7051 17 0.0 
7051 17 0.0 
7051 17 0.0 
7051 17 0.0 
7051 19 0.0 
7051 19 0.0 
7051 19 0.0 
7051 19 0.0 
7051 19 0.0 
7051 19 0.0 
7051 19 0.0 
7051 20 0.0 
7051 20 0.0 
7051 20 0.0 
7051 20 0.0 
7051 20 0.0 
7051 20 0.0 
7051 20 0.0 
7051 20 0.0 
7051 20 0.0 
7051 20 0.0 
7051 20 0.0 
7051 20 0.0 
7051 20 0.0 
7051 20 0.0 
7051 20 0.0 
7051 20 0.0 
7051 20 0.0 
7051 20 0.0 
7051 20 0.0 
7051 20 0.0 
7051 20 0.0 
7051 20 0.0 
7051 20 0.0 
7051 20 0.0 
7051 20 0.0 
7051 20 0.0 
7051 20 0.0 
7051 20 0.0 
7051 20 0.0 
7051 20 0.0 
7051 21 0.0 
7051 21 0.0 
7051 21 0.0 
7051 21 0.0 
7051 21 0.0 
7051 21 0.0 
7051 21 0.0 
7051 21 0.0 
7051 21 0.0 
7051 21 0.0 
7051 22 0.0 
7051 25 0.0 
7051 27 0.0 
7051 30 0.0 
7051 35 0.0 
7051 35 0.0 
7051 38 0.0 
7051 38 0.0 
7051 38 0.0 
7051 38 0.0 
7051 38 0.0 
7051 38 0.0 
7051 38 0.0 
7051 38 0.0 
7051 38 0.0 
7051 38 0.0 
7051 38 0.0 
7051 38 0.0 
7051 38 0.0 
7051 38 0.0 
7051 38 0.0 
7051 38 0.0 
7051 38 0.0 
7051 38 0.0 
7051 38 0.0 
7051 38 0.0 
7051 38 0.0 
7051 38 0.0 
7051 38 0.0 
7051 38 0.0 
7051 38 0.0 
7051 38 0.0 
7051 38 0.0 
7051 38 0.0 
7051 38 0.0 
7051 38 0.0 
7051 38 0.0 
7051 38 0.0 
7051 38 0.0 
7051 38 0.0 
7051 38 0.0 
7051 38 0.0 
7051 38 0.0 
7051 38 0.0 
7051 38 0.0 
7051 40 0.0123661998659 
7051 44 0.0 
7051 61 0.0 
7051 61 0.0 
7051 61 0.0 
7051 61 0.0 
7051 61 0.0 
7051 61 0.0 
7051 61 0.0 
7051 61 0.0 
7051 61 0.0 
7051 61 0.0 
7051 61 0.0 
7051 61 0.0 
7051 61 0.0 
7051 61 0.0 
7051 61 0.0 
7051 61 0.0 
7051 61 0.0 
7051 61 0.0 
7051 61 0.0 
7051 61 0.0 
7051 61 0.0 
7051 61 0.0 
7051 61 0.0 
7051 61 0.0 
7051 61 0.0 
7051 61 0.0 
7051 61 0.0 
7051 61 0.0 
7051 61 0.0 
7051 61 0.0 
7051 61 0.0 
7051 61 0.0 
7051 61 0.0 
7051 61 0.0 
7051 61 0.0 
7051 61 0.0 
7051 61 0.0 
7051 61 0.0 
7051 61 0.0 
7051 61 0.0 
7051 61 0.0 
7051 61 0.0 
7051 61 0.0 
7051 61 0.187599658966 
7051 61 0.0 
7051 70 0.0 
7051 70 0.0 
7051 80 0.0 
7051 80 0.0 
7051 80 0.0 
7051 80 0.0 
7051 80 0.656598806381 
7051 80 0.0 
7051 80 0.0 
7051 80 0.0 
7051 80 0.0 
7051 80 0.0 
7051 80 0.0 
7051 80 0.0 
7051 80 0.0 
7051 80 0.0 
7051 80 0.0 
7051 80 0.0 
7051 80 0.0 
7051 82 0.0 
7051 85 0.0 
7051 85 0.0 
7051 85 0.0 
7051 85 0.0 
7051 85 0.0 
7051 85 0.0 
7051 85 0.0 
7051 85 0.0 
7051 85 0.0 
7051 85 0.0 
7051 85 0.0 
7051 85 0.0 
7051 85 0.0 
7051 85 0.0 
7051 85 0.0 
7051 85 0.0 
7051 85 0.0 
7051 85 0.0 
7051 85 0.0 
7051 85 0.0 
7051 85 0.0051097185351 
7051 85 0.0051097185351 
7051 85 0.0 
7051 85 0.0 
7051 85 0.0 
7051 85 0.0 
7051 85 0.0 
7051 85 0.0 
7051 85 0.0 
7051 85 0.0 
7051 85 0.0 
7051 86 0.0 
7051 86 0.0 
7051 86 0.0 
7051 86 0.0 
7051 86 0.0 
7051 86 0.0 
7051 86 0.0 
7051 86 0.0 
7051 86 0.0 
7051 86 0.0 
7051 86 0.0 
7051 86 0.0 
7051 86 0.0625332221389 
7051 86 0.0 
7051 86 0.0 
7051 86 0.0 
7051 86 0.0625332221389 
7051 86 0.0 
7051 86 0.0 
7051 86 0.0 
7051 86 0.0 
7051 86 0.0 
7051 86 0.0 
7051 86 0.0 
7051 86 0.0 
7051 86 0.0 
7051 86 0.0 
7051 86 0.0 
7051 86 0.0 
7051 86 0.0 
7051 86 0.0 
7051 86 0.0 
7051 86 0.0 
7051 91 0.0 
7051 91 0.0 
7051 91 0.0 
7051 91 0.0 
7051 91 0.0 
7051 91 0.0 
7051 91 0.0 
7051 91 0.0 
7051 91 0.0 
7051 91 0.0 
7051 91 0.0 
7051 91 0.0 
7051 91 0.0 
7051 91 0.0 
7051 91 0.0 
7051 91 0.0 
7051 91 0.0 
7051 91 0.0 
7051 91 0.0 
7051 91 0.0 
7051 91 0.0 
7051 91 0.0 
7051 91 0.0 
7051 91 0.0 
7051 91 0.0 
7051 91 0.0 
7051 91 0.0 
7051 91 0.0 
7051 91 0.0 
7051 91 0.0 
7051 93 0.011519276537 
7051 93 0.0 
7051 93 0.0 
7051 93 0.0 
7051 93 0.0 
7051 93 0.0 
7051 93 0.0 
7051 93 0.0 
7051 93 0.0 
7051 93 0.0 
7051 93 0.0 
7051 93 0.0 
7051 93 0.0 
7051 93 0.0 
7051 93 0.0 
7051 93 0.0 
7051 93 0.0 
7051 93 0.0 
7051 93 0.0 
7051 93 0.0 
7051 93 0.0 
7051 93 0.0 
7051 93 0.0 
7051 93 0.0 
7051 93 0.0 
7051 93 0.0 
7051 93 0.0 
7051 93 0.0 
7051 93 0.0 
7051 93 0.0 
7051 95 0.0 
7051 95 0.0 
7051 95 0.0 
7051 95 0.0 
7051 95 0.0 
7051 95 0.0 
7051 95 0.0 
7051 95 0.0 
7051 95 0.0 
7051 95 0.0 
7051 105 0.0 
7051 105 0.0 
7051 105 0.0 
7051 109 0.0 
7051 109 0.0 
7051 111 0.0 
7051 111 0.0 
7051 111 0.0 
7051 111 0.00853020045906 
7051 111 0.00853020045906 
7051 113 0.0301647670567 
7051 113 0.0 
7051 113 0.0 
7051 113 0.0 
7051 113 0.0 
7051 113 0.0 
7051 113 0.0 
7051 113 0.0 
7051 113 0.0 
7051 113 0.0 
7051 113 0.0 
7051 113 0.0 
7051 113 0.0 
7051 113 0.0 
7051 113 0.0 
7051 113 0.0 
7051 113 0.0 
7051 113 0.0 
7051 113 0.0 
7051 113 0.0301647670567 
7051 113 0.0 
7051 113 0.0301647670567 
7051 113 0.0301647670567 
7051 113 0.0301647670567 
7051 132 0.0 
7051 132 0.0 
7051 132 0.0 
7051 132 0.0 
7051 132 0.0 
7051 135 0.0 
7051 135 0.0 
7051 135 0.0 
7051 135 0.0 
7051 135 0.0 
7051 138 0.0 
7051 138 0.0 
7051 138 0.0 
7051 138 0.0 
7051 138 0.0 
7051 142 0.0 
7051 142 0.0 
7051 142 0.0 
7051 142 0.0 
7051 142 0.0 
7051 143 0.0 
7051 143 0.0 
7051 143 0.0 
7051 143 0.0 
7051 143 0.0 
7051 144 0.0 
7051 144 0.0 
7051 144 0.0 
7051 144 0.0 
7051 144 0.0 
7051 146 0.0 
7051 146 0.0 
7051 146 0.0 
7051 146 0.0 
7051 146 0.0 
7051 151 0.0 
7051 151 0.0 
7051 151 0.0 
7051 151 0.0 
7051 151 0.0 
7051 156 0.0 
7051 156 0.0 
7051 156 0.0 
7051 156 0.0 
7051 156 0.0 
7051 156 0.0 
7051 156 0.0 
7051 156 0.0 
7051 167 0.0 
7051 167 0.0 
7051 167 0.0 
7051 167 0.0 
7051 167 0.0 
7051 167 0.0 
7051 167 0.0 
7051 167 0.0 
7051 167 0.0 
7051 167 0.0 
7051 167 0.0 
7051 167 0.0 
7051 167 0.0 
7051 167 0.0 
7051 167 0.0 
7051 167 0.0 
7051 167 0.0 
7051 167 0.0 
7051 167 0.0 
7051 167 0.0 
7051 167 0.0 
7051 167 0.0 
7051 167 0.0 
7051 167 0.0 
7051 167 0.0 
7051 185 0.0 
7051 192 0.0 
7051 192 0.0 
7051 192 0.0 
7051 192 0.0 
7051 192 0.0 
7051 196 0.0 
7051 196 0.0 
7051 196 0.0 
7051 196 0.0 
7051 196 0.0 
7051 199 0.0 
7051 199 0.0 
7051 199 0.0 
7051 207 0.0 
7051 207 0.0 
7051 207 0.0 
7051 207 0.0 
7051 207 0.0 
7051 208 0.0 
7051 208 0.0 
7051 208 0.0 
7051 208 0.0 
7051 208 0.0 
7051 208 0.0 
7051 208 0.0 
7051 208 0.0 
7051 208 0.0 
7051 208 0.0 
7051 208 0.0 
7051 208 0.0 
7051 208 0.0 
7051 208 0.0 
7051 208 0.0 
7051 208 0.0 
7051 208 0.0 
7051 208 0.0 
7051 208 0.0 
7051 208 0.0 
7051 208 0.0 
7051 208 0.0 
7051 208 0.0 
7051 208 0.0 
7051 208 0.0 
7051 208 0.0 
7051 208 0.0 
7051 208 0.0 
7051 208 0.0 
7051 208 0.0 
7051 212 0.0 
7051 212 0.0 
7051 212 0.0 
7051 212 0.0 
7051 212 0.0 
7051 220 0.0 
7051 234 0.0 
7051 237 0.0 
7051 238 0.0 
7051 240 0.0 
7051 241 0.0 
7051 242 0.0 
7051 255 0.0 
7051 255 0.0 
7051 255 0.0 
7051 255 0.0 
7051 268 0.0 
7051 275 0.0 
7051 275 0.0 
7051 275 0.0 
7051 275 0.0 
7051 294 0.00640584202483 
7051 309 0.0 
7051 330 0.0 
7051 330 0.0 
7051 333 0.0 
7051 336 0.0 
7051 336 0.0 
7051 336 0.0 
7051 336 0.0 
7051 336 0.0 
7051 336 0.0 
7051 336 0.0 
7051 336 0.0 
7051 336 0.0 
7051 336 0.0 
7051 336 0.0 
7051 336 0.0 
7051 336 0.0 
7051 336 0.0 
7051 336 0.0 
7051 336 0.0 
7051 336 0.0 
7051 336 0.0 
7051 336 0.0 
7051 336 0.0 
7051 336 0.0 
7051 336 0.0 
7051 336 0.0 
7051 336 0.0 
7051 336 0.0 
7051 336 0.0 
7051 336 0.0 
7051 336 0.0 
7051 336 0.0 
7051 336 0.0 
7051 336 0.0 
7051 336 0.0 
7051 336 0.0 
7051 336 0.0 
7051 336 0.0 
7051 336 0.0 
7051 336 0.0 
7051 338 0.0016704343725 
7051 338 0.0 
7051 340 0.0 
7051 340 0.0 
7051 341 0.0 
7051 343 0.0 
7051 345 0.0 
7051 353 0.0 
7051 353 0.0 
7051 354 0.0 
7051 355 0.0 
7051 356 -0.0 
7052 113 0.0 
7053 199 0.0 
7054 336 0.0 
7055 299 0.0 
7055 331 0.0 
7056 243 0.0 
7057 113 0.0 
7057 113 0.0 
7057 113 0.0 
7057 113 0.0 
7058 128 0.0 
7058 337 0.0 
7059 354 0.0 
7059 354 0.0 
7060 199 0.0 
7061 111 0.00853020045906 
7062 284 0.0 
7063 293 0.0 
7063 293 0.0 
7064 128 0.0 
7064 128 0.0 
7064 128 0.0 
7064 128 0.0 
7064 128 0.0 
7065 113 0.0 
7065 113 0.0 
7065 228 0.0 
7066 350 0.0 
7067 350 0.0 
7068 113 0.0 
7069 306 0.0 
7070 28 0.0 
7070 340 0.0 
7070 340 0.0 
7070 354 0.0 
7071 44 0.0 
7071 336 0.0 
7072 70 0.0 
7072 124 0.0 
7073 205 0.00920594949275 
7074 321 0.0 
7075 113 0.0 
7075 113 0.0 
7075 113 0.0 
7075 113 0.0 
7075 340 0.0 
7075 350 0.0 
7076 350 0.0 
7077 1 0.0 
7077 13 0.0 
7077 34 0.0 
7077 34 0.0 
7077 61 0.0 
7077 111 0.0 
7077 113 0.0 
7077 113 0.0 
7077 189 0.0 
7077 263 0.0 
7077 336 0.0 
7077 336 0.0 
7077 336 0.0 
7077 350 0.0 
7077 350 0.0 
7078 350 0.0 
7079 11 0.0 
7080 25 0.0 
7080 281 0.0 
7080 281 0.0 
7080 281 0.0 
7080 281 0.0 
7080 281 0.0 
7080 281 0.0 
7080 281 0.0 
7080 281 0.0 
7080 281 0.0 
7080 281 0.0 
7080 281 0.0 
7080 281 0.0 
7080 281 0.0 
7080 281 0.0 
7080 281 0.0 
7080 281 0.0 
7080 281 0.0 
7080 281 0.0 
7080 281 0.0 
7080 281 0.0 
7080 281 0.0 
7080 281 0.0 
7080 281 0.0 
7080 281 0.0 
7080 281 0.0 
7080 281 0.0 
7080 281 0.00131305132527 
7080 281 0.0 
7080 281 0.0 
7080 281 0.0 
7080 281 0.0 
7080 287 0.0 
7080 287 0.0 
7080 287 0.0 
7080 287 0.0 
7080 287 0.0 
7080 287 0.0 
7080 287 0.0 
7080 287 0.0 
7080 287 0.0 
7080 287 0.0 
7080 287 0.0 
7080 330 0.0 
7080 333 0.0 
7080 341 0.0 
7080 343 0.0 
7080 345 0.0 
7080 353 0.0 
7080 354 0.0 
7080 355 0.0 
7080 356 -0.0 
7081 124 0.0 
7082 128 0.0 
7083 25 0.0 
7083 27 0.000644989020657 
7083 128 0.0 
7083 128 0.0 
7083 228 0.0 
7083 299 0.0 
7083 330 0.0 
7083 333 0.0 
7083 338 0.0 
7083 341 0.0 
7083 343 0.0 
7083 345 0.0 
7083 353 0.0 
7083 354 0.0 
7083 355 0.0 
7083 356 -0.0 
7084 48 0.0 
7084 336 0.0 
7085 338 0.0 
7085 338 0.0 
7086 113 0.0 
7087 353 0.000691156659741 
7087 353 0.0 
7087 353 0.0 
7088 2 0.0 
7088 2 0.0 
7088 9 0.0 
7088 80 0.0 
7089 350 0.0 
7090 306 0.0 
7091 7 0.0 
7092 113 0.0 
7092 192 0.0 
7093 111 0.0 
7094 113 0.0 
7094 113 0.0 
7095 334 0.0 
7096 199 0.0 
7097 305 0.0 
7097 308 0.0 
7097 340 0.0 
7097 340 0.0 
7097 340 0.0 
7097 340 0.0 
7097 340 0.0 
7098 199 0.0 
7099 7 0.0 
7100 112 0.0 
7100 121 0.0 
7100 121 0.0 
7100 121 0.0 
7100 166 0.0 
7100 204 0.0 
7100 228 0.0 
7100 336 0.0 
7100 336 0.0 
7100 336 0.0 
7100 336 0.0 
7100 336 0.0 
7100 336 0.0 
7101 10 0.0 
7101 20 0.0 
7101 30 0.0 
7101 84 0.0 
7101 85 0.0 
7101 91 0.0 
7101 93 0.0 
7101 103 0.0 
7101 103 0.0 
7101 113 0.0 
7101 173 0.0110352737829 
7101 190 0.0 
7101 199 0.0 
7101 208 0.0 
7101 228 0.0 
7101 228 0.0 
7101 231 0.0 
7101 231 0.0 
7101 243 0.0 
7101 279 0.0 
7101 279 0.0 
7101 279 0.0 
7101 279 0.0 
7101 288 0.0 
7101 292 0.0 
7101 299 0.0 
7101 299 0.0 
7101 299 0.0 
7101 299 0.0 
7101 305 0.0 
7101 307 0.0 
7101 309 0.0 
7101 310 0.0 
7101 311 0.0 
7101 312 0.0 
7101 332 0.0 
7101 339 0.0 
7101 339 0.0 
7101 350 0.0 
7101 350 0.0 
7101 350 0.0 
7101 350 0.0 
7101 350 0.0 
7101 350 0.0 
7101 354 0.0 
7101 354 0.0 
7101 354 0.0 
7102 188 0.0 
7103 16 0.0 
7103 16 0.0 
7104 113 0.0 
7104 113 0.0 
7105 285 0.0 
7106 111 0.00853020045906 
7106 113 0.0 
7106 128 0.0 
7106 128 0.0 
7106 128 0.0 
7106 128 0.0 
7106 128 0.0 
7106 128 0.0236519183964 
7106 128 0.0236519183964 
7106 128 0.0236519183964 
7106 128 0.0236519183964 
7106 128 0.0 
7106 128 0.0 
7106 163 0.0 
7106 227 0.00140750012361 
7106 281 0.0 
7106 287 0.0 
7106 312 0.0 
7106 329 0.0 
7107 350 0.0 
7108 1 0.0193117279559 
7108 61 0.187599658966 
7108 299 0.0 
7108 336 0.0 
7108 336 0.0 
7108 336 0.0 
7108 336 0.0 
7108 336 0.0 
7108 336 0.0 
7108 336 0.0 
7109 16 0.0 
7110 124 0.0 
7111 113 0.0 
7112 3 0.0 
7112 28 0.0 
7112 355 0.0 
7113 124 0.0 
7113 124 0.0 
7114 7 0.0 
7114 205 0.00920594949275 
7115 5 0.0 
7115 113 0.0 
7115 113 0.0 
7115 281 0.0 
7115 305 0.0 
7116 8 0.0 
7116 8 0.0 
7116 8 0.00825910456479 
7116 8 0.0 
7116 8 0.0 
7116 8 0.0 
7116 8 0.0 
7116 8 0.0 
7116 8 0.0 
7116 8 0.0 
7116 8 0.0 
7117 113 0.0 
7118 3 0.0 
7118 7 0.0 
7118 28 0.0 
7118 32 0.0 
7118 83 0.0 
7118 83 0.0 
7118 109 0.0 
7118 112 0.0 
7118 139 0.0 
7118 139 0.0 
7118 166 0.0 
7118 166 0.0 
7118 166 0.0 
7118 224 0.00733217224479 
7118 224 0.0116212181747 
7118 224 0.00733217224479 
7118 259 0.0 
7118 259 0.0 
7118 302 0.0 
7118 355 0.0 
7118 355 0.0 
7119 164 0.0306083671749 
7119 164 0.0 
7119 164 0.0 
7119 166 0.0 
7119 166 0.0 
7119 173 0.0 
7119 173 0.0 
7119 228 0.0 
7120 255 0.0 
7121 113 0.0 
7122 299 0.0 
7123 350 0.0 
