8241 87 0.0 
8241 88 0.0 
8241 90 0.0 
8241 214 0.0 
8242 54 0.0 
8242 54 0.0 
8243 217 0.0 
8244 156 0.0 
8245 252 0.0 
8246 161 0.0 
8247 354 0.0 
8248 1 0.0193117279559 
8248 61 0.187599658966 
8248 128 0.0 
8248 128 0.0 
8249 1 0.0 
8249 1 0.0 
8249 1 0.0 
8249 16 0.0 
8249 17 0.0 
8249 19 0.0 
8249 61 0.0 
8249 61 0.0 
8249 61 0.0 
8249 192 0.0 
8249 196 0.0 
8249 207 0.0 
8250 38 0.0 
8250 38 0.0 
8250 38 0.0 
8251 295 0.0 
8252 252 0.0 
8253 162 0.0 
8253 295 0.0 
8254 346 0.0 
8255 262 0.0 
8256 1 0.0193117279559 
8256 9 0.00448190327734 
8256 10 0.00220335158519 
8256 10 0.00220335158519 
8256 61 0.187599658966 
8256 80 0.656598806381 
8256 85 0.0051097185351 
8256 85 0.0051097185351 
8256 86 0.0625332221389 
8256 86 0.0625332221389 
8256 86 0.0625332221389 
8256 91 0.0257489737123 
8256 91 0.0257489737123 
8256 91 0.0257489737123 
8256 121 0.0 
8257 1 0.0193117279559 
8257 4 0.0 
8257 28 0.0 
8257 30 0.0 
8257 61 0.187599658966 
8257 83 0.0 
8257 106 0.0 
8257 191 0.00380636961199 
8257 197 0.00643724296242 
8257 202 0.00750398635864 
8257 206 0.0040282132104 
8257 227 0.0 
8257 255 0.0 
8257 308 0.0 
8257 308 0.0 
8257 312 0.0 
8257 313 0.0 
8258 228 0.0 
8259 38 0.0 
8260 286 0.0 
8261 188 0.0 
8261 235 0.0 
8261 295 0.0 
8262 38 0.0 
8262 156 0.0 
8262 279 0.0 
8262 299 0.0 
8263 346 0.0 
8264 156 0.0 
8264 180 0.0 
8264 295 0.0 
8264 295 0.0 
8265 103 0.0 
8266 173 0.0174904949963 
8267 321 0.0 
8267 321 0.0 
8268 113 0.0 
8268 113 0.0 
8269 48 0.0 
8269 111 0.0 
8270 299 0.0 
8271 199 0.0 
8271 199 0.0 
8271 199 0.0 
8271 199 0.0 
8272 27 0.000406942766858 
8272 30 0.0 
8272 106 0.0 
8272 227 0.0 
8272 312 0.0 
8272 336 0.0 
8272 338 0.0 
8272 338 0.0 
8272 338 0.0 
8272 338 0.0 
8272 338 0.0 
8272 338 0.0 
8272 338 0.0 
8272 338 0.0 
8273 124 0.0 
8273 124 0.0 
8274 113 0.0 
8275 293 0.0 
8276 38 0.0 
8277 335 0.0 
8278 228 0.0 
8278 228 0.0 
8279 113 0.0 
8280 1 0.0193117279559 
8280 9 0.0 
8280 20 0.00426362873986 
8280 20 0.00426362873986 
8280 61 0.187599658966 
8280 80 0.0 
8280 110 0.0 
8280 110 0.0 
8280 110 0.0 
8280 208 0.00547165656462 
8280 208 0.00547165656462 
8280 255 0.0 
8280 263 0.0 
8280 265 0.0 
8280 271 0.0 
8281 94 0.0 
8281 98 0.0 
8281 98 0.0 
8281 124 0.0 
8281 124 0.0160146057606 
8281 163 0.0 
8281 163 0.0 
8281 163 0.0 
8281 163 0.0 
8281 163 0.0 
8281 163 0.0 
8281 163 0.0 
8281 163 0.0 
8281 163 0.0 
8281 163 0.0 
8281 163 0.0 
8281 163 0.0 
8281 163 0.0 
8281 163 0.0 
8281 163 0.0 
8281 209 0.0 
8281 210 0.0 
8281 219 0.0 
8281 254 0.0 
8281 254 0.0 
8281 257 0.0 
8281 259 0.0 
8281 260 0.0 
8281 261 0.0 
8281 263 0.0 
8281 265 0.0 
8281 269 0.0 
8281 276 0.0 
8281 280 0.0 
8281 280 0.0 
8281 313 0.0 
8281 328 0.0 
8281 331 0.0 
8281 331 0.0 
8281 336 0.0 
8281 350 0.0 
8282 124 0.0 
8282 173 0.0 
8282 217 0.0 
8282 298 0.0 
8282 350 0.0 
8283 105 0.0 
8283 105 0.0 
8283 105 0.0 
8283 105 0.0 
8283 105 0.0 
8283 105 0.0 
8283 199 0.0 
8284 44 0.0 
8285 336 0.0 
8285 336 0.0 
8285 336 0.0 
8285 336 0.0 
8285 336 0.0 
8286 11 0.0 
8286 125 0.0 
8286 281 0.0 
8287 354 0.0 
8287 354 0.0 
8288 22 0.0 
8289 8 0.0 
8289 14 0.0 
8289 103 0.0 
8289 113 0.0 
8289 128 0.0 
8289 128 0.0 
8289 128 0.0 
8289 128 0.0 
8289 128 0.0 
8289 221 0.0 
8289 279 0.0 
8289 288 0.0 
8289 299 0.0 
8289 332 0.0 
8289 334 0.0 
8289 335 0.0 
8289 335 0.0 
8289 335 0.0 
8289 336 0.0 
8289 336 0.0 
8289 338 0.0 
8289 338 0.0 
8289 338 0.0 
8289 338 0.0 
8289 338 0.0 
8290 128 0.0 
8290 290 0.0 
8291 350 0.0 
8292 113 0.0 
8293 7 0.0 
8294 299 0.0 
8295 105 0.0 
8296 164 0.0 
8297 103 0.0 
8298 8 0.0 
8299 18 0.0 
8299 139 0.0 
8299 152 0.0 
8299 153 0.0 
8299 154 0.0 
8299 155 0.0 
8299 157 0.0 
8299 160 0.0 
8299 161 0.0 
8299 164 0.0 
8299 166 0.0 
8299 169 0.0 
8299 170 0.0 
8299 171 0.0 
8299 172 0.0 
8299 173 0.0 
8299 176 0.0 
8299 178 0.0 
8299 179 0.0 
8299 180 0.0 
8299 181 0.0 
8299 182 0.0 
8299 183 0.0 
8299 184 0.0 
8299 188 0.0 
8299 189 0.0 
8299 190 0.0 
8299 198 0.0 
8299 199 0.0 
8299 200 0.0 
8299 201 0.0 
8299 203 0.0 
8299 204 0.0 
8299 213 0.0 
8299 216 0.0 
8299 217 0.0 
8299 227 0.0 
8299 235 0.0 
8299 236 0.0 
8299 252 0.0 
8299 262 0.0 
8299 267 0.0 
8299 274 0.0 
8299 278 0.0 
8299 286 0.0 
8299 295 0.0 
8299 297 0.0 
8299 300 0.0 
8299 302 0.0 
8299 326 0.0 
8299 346 0.0 
8299 348 0.0 
8300 8 0.0 
8300 8 0.0 
8300 28 0.0 
8300 113 0.0 
8300 113 0.0 
8300 113 0.0 
8300 113 0.0 
8300 113 0.0 
8300 113 0.0 
8300 113 0.0 
8300 128 0.0 
8300 128 0.0 
8300 128 0.0 
8300 128 0.0 
8300 160 0.0 
8300 173 0.0 
8300 173 0.0 
8300 271 0.0 
8300 279 0.0 
8300 283 0.0 
8300 283 0.0 
8300 284 0.0 
8300 284 0.0 
8300 284 0.0 
8300 288 0.0 
8300 290 0.0 
8300 294 0.0 
8300 294 0.0 
8300 298 0.0 
8300 298 0.0 
8300 305 0.0 
8300 306 0.0 
8300 306 0.0 
8300 306 0.0 
8300 308 0.0 
8300 312 0.0 
8300 321 0.0 
8300 321 0.0 
8300 334 0.0 
8300 334 0.0 
8300 335 0.0 
8300 335 0.0 
8300 338 0.0 
8300 340 0.0 
8300 340 0.0 
8300 352 0.0 
8300 354 0.0 
8301 199 0.0 
8301 199 0.00691156601533 
8302 30 0.0 
8302 109 0.0 
8302 109 0.0 
8302 112 0.0 
8302 173 0.0 
8303 189 0.0 
8303 355 0.0 
8304 299 0.0 
8304 350 0.0 
8305 259 0.0 
8306 338 0.0 
8307 43 0.0 
8307 44 0.0 
8307 133 0.0 
8307 136 0.0 
8307 330 0.0 
8308 199 0.0 
8309 113 0.0 
8309 113 0.0 
8310 173 0.0 
8311 103 0.0 
8312 281 0.0 
8313 279 0.0 
8313 332 0.0 
8314 111 0.0 
8315 113 0.0 
8316 3 0.0 
8316 3 0.0 
8316 4 0.0 
8316 4 0.0 
8316 4 0.0 
8316 4 0.0 
8316 4 0.0 
8316 4 0.0 
8316 4 0.0 
8316 4 0.0 
8316 4 0.0 
8316 4 0.0 
8316 4 0.0 
8316 5 0.0 
8316 5 0.0 
8316 5 0.0 
8316 5 0.0 
8316 5 0.0 
8316 7 0.0 
8316 7 0.0 
8316 7 0.0 
8316 7 0.0 
8316 7 0.0 
8316 7 0.0 
8316 8 0.0 
8316 8 0.0 
8316 8 0.0 
8316 8 0.0 
8316 8 0.0 
8316 15 0.0 
8316 54 0.0 
8316 54 0.0 
8316 103 0.0 
8316 113 0.0 
8316 113 0.0 
8316 113 0.0 
8316 113 0.0 
8316 113 0.0 
8316 113 0.0 
8316 113 0.0 
8316 113 0.0 
8316 113 0.0 
8316 113 0.0 
8316 113 0.0 
8316 113 0.0 
8316 113 0.0 
8316 113 0.0 
8316 113 0.0 
8316 113 0.0 
8316 113 0.0 
8316 113 0.0 
8316 113 0.0 
8316 124 0.0 
8316 124 0.0 
8316 124 0.0 
8316 124 0.0 
8316 124 0.0 
8316 124 0.0 
8316 124 0.0 
8316 128 0.0 
8316 128 0.0 
8316 128 0.0 
8316 128 0.0 
8316 128 0.0 
8316 128 0.0 
8316 128 0.0 
8316 128 0.0 
8316 173 0.0 
8316 173 0.0 
8316 254 0.0 
8316 279 0.0 
8316 281 0.0 
8316 284 0.0 
8316 284 0.0 
8316 293 0.0 
8316 293 0.0 
8316 299 0.0 
8316 299 0.0 
8316 299 0.0 
8316 299 0.0 
8316 299 0.0 
8316 305 0.0 
8316 334 0.0 
8316 334 0.0 
8316 335 0.0 
8316 338 0.0 
8316 338 0.0 
8316 338 0.0 
8316 350 0.0 
8316 350 0.0 
8316 350 0.0 
8316 350 0.0 
8316 350 0.0 
8316 350 0.0 
8316 350 0.0 
8316 352 0.0 
8316 354 0.0 
8317 12 0.0 
8317 15 0.0 
8317 15 0.0 
8317 15 0.0 
8317 21 0.0 
8317 44 0.0 
8317 95 0.0 
8317 96 0.0 
8317 98 0.0 
8317 100 0.0 
8317 102 0.0 
8317 115 0.0 
8317 117 0.0 
8317 118 0.0 
8317 163 0.0 
8317 186 0.0 
8317 186 0.0 
8317 191 0.0 
8317 194 0.0 
8317 197 0.0 
8317 202 0.0 
8317 205 0.0 
8317 206 0.0 
8317 209 0.0 
8317 210 0.0 
8317 218 0.0 
8317 219 0.0 
8317 220 0.0 
8317 221 0.0 
8317 222 0.0 
8317 223 0.0 
8317 224 0.0 
8317 225 0.0 
8317 226 0.0 
8317 232 0.0 
8317 233 0.0 
8317 245 0.0 
8317 246 0.0 
8317 247 0.0 
8317 248 0.0 
8317 249 0.0 
8317 250 0.0 
8317 294 0.0 
8317 333 0.0 
8317 333 0.000765744422097 
8317 333 0.000765744422097 
8317 343 0.00952339544892 
8317 343 0.0 
8317 345 0.00659898295999 
8317 345 0.0 
8317 345 0.0 
8318 350 0.0 
8319 321 0.0 
8320 139 0.0 
8321 113 0.0 
8321 128 0.0 
8321 299 0.0 
8321 350 0.0 
8321 350 0.0 
8321 354 0.0 
8322 24 0.0 
8322 124 0.0 
8322 256 0.0 
8322 258 0.0 
8322 264 0.0 
8322 272 0.0 
8322 273 0.0 
8322 275 0.0 
8322 279 0.0 
8322 282 0.0 
8322 283 0.0 
8322 285 0.0 
8322 289 0.0 
8322 291 0.0 
8322 293 0.0 
8322 299 0.0 
8322 304 0.0 
8322 305 0.0 
8322 306 0.0 
8322 307 0.0 
8322 308 0.0 
8322 309 0.0 
8322 310 0.0 
8322 311 0.0 
8322 312 0.0 
8322 313 0.0 
8322 314 0.0 
8322 315 0.0 
8322 316 0.0 
8322 317 0.0 
8322 318 0.0 
8322 319 0.0 
8322 320 0.0 
8322 321 0.0 
8322 322 0.0 
8322 323 0.0 
8322 324 0.0 
8322 325 0.0 
8322 327 0.0 
8322 328 0.0 
8322 331 0.0 
8322 332 0.0 
8322 334 0.0 
8322 335 0.0 
8322 336 0.0 
8322 337 0.0 
8322 338 0.0 
8322 339 0.0 
8322 340 0.0 
8322 342 0.0 
8322 350 0.0 
8322 351 0.0 
8322 352 0.0 
8323 294 0.0 
8324 113 0.0 
8325 28 0.0 
8325 28 0.0 
8325 139 0.0 
8325 166 0.0 
8325 189 0.0 
8326 164 0.0 
8327 321 0.0 
8328 54 0.0 
8328 54 0.0 
8328 54 0.0 
8328 54 0.0 
8328 353 0.0 
8328 353 0.0 
8328 353 0.000691156659741 
8328 353 0.0 
8328 353 0.000691156659741 
8329 185 0.0 
8330 12 0.0 
8330 24 0.00316433166154 
8330 24 0.0 
8330 24 0.00316433166154 
8330 30 0.0 
8330 70 0.0 
8330 217 0.0 
8330 218 0.0 
8330 221 0.0 
8330 256 0.00828535389155 
8330 256 0.0 
8330 258 0.0 
8330 258 0.00328783900477 
8330 264 0.00443067075685 
8330 264 0.0 
8330 272 0.0 
8330 273 0.0 
8330 273 0.0 
8330 273 0.0 
8330 275 0.0 
8330 275 0.0 
8330 275 0.0 
8330 279 0.0 
8330 279 0.0 
8330 282 0.0 
8330 282 0.0 
8330 283 0.0 
8330 283 0.0 
8330 285 0.0 
8330 285 0.0 
8330 289 0.0 
8330 289 0.0 
8330 291 0.0 
8330 291 0.0 
8330 293 0.0 
8330 293 0.0 
8330 299 0.0 
8330 299 0.0 
8330 304 0.0 
8330 304 0.0 
8330 304 0.0 
8330 305 0.0 
8330 305 0.0 
8330 305 0.0 
8330 306 0.0 
8330 306 0.0 
8330 306 0.0 
8330 307 0.0 
8330 307 0.0 
8330 307 0.0 
8330 307 0.0 
8330 307 0.0 
8330 308 0.0 
8330 308 0.0 
8330 309 0.0 
8330 309 0.0 
8330 310 0.0 
8330 310 0.0 
8330 311 0.0 
8330 311 0.0 
8330 312 0.0 
8330 312 0.0 
8330 312 0.0 
8330 312 0.0 
8330 313 0.0 
8330 313 0.0 
8330 314 0.0 
8330 315 0.0 
8330 316 0.0 
8330 317 0.0 
8330 318 0.0 
8330 319 0.0 
8330 320 0.0 
8330 321 0.0 
8330 321 0.0 
8330 321 0.0 
8330 321 0.0 
8330 322 0.0 
8330 322 0.0 
8330 322 0.0 
8330 322 0.0 
8330 323 0.0 
8330 324 0.0 
8330 325 0.0 
8330 327 0.0 
8330 327 0.0 
8330 327 0.0 
8330 327 0.0 
8330 327 0.0 
8330 328 0.0 
8330 328 0.0 
8330 331 0.0 
8330 331 0.0 
8330 331 0.0 
8330 331 0.0 
8330 331 0.0 
8330 332 0.0 
8330 332 0.0 
8330 332 0.0 
8330 332 0.0 
8330 334 0.0 
8330 334 0.0 
8330 334 0.0 
8330 335 0.0 
8330 335 0.0 
8330 335 0.0 
8330 336 0.0 
8330 336 0.0 
8330 336 0.0 
8330 336 0.0 
8330 336 0.0 
8330 336 0.0 
8330 336 0.0 
8330 336 0.0 
8330 336 0.0 
8330 337 0.0 
8330 337 0.0 
8330 337 0.0 
8330 338 0.0 
8330 338 0.0 
8330 338 0.0 
8330 339 0.0 
8330 339 0.0 
8330 339 0.0 
8330 339 0.0 
8330 340 0.0 
8330 340 0.0 
8330 340 0.0 
8330 342 0.0 
8330 342 0.0 
8330 342 0.0 
8330 342 0.0 
8330 342 0.0 
8330 342 0.0 
8330 344 0.00652466760948 
8330 350 0.0 
8330 350 0.0 
8330 351 0.0 
8330 351 0.0 
8330 351 0.0 
8330 352 0.0 
8330 352 0.0 
8330 352 0.0 
8330 352 0.0 
8331 28 0.0 
8331 137 0.0 
8331 354 0.0 
8332 299 0.0 
8332 299 0.0 
8332 299 0.0 
8332 354 0.0 
8333 160 0.0 
8333 340 0.0 
8334 164 0.0 
8335 3 0.0 
8335 28 0.0 
8335 128 0.0 
8335 166 0.0 
8335 166 0.0 
8335 173 0.0 
8335 173 0.0 
8335 173 0.0 
8335 228 0.0 
8335 283 0.0 
8335 284 0.0 
8335 293 0.0 
8335 306 0.0 
8335 307 0.0 
8335 332 0.0 
8335 355 0.0 
8336 1 0.0193117279559 
8336 9 0.00448190327734 
8336 10 0.00220335158519 
8336 10 0.00220335158519 
8336 61 0.187599658966 
8336 80 0.656598806381 
8336 85 0.0051097185351 
8336 85 0.0051097185351 
8336 86 0.0625332221389 
8336 86 0.0625332221389 
8336 86 0.0625332221389 
8336 91 0.0257489737123 
8336 91 0.0257489737123 
8337 16 0.0 
8337 289 0.0 
8337 299 0.0 
8338 283 0.0 
8339 259 0.0 
8340 304 0.0 
8340 305 0.0 
8341 299 0.0 
8341 299 0.0 
8342 91 0.0257489737123 
8343 48 0.0 
8343 89 0.0 
8344 5 0.0 
8344 7 0.0 
8344 7 0.0 
8344 8 0.0 
8344 18 0.0 
8344 25 0.0 
8344 28 0.0 
8344 38 0.0 
8344 38 0.0 
8344 38 0.0 
8344 38 0.0 
8344 70 0.0 
8344 113 0.0 
8344 113 0.0 
8344 113 0.0 
8344 113 0.0 
8344 113 0.0 
8344 113 0.0 
8344 113 0.0 
8344 113 0.0 
8344 113 0.0301647670567 
8344 113 0.0 
8344 113 0.0 
8344 281 0.0 
8344 282 0.0 
8344 282 0.0 
8344 330 0.0 
8344 333 0.0 
8344 336 0.0 
8344 336 0.0 
8344 341 0.0 
8344 343 0.0 
8344 345 0.0 
8344 353 0.0 
8344 354 0.0 
8344 354 0.0 
8344 354 0.0 
8344 354 0.0 
8344 354 0.0 
8344 354 0.0 
8344 354 0.0 
8344 354 0.0 
8344 354 0.0 
8344 354 0.0 
8344 354 0.0 
8344 354 0.0 
8344 355 0.0 
8344 355 0.0 
8344 355 0.0 
8344 355 0.0 
8344 356 -0.0 
8345 128 0.0 
8346 305 0.0 
8346 305 0.0 
8347 128 0.0 
8348 1 0.0 
8348 61 0.0 
8349 340 0.0 
8350 185 0.0 
8351 124 0.0 
8351 124 0.0 
8352 221 0.0 
8352 340 0.0 
8352 340 0.0 
8353 305 0.0 
8354 228 0.0 
8354 312 0.0 
8354 350 0.0 
8354 350 0.0 
8355 350 0.0 
8356 111 0.0 
8356 111 0.0 
8356 111 0.0 
8356 342 0.0 
8356 342 0.00439196499065 
8357 26 0.0219091456383 
8357 26 0.0138231320307 
8357 29 0.0023740271572 
8357 29 0.00376274390146 
8357 33 0.00323646655306 
8357 33 0.00512967817485 
8357 36 0.165707081556 
8357 36 0.262639522552 
8357 40 0.0123661998659 
8357 40 0.0195999629796 
8357 47 0.00463556544855 
8357 47 0.00292471633293 
8357 51 0.437732547522 
8357 51 0.693789660931 
8357 53 0.00103956763633 
8357 53 0.00164767575916 
8357 55 0.0 
8357 55 0.0 
8357 56 0.131319761276 
8357 56 0.0828535407782 
8357 60 0.0 
8357 60 0.0 
8357 63 0.0 
8357 63 0.0 
8357 64 0.164149701595 
8357 64 0.260171115398 
8358 128 0.0 
8358 338 0.0 
8358 340 0.0 
8359 8 0.0 
8359 28 0.0 
8359 28 0.0 
8359 93 0.011519276537 
8359 109 0.0 
8359 113 0.0 
8359 113 0.0 
8359 113 0.0 
8359 113 0.0 
8359 113 0.0 
8359 124 0.0 
8359 124 0.0 
8359 124 0.0 
8359 124 0.0 
8359 139 0.0 
8359 166 0.0 
8359 166 0.0 
8359 176 0.0 
8359 176 0.0 
8359 176 0.0 
8359 188 0.0 
8359 189 0.0 
8359 228 0.0 
8359 228 0.0 
8359 228 0.0 
8359 228 0.0 
8359 228 0.0 
8359 228 0.0 
8359 251 0.0 
8359 251 0.00650097802281 
8359 251 0.0 
8359 251 0.0 
8359 251 0.0 
8359 251 0.0 
8359 253 0.0 
8359 253 0.0 
8359 282 0.0 
8359 282 0.0 
8359 282 0.0 
8359 322 0.0 
8359 322 0.0 
8359 322 0.0 
8359 322 0.0 
8359 351 0.0 
8359 355 0.0 
8360 7 0.0 
8360 28 0.0 
8360 83 0.0 
8360 166 0.0 
8360 173 0.0 
8360 212 0.0 
8361 16 0.0 
8361 16 0.0 
8361 16 0.0 
8361 16 0.0 
8361 16 0.0 
8361 16 0.0 
8361 17 0.0 
8361 17 0.0 
8361 17 0.0 
8361 17 0.0 
8361 17 0.0 
8361 17 0.0 
8361 19 0.0 
8361 19 0.0 
8361 19 0.0 
8361 19 0.0 
8361 19 0.0 
8361 19 0.0 
8361 19 0.0 
8361 19 0.0 
8361 22 0.0 
8361 22 0.0 
8361 22 0.0 
8361 22 0.0 
8361 22 0.0 
8361 24 0.0 
8361 28 0.0 
8361 38 0.0 
8361 38 0.0 
8361 38 0.0 
8361 38 0.0 
8361 38 0.0 
8361 38 0.0 
8361 38 0.0 
8361 38 0.0 
8361 38 0.0 
8361 38 0.0 
8361 44 0.0 
8361 54 0.0 
8361 105 0.0 
8361 105 0.0 
8361 105 0.0 
8361 105 0.0 
8361 105 0.0 
8361 105 0.0 
8361 105 0.0 
8361 105 0.0 
8361 105 0.0 
8361 105 0.0 
8361 105 0.0 
8361 105 0.0 
8361 105 0.0 
8361 105 0.0 
8361 105 0.0 
8361 105 0.0 
8361 128 0.0 
8361 128 0.0 
8361 128 0.0 
8361 128 0.0 
8361 132 0.0 
8361 132 0.0 
8361 132 0.0 
8361 132 0.0 
8361 132 0.0 
8361 132 0.0 
8361 135 0.0 
8361 135 0.0 
8361 135 0.0 
8361 135 0.0 
8361 135 0.0 
8361 135 0.0 
8361 138 0.0 
8361 138 0.0 
8361 138 0.0 
8361 138 0.0 
8361 138 0.0 
8361 138 0.0 
8361 142 0.0 
8361 142 0.0 
8361 142 0.0 
8361 142 0.0 
8361 142 0.0 
8361 142 0.0 
8361 143 0.0 
8361 143 0.0 
8361 143 0.0 
8361 143 0.0 
8361 143 0.0 
8361 143 0.0 
8361 144 0.0 
8361 144 0.0 
8361 144 0.0 
8361 144 0.0 
8361 144 0.0 
8361 144 0.0 
8361 146 0.0 
8361 146 0.0 
8361 146 0.0 
8361 146 0.0 
8361 146 0.0 
8361 146 0.0 
8361 151 0.0 
8361 151 0.0 
8361 151 0.0 
8361 151 0.0 
8361 151 0.0 
8361 151 0.0 
8361 156 0.0 
8361 156 0.0 
8361 156 0.0 
8361 156 0.0 
8361 156 0.0 
8361 156 0.0 
8361 166 0.0 
8361 167 0.0 
8361 167 0.0 
8361 167 0.0 
8361 167 0.0 
8361 167 0.0 
8361 167 0.0 
8361 173 0.0 
8361 173 0.0 
8361 173 0.0 
8361 181 0.0 
8361 185 0.0 
8361 185 0.0 
8361 185 0.0 
8361 185 0.0 
8361 185 0.0 
8361 185 0.0 
8361 185 0.0 
8361 185 0.0 
8361 185 0.0 
8361 185 0.0 
8361 185 0.0 
8361 185 0.0 
8361 185 0.0 
8361 185 0.0 
8361 185 0.0 
8361 185 0.0 
8361 185 0.0 
8361 185 0.0 
8361 185 0.0 
8361 185 0.0 
8361 185 0.0 
8361 185 0.0 
8361 185 0.0 
8361 185 0.0 
8361 185 0.0 
8361 189 0.0 
8361 189 0.0 
8361 192 0.0 
8361 192 0.0 
8361 192 0.0 
8361 192 0.0 
8361 192 0.0 
8361 192 0.0 
8361 196 0.0 
8361 196 0.0 
8361 196 0.0 
8361 196 0.0 
8361 196 0.0 
8361 196 0.0 
8361 199 0.0 
8361 199 0.0 
8361 199 0.0 
8361 199 0.0 
8361 199 0.0 
8361 199 0.0 
8361 199 0.0 
8361 199 0.0 
8361 199 0.0 
8361 199 0.0 
8361 199 0.0 
8361 199 0.0 
8361 199 0.0 
8361 199 0.0 
8361 199 0.0 
8361 207 0.0 
8361 207 0.0 
8361 207 0.0 
8361 207 0.0 
8361 207 0.0 
8361 207 0.0 
8361 211 0.0 
8361 211 0.0 
8361 211 0.0 
8361 211 0.0 
8361 211 0.0 
8361 211 0.0 
8361 211 0.0 
8361 211 0.0 
8361 211 0.0 
8361 211 0.0 
8361 211 0.0 
8361 211 0.0 
8361 212 0.0 
8361 212 0.0 
8361 212 0.0 
8361 212 0.0 
8361 212 0.0 
8361 212 0.0 
8361 218 0.0 
8361 256 0.0 
8361 258 0.0 
8361 264 0.0 
8361 272 0.0 
8361 273 0.0 
8361 275 0.0 
8361 279 0.0 
8361 282 0.0 
8361 283 0.0 
8361 285 0.0 
8361 289 0.0 
8361 291 0.0 
8361 293 0.0 
8361 299 0.0 
8361 299 0.0 
8361 304 0.0 
8361 305 0.0 
8361 306 0.0 
8361 307 0.0 
8361 308 0.0 
8361 309 0.0 
8361 310 0.0 
8361 311 0.0 
8361 312 0.0 
8361 313 0.0 
8361 314 0.0 
8361 315 0.0 
8361 316 0.0 
8361 317 0.0 
8361 318 0.0 
8361 319 0.0 
8361 320 0.0 
8361 321 0.0 
8361 322 0.0 
8361 323 0.0 
8361 324 0.0 
8361 325 0.0 
8361 327 0.0 
8361 328 0.0 
8361 331 0.0 
8361 332 0.0 
8361 334 0.0 
8361 335 0.0 
8361 336 0.0 
8361 337 0.0 
8361 338 0.0 
8361 339 0.0 
8361 340 0.0 
8361 342 0.0 
8361 350 0.0 
8361 351 0.0 
8361 352 0.0 
8362 113 0.0 
8362 113 0.0 
8362 113 0.0 
8362 113 0.0 
8362 350 0.0 
8363 212 0.0 
8364 128 0.0 
8364 243 0.0 
8364 293 0.0 
8364 299 0.0 
8364 332 0.0 
8364 332 0.0 
8365 243 0.0 
8365 305 0.0 
8365 306 0.0 
8365 308 0.0 
8365 351 0.0 
8366 199 0.0 
8366 199 0.0 
8367 121 0.0 
8368 28 0.0 
8369 45 0.0 
8370 113 0.0 
8370 299 0.0 
8371 97 0.0 
8371 344 0.0 
8372 100 0.437732547522 
8372 100 0.437732547522 
8372 100 0.0 
8372 128 0.0 
8372 292 0.0 
8372 329 0.0 
8372 340 0.0 
8372 350 0.0 
8373 111 0.00853020045906 
8374 113 0.0 
8375 54 0.0 
8376 103 0.0 
8376 103 0.0 
8376 113 0.0 
8376 128 0.0 
8376 283 0.0 
8377 25 0.0 
8377 25 0.0 
8377 25 0.0 
8377 330 0.0 
8377 330 0.0 
8377 330 0.0 
8377 333 0.0 
8377 333 0.0 
8377 333 0.0 
8377 341 0.0 
8377 341 0.0 
8377 341 0.0 
8377 343 0.0 
8377 343 0.0 
8377 343 0.0 
8377 345 0.0 
8377 345 0.0 
8377 345 0.0 
8377 353 0.0 
8377 353 0.0 
8377 353 0.0 
8377 354 0.0 
8377 354 0.0 
8377 354 0.0 
8377 355 0.0 
8377 355 0.0 
8377 355 0.0 
8377 355 0.0 
8377 356 -0.0 
8377 356 -0.0 
8377 356 -0.0 
8378 354 0.0 
8379 212 0.0 
8380 11 0.0 
8381 270 0.0 
8382 218 0.0 
8382 280 0.0 
8383 113 0.0 
8384 11 0.0 
8384 11 0.0 
8384 292 0.0 
8384 334 0.0 
8384 335 0.0 
8385 25 0.0 
8385 25 0.0 
8385 341 0.0 
8385 341 0.0 
8385 354 0.0 
8385 355 0.0 
8386 7 0.0 
8386 113 0.0 
8386 282 0.0 
8386 322 0.0 
8386 340 0.0 
8386 340 0.0 
8386 354 0.0 
8386 354 0.0 
8387 217 0.0 
8388 1 0.0193117279559 
8388 7 0.0 
8388 8 0.0 
8388 8 0.0 
8388 8 0.0 
8388 18 0.0 
8388 22 0.0 
8388 28 0.0 
8388 61 0.187599658966 
8388 83 0.0 
8388 93 0.011519276537 
8388 108 0.0 
8388 113 0.0 
8388 121 0.0 
8388 139 0.0 
8388 139 0.0 
8388 139 0.0 
8388 166 0.0 
8388 173 0.0 
8388 173 0.0 
8388 181 0.0 
8388 189 0.0 
8388 189 0.0 
8388 190 0.0 
8388 192 0.0 
8388 192 0.0 
8388 204 0.0 
8388 231 0.0 
8389 97 0.0 
8389 97 0.0 
8389 344 0.0 
8389 344 0.0 
8390 113 0.0 
8390 113 0.0 
8390 113 0.0 
8390 281 0.0 
8390 284 0.0 
8390 309 0.0 
8390 312 0.0 
8390 335 0.0 
8390 335 0.0 
8391 124 0.0 
8391 289 0.0 
8392 199 0.0 
8393 350 0.0 
8393 350 0.0 
8393 350 0.0 
8393 350 0.0 
8393 350 0.0 
8394 124 0.0 
8395 83 0.0 
8396 8 0.0 
8396 11 0.0 
8396 111 0.0 
8396 111 0.0 
8396 124 0.0 
8396 124 0.0 
8396 124 0.0 
8396 124 0.0 
8396 222 0.0 
8396 231 0.0 
8396 260 0.0 
8396 269 0.0 
8396 288 0.0 
8396 309 0.0 
8396 312 0.0 
8396 331 0.0 
8396 334 0.0 
8396 355 0.0 
8397 338 0.0 
8398 243 0.0 
8399 83 0.0 
8400 259 0.0 
8401 124 0.0 
8401 299 0.0 
8401 299 0.0 
8402 5 0.0 
8402 5 0.0 
8402 5 0.0 
8402 54 0.0 
8402 54 0.0 
8402 70 0.0 
8402 103 0.0 
8402 124 0.0 
8402 124 0.0 
8402 124 0.0 
8402 124 0.0 
8402 124 0.0 
8403 299 0.0 
8404 305 0.0 
8405 113 0.0 
8405 113 0.0 
8406 110 0.00178352091461 
8406 110 0.00178352091461 
8406 110 0.0 
8406 110 0.00178352091461 
8406 124 0.0 
8406 124 0.0 
8406 124 0.0 
8406 251 0.0 
8406 271 0.0 
8406 299 0.0 
8407 350 0.0 
8408 111 0.0 
8409 185 0.0 
8410 28 0.0 
8410 28 0.0 
8410 75 0.0 
8410 75 0.0 
8410 75 0.0 
8410 75 0.0 
8410 75 0.0 
8410 110 0.00178352091461 
8410 112 0.0 
8410 112 0.0 
8410 112 0.0 
8410 112 0.0 
8410 229 0.0 
8410 229 0.0 
8410 230 0.0 
8410 230 0.0 
8410 231 0.0 
8410 234 0.0 
8410 238 0.0 
8410 243 0.00278219813481 
8410 243 0.0 
8410 243 0.0 
8410 243 0.0 
8410 243 0.0 
8410 243 0.0 
8410 350 0.0 
8410 351 0.0 
8410 351 0.0 
8411 217 0.0 
8412 1 0.0 
8412 20 0.0 
8412 24 0.0 
8412 28 0.0 
8412 30 0.0 
8412 48 0.0 
8412 61 0.0 
8412 70 0.0 
8412 208 0.0 
8412 243 0.0 
8412 256 0.0 
8412 258 0.0 
8412 264 0.0 
8412 272 0.0 
8412 273 0.0 
8412 275 0.0 
8412 279 0.0 
8412 282 0.0 
8412 283 0.0 
8412 285 0.0 
8412 289 0.0 
8412 291 0.0 
8412 293 0.0 
8412 299 0.0 
8412 304 0.0 
8412 305 0.0 
8412 306 0.0 
8412 307 0.0 
8412 308 0.0 
8412 309 0.0 
8412 309 0.0 
8412 310 0.0 
8412 311 0.0 
8412 311 0.0 
8412 311 0.0 
8412 311 0.0 
8412 312 0.0 
8412 313 0.0 
8412 314 0.0 
8412 315 0.0 
8412 316 0.0 
8412 317 0.0 
8412 318 0.0 
8412 319 0.0 
8412 320 0.0 
8412 321 0.0 
8412 322 0.0 
8412 323 0.0 
8412 324 0.0 
8412 325 0.0 
8412 327 0.0 
8412 328 0.0 
8412 331 0.0 
8412 332 0.0 
8412 334 0.0 
8412 335 0.0 
8412 336 0.0 
8412 337 0.0 
8412 338 0.0 
8412 339 0.0 
8412 340 0.0 
8412 342 0.0 
8412 350 0.0 
8412 351 0.0 
8412 352 0.0 
8413 299 0.0 
8414 308 0.0 
8414 340 0.0 
8414 340 0.0 
8414 340 0.0 
8415 350 0.0 
8416 285 0.0 
8417 306 0.0 
8417 350 0.0 
8417 350 0.0 
8418 124 0.0 
8419 1 0.0193117279559 
8419 1 0.0193117279559 
8419 1 0.0193117279559 
8419 1 0.0193117279559 
8419 1 0.0193117279559 
8419 1 0.0193117279559 
8419 1 0.0193117279559 
8419 1 0.0193117279559 
8419 48 0.0 
8419 61 0.187599658966 
8419 61 0.187599658966 
8419 61 0.187599658966 
8419 61 0.187599658966 
8419 61 0.187599658966 
8419 61 0.187599658966 
8419 61 0.187599658966 
8419 61 0.187599658966 
8419 220 0.0 
8419 275 0.0 
8419 275 0.0 
8419 275 0.0 
8419 275 0.0 
8419 294 0.00640584202483 
8419 302 0.0 
8419 316 0.00600388040766 
8419 317 0.00591811025515 
8420 8 0.0 
8420 190 0.0 
8420 192 0.0 
8420 254 0.0 
8420 328 0.0 
8420 328 0.0 
8421 124 0.0 
8422 113 0.0 
8422 289 0.0 
8423 305 0.0 
8423 340 0.0 
8423 352 0.0 
8424 8 0.0 
8424 8 0.0 
8424 8 0.00825910456479 
8425 67 0.0 
8426 350 0.0 
8427 210 0.0 
8428 203 0.00343768997118 
8428 217 0.0 
8428 217 0.0 
8428 217 0.0 
8428 217 0.0 
8428 217 0.0 
8428 299 0.0 
8428 299 0.0 
8428 350 0.0 
8429 228 0.0 
8429 284 0.0 
8429 331 0.0 
8429 331 0.0 
8430 350 0.0 
8431 207 0.0 
8431 207 0.0 
8432 124 0.0 
8432 124 0.0 
8433 340 0.0 
8433 340 0.0 
8434 8 0.0 
8435 350 0.0 
8436 354 0.0 
8437 25 0.0 
8437 279 0.0 
8437 330 0.0 
8437 333 0.0 
8437 341 0.0 
8437 343 0.0 
8437 345 0.0 
8437 353 0.0 
8437 354 0.0 
8437 355 0.0 
8437 356 -0.0 
8438 113 0.0 
8438 113 0.0 
8439 17 0.0 
8439 75 0.0 
8439 75 0.0 
8439 110 0.00178352091461 
8439 251 0.0 
8439 292 0.0 
8439 321 0.0 
8439 321 0.0 
8439 321 0.0 
8439 351 0.0 
8440 38 0.0 
8441 1 0.0193117279559 
8441 1 0.0193117279559 
8441 8 0.00521091464907 
8441 8 0.0 
8441 10 0.00220335158519 
8441 10 0.0 
8441 10 0.00139016017783 
8441 10 0.0 
8441 23 0.0 
8441 27 0.000644989020657 
8441 38 0.0 
8441 38 0.0 
8441 41 0.103566929698 
8441 41 0.0 
8441 61 0.187599658966 
8441 61 0.187599658966 
8441 75 0.0 
8441 85 0.0 
8441 85 0.0 
8441 85 0.0051097185351 
8441 86 0.0625332221389 
8441 86 0.0 
8441 86 0.0 
8441 91 0.0 
8441 91 0.0 
8441 93 0.0 
8441 93 0.0 
8441 228 0.00347406766377 
8441 229 0.0034925469663 
8441 229 0.0 
8441 230 0.00127001700457 
8441 230 0.0 
8441 231 0.00739763816819 
8441 231 0.0 
8441 234 0.00687537994236 
8441 234 0.0 
8441 238 0.0 
8441 238 0.00841793324798 
8441 243 0.0 
8441 243 0.00278219813481 
8441 244 0.00733217224479 
8441 244 0.0 
8441 251 0.00650097802281 
8441 251 0.0 
8441 253 0.000800730253104 
8441 253 0.0 
8441 254 0.00429293001071 
8441 254 0.0 
8441 260 0.0 
8441 260 0.00753214024007 
8441 269 0.0 
8441 269 0.00268134451471 
8441 302 0.0 
8441 302 0.0 
8441 332 0.0 
8441 332 0.0 
8441 332 0.0 
8442 308 0.0 
8442 312 0.0 
8442 313 0.0 
8443 231 0.0 
8444 336 0.0 
8444 336 0.0 
8445 48 0.0 
8446 5 0.0 
8446 35 0.0 
8446 54 0.0 
8446 54 0.0 
8446 54 0.0 
8446 54 0.0 
8446 54 0.0 
8446 54 0.0 
8446 54 0.0 
8446 77 0.0 
8446 77 0.0 
8446 77 0.0 
8446 77 0.0 
8446 77 0.0 
8446 90 0.0 
8446 94 0.0 
8446 124 0.0 
8446 124 0.0 
8446 124 0.0 
8446 124 0.0 
8446 124 0.0 
8446 155 0.00773743074387 
8446 155 0.0 
8446 155 0.0 
8446 163 0.0 
8446 163 0.0 
8446 163 0.0 
8446 163 0.0 
8446 163 0.0 
8446 163 0.0 
8446 163 0.0 
8446 163 0.0 
8446 163 0.0 
8446 163 0.0 
8446 163 0.0 
8446 163 0.0 
8446 163 0.0 
8446 163 0.0 
8446 199 0.0 
8446 209 0.0 
8446 210 0.0 
8446 219 0.0 
8446 254 0.0 
8446 254 0.0 
8446 259 0.0 
8446 260 0.0 
8446 261 0.0 
8446 269 0.0 
8446 276 0.0 
8446 293 0.0 
8446 313 0.0 
8447 222 0.0 
8448 12 0.0 
8448 21 0.0 
8448 95 0.0 
8448 96 0.0 
8448 98 0.0 
8448 100 0.0 
8448 102 0.0 
8448 115 0.0 
8448 117 0.0 
8448 118 0.0 
8448 163 0.0 
8448 191 0.0 
8448 194 0.0 
8448 197 0.0 
8448 202 0.0 
8448 205 0.0 
8448 206 0.0 
8448 209 0.0 
8448 210 0.0 
8448 218 0.0 
8448 219 0.0 
8448 220 0.0 
8448 221 0.0 
8448 222 0.0 
8448 223 0.0 
8448 224 0.0 
8448 225 0.0 
8448 226 0.0 
8448 231 0.0 
8448 232 0.0 
8448 233 0.0 
8448 237 0.0 
8448 240 0.0 
8448 241 0.0 
8448 242 0.0 
8448 245 0.0 
8448 246 0.0 
8448 247 0.0 
8448 248 0.0 
8448 249 0.0 
8448 250 0.0 
8448 253 0.0 
8448 253 0.0 
8448 268 0.0 
8448 271 0.0 
8448 271 0.0 
8448 271 0.0 
8448 294 0.0 
8448 336 0.0 
8448 336 0.0 
8449 307 0.0 
8450 270 0.0 
8451 221 0.0 
8452 222 0.0 
8453 124 0.0 
8454 338 0.0 
8455 305 0.0 
8456 290 0.0 
8457 336 0.0 
8458 113 0.0 
8458 113 0.0 
8458 113 0.0 
8458 113 0.0 
8458 113 0.0 
8458 113 0.0 
8458 113 0.0 
8458 340 0.0 
8458 350 0.0 
8459 8 0.0 
8459 8 0.0 
8459 28 0.0 
8459 113 0.0 
8459 228 0.0 
8459 228 0.0 
8460 83 0.0 
8461 219 0.0 
8461 281 0.0 
8461 287 0.0 
8462 285 0.0 
8463 11 0.0 
8463 11 0.0 
8464 299 0.0 
8464 329 0.0 
8464 329 0.0042775166221 
8464 329 0.00677970331162 
8464 329 0.0 
8464 350 0.0 
8464 350 0.0 
8465 98 0.0 
8465 163 0.0 
8465 219 0.0 
8466 32 0.0 
8466 83 0.0 
8466 83 0.0 
8466 124 0.0 
8466 173 0.0 
8466 173 0.0 
8466 181 0.0 
8466 228 0.0 
8466 228 0.0 
8466 228 0.0 
8466 228 0.0 
8466 228 0.0 
8466 228 0.0 
8466 282 0.0 
8466 311 0.0 
8466 311 0.0 
8466 311 0.0 
8466 311 0.0 
8467 38 0.0 
8468 7 0.0 
8468 8 0.0 
8468 8 0.00825910456479 
8468 83 0.0 
8468 128 0.0 
8468 128 0.0 
8468 128 0.0 
8468 128 0.0 
8468 166 0.0 
8468 173 0.0 
8468 228 0.0 
8468 234 0.0 
8468 238 0.0 
8468 283 0.0 
8468 283 0.0 
8468 291 0.0 
8468 298 0.0 
8468 306 0.0 
8468 306 0.0 
8468 306 0.0 
8468 321 0.0 
8468 334 0.0 
8468 337 0.0 
8468 338 0.0 
8468 338 0.0 
8468 338 0.0 
8468 355 0.0 
8469 54 0.0 
8469 54 0.0 
8470 284 0.0 
8470 290 0.0 
8470 290 0.0 
8470 299 0.0 
8470 350 0.0 
8470 350 0.0 
8470 350 0.0 
8471 334 0.0 
8471 337 0.0 
8471 338 0.0 
8472 251 0.00650097802281 
8473 28 0.0 
8473 30 0.0 
8473 38 0.0 
8473 113 0.0 
8473 124 0.0 
8473 124 0.0 
8473 204 0.0 
8473 350 0.0 
8473 350 0.0 
8473 350 0.0 
8473 350 0.0 
8473 350 0.0 
8473 350 0.0 
8474 54 0.0 
8475 103 0.0 
8475 103 0.02851190418 
8476 13 0.0 
8476 113 0.0 
8476 173 0.0 
8476 217 0.0 
8476 299 0.0 
8476 350 0.0 
8476 350 0.0 
8476 350 0.0 
8476 350 0.0 
8477 44 0.0 
8478 124 0.0 
8478 299 0.0 
8479 163 0.0 
8480 70 0.0 
8481 70 0.0 
8482 67 0.0 
8483 299 0.0 
8484 70 0.0 
8485 70 0.0 
8486 70 0.0 
8487 54 0.0 
8487 173 0.0 
8488 5 0.0 
8488 5 0.0 
8488 5 0.0 
8489 113 0.0 
8489 113 0.0 
8490 350 0.0 
8491 305 0.0 
8492 128 0.0 
8492 128 0.0 
8493 124 0.0 
8493 350 0.0 
8494 16 0.0 
8494 16 0.0 
8495 113 0.0 
8495 113 0.0 
8495 340 0.0 
8495 340 0.0 
8495 340 0.0 
8496 350 0.0 
8497 354 0.0 
8498 339 0.0 
8499 7 0.0 
8499 34 0.0 
8499 139 0.0 
8499 229 0.0 
8499 230 0.0 
8499 299 0.0 
8499 299 0.0 
8499 299 0.0 
8499 336 0.0 
8499 336 0.0 
8499 336 0.0 
8500 8 0.0 
8500 108 0.0 
8500 309 0.0 
8501 108 0.0 
8502 340 0.0 
8503 128 0.0 
8503 128 0.0 
8503 128 0.0 
8503 128 0.0236519183964 
8503 128 0.0 
8504 8 0.0 
8504 28 0.0 
8504 28 0.0 
8504 83 0.0 
8504 103 0.02851190418 
8504 107 0.0 
8504 108 0.0 
8504 108 0.0 
8504 108 0.0 
8504 111 0.0 
8504 111 0.0 
8504 111 0.00853020045906 
8504 111 0.0 
8504 111 0.0 
8504 113 0.0 
8504 114 0.00673606060445 
8504 124 0.0 
8504 128 0.0 
8504 128 0.0 
8504 128 0.0 
8504 128 0.0 
8504 128 0.0 
8504 128 0.0 
8504 128 0.0 
8504 128 0.0 
8504 128 0.0 
8504 128 0.0 
8504 157 0.0132646225393 
8504 163 0.00391999306157 
8504 163 0.0 
8504 188 0.0 
8504 212 0.00839261710644 
8504 219 0.0 
8504 244 0.0 
8504 255 0.0 
8504 259 0.0 
8504 259 0.0 
8504 259 0.0 
8504 259 0.0 
8504 261 0.0 
8504 263 0.0 
8504 265 0.0 
8504 265 0.0 
8504 265 0.0 
8504 270 0.0 
8504 270 0.0 
8504 276 0.0 
8504 282 0.0 
8504 283 0.0 
8504 283 0.0 
8504 284 0.0 
8504 284 0.0 
8504 288 0.0 
8504 292 0.0 
8504 299 0.0 
8504 299 0.0 
8504 299 0.0 
8504 299 0.0 
8504 307 0.0 
8504 312 0.0 
8504 328 0.0 
8504 328 0.0 
8504 331 0.0 
8504 331 0.0 
8504 334 0.0 
8504 334 0.0 
8504 334 0.0 
8504 334 0.0 
8504 334 0.0 
8504 335 0.0 
8504 335 0.0 
8504 335 0.0 
8504 335 0.0 
8504 335 0.0 
8504 337 0.0 
8504 338 0.0 
8504 338 0.0 
8504 338 0.0 
8504 338 0.0 
8504 338 0.0 
8504 339 0.0 
8504 350 0.0 
8504 350 0.0 
8505 113 0.0 
8505 113 0.0 
8505 113 0.0 
8505 113 0.0 
8505 228 0.0 
8506 108 0.0 
8507 321 0.0 
8507 354 0.0 
8507 354 0.0 
8508 166 0.0 
8509 152 0.0 
8510 299 0.0 
8510 299 0.0 
8511 128 0.0 
8511 128 0.0 
8511 128 0.0 
8511 128 0.0 
8511 128 0.0 
8511 128 0.0 
8511 128 0.0 
8511 128 0.0 
8511 128 0.0 
8511 128 0.0 
8511 128 0.0 
8511 128 0.0 
8511 128 0.0 
8511 128 0.0 
8511 128 0.0 
8511 128 0.0 
8511 128 0.0 
8511 128 0.0 
8511 128 0.0 
8511 128 0.0 
8511 128 0.0 
8511 128 0.0 
8511 128 0.0 
8511 128 0.0 
8511 128 0.0 
8511 128 0.0 
8512 3 0.0 
8512 3 0.0 
8512 3 0.0 
8512 3 0.0 
8512 305 0.0 
8512 340 0.0 
8513 28 0.0 
8514 162 0.0 
8515 285 0.0 
8516 350 0.0 
8517 350 0.0 
8517 351 0.0 
8518 38 0.0 
8519 219 0.0 
8519 219 0.0 
8520 124 0.0 
8520 124 0.0 
8520 124 0.0 
8520 124 0.0 
8520 124 0.0 
8521 350 0.0 
8522 307 0.0 
8522 340 0.0 
8523 28 0.0 
8523 113 0.0 
8523 113 0.0 
8523 113 0.0 
8523 113 0.0 
8523 139 0.0 
8523 139 0.0 
8523 139 0.0 
8523 139 0.0 
8523 139 0.0 
8523 139 0.0 
8523 139 0.0 
8523 155 0.00773743074387 
8523 160 0.0106192296371 
8523 160 0.0 
8523 160 0.0 
8523 160 0.0 
8523 160 0.0 
8523 160 0.0 
8523 164 0.0 
8523 164 0.0 
8523 164 0.0 
8523 164 0.0 
8523 164 0.0 
8523 164 0.0 
8523 173 0.0 
8523 173 0.0 
8523 173 0.0 
8523 173 0.0 
8523 173 0.0 
8523 173 0.0 
8523 173 0.0 
8523 173 0.0 
8523 173 0.0 
8523 173 0.0 
8523 173 0.0 
8523 173 0.0 
8523 173 0.0 
8523 173 0.0 
8523 173 0.0 
8523 173 0.0 
8523 173 0.0 
8523 173 0.0 
8523 173 0.0 
8523 173 0.0 
8523 173 0.0 
8523 173 0.0 
8523 173 0.0 
8523 173 0.0 
8523 173 0.0 
8523 173 0.0 
8523 173 0.0 
8523 173 0.0 
8523 173 0.0 
8523 173 0.0 
8523 173 0.0 
8523 173 0.0 
8523 173 0.0 
8523 173 0.0 
8523 173 0.0 
8523 173 0.0 
8523 173 0.0 
8523 173 0.0 
8523 173 0.0 
8523 173 0.0 
8523 173 0.0 
8523 173 0.0 
8523 173 0.0 
8523 173 0.0 
8523 173 0.0 
8523 173 0.0 
8523 173 0.0 
8523 176 0.0 
8523 176 0.0 
8523 176 0.0 
8523 181 0.0 
8523 181 0.0 
8523 181 0.0 
8523 181 0.0 
8523 181 0.0 
8523 181 0.0 
8523 181 0.0 
8523 181 0.0 
8523 181 0.0 
8523 181 0.0 
8523 188 0.0 
8523 302 0.0 
8523 302 0.0 
8523 336 0.0 
8523 336 0.0 
8524 44 0.0 
8524 160 0.0 
8524 321 0.0 
8524 321 0.0 
8524 336 0.0 
8525 7 0.0 
8526 299 0.0 
8527 4 0.0 
8527 25 0.0 
8527 28 0.0 
8527 28 0.0 
8527 48 0.0 
8527 113 0.0 
8527 128 0.0 
8527 217 0.0 
8527 285 0.0 
8527 289 0.0 
8527 293 0.0 
8527 293 0.0 
8527 293 0.0 
8527 293 0.0 
8527 293 0.00254933978431 
8527 299 0.0 
8527 299 0.0 
8527 307 0.0 
8527 307 0.0 
8527 330 0.0 
8527 333 0.0 
8527 340 0.0 
8527 341 0.0 
8527 343 0.0 
8527 345 0.0 
8527 352 0.0 
8527 353 0.0 
8527 354 0.0 
8527 355 0.0 
8527 356 -0.0 
8528 350 0.0 
8529 281 0.0 
8529 299 0.0 
8530 228 0.0 
8531 15 0.0 
8531 103 0.0 
8531 183 0.0 
8531 322 0.0 
8531 327 0.0 
8531 331 0.0 
8532 75 0.0 
8532 83 0.0 
8533 28 0.0 
8533 93 0.011519276537 
8533 113 0.0 
8533 124 0.0 
8533 299 0.0 
8534 350 0.0 
8535 299 0.0 
8535 340 0.0 
8536 28 0.0 
8536 108 0.0 
8536 289 0.0 
8536 307 0.0 
8537 111 0.0 
8537 111 0.0 
8537 254 0.0 
8537 254 0.0 
8537 254 0.0 
8538 335 0.0 
8538 336 0.0 
8538 338 0.0 
8538 338 0.0 
8538 338 0.0 
8538 338 0.0 
8538 338 0.0 
8538 338 0.0 
8539 13 0.0 
8540 54 0.0 
8540 54 0.0 
8540 54 0.0 
8540 54 0.0 
8540 336 0.0 
8540 336 0.0 
8541 25 0.0 
8541 330 0.0 
8541 333 0.0 
8541 341 0.0 
8541 343 0.0 
8541 345 0.0 
8541 353 0.0 
8541 354 0.0 
8541 355 0.0 
8541 356 -0.0 
8542 217 0.0 
8543 128 0.0 
8543 128 0.0 
8544 234 0.0 
8544 238 0.0 
8544 243 0.0 
8544 243 0.0 
8544 243 0.0 
8544 243 0.0 
8544 243 0.0 
8544 265 0.0 
8544 303 0.0 
8544 332 0.0 
8544 332 0.0 
8544 332 0.0 
8544 336 0.0 
8544 336 0.0 
8544 350 0.0 
8544 352 0.0 
8545 111 0.0 
8545 124 0.0 
8545 124 0.0 
8545 124 0.0 
8546 350 0.0 
8547 7 0.0 
8547 7 0.0 
8547 7 0.0 
8547 7 0.0 
8547 124 0.0 
8547 299 0.0 
8547 303 0.0 
8547 332 0.0 
8548 199 0.0 
8549 251 0.0 
8549 251 0.0 
8549 251 0.0 
8549 254 0.0 
8549 254 0.0 
8549 327 0.0 
8550 199 0.0 
8551 299 0.0 
8551 340 0.0 
8552 28 0.0 
8552 299 0.0 
8552 351 0.0 
8552 351 0.0 
8552 351 0.0 
8552 351 0.0 
8552 351 0.0 
8552 351 0.0 
8552 355 0.0 
8553 128 0.0 
8553 128 0.0 
8553 128 0.0 
8553 128 0.0 
8553 128 0.0 
8553 128 0.0 
8553 128 0.0 
8553 128 0.0 
8554 12 0.0 
8554 21 0.0 
8554 95 0.0 
8554 96 0.0 
8554 98 0.0 
8554 100 0.0 
8554 102 0.0 
8554 115 0.0 
8554 117 0.0 
8554 118 0.0 
8554 163 0.0 
8554 191 0.0 
8554 194 0.0 
8554 197 0.0 
8554 202 0.0 
8554 205 0.0 
8554 206 0.0 
8554 209 0.0 
8554 210 0.0 
8554 218 0.0 
8554 219 0.0 
8554 220 0.0 
8554 221 0.0 
8554 222 0.0 
8554 223 0.0 
8554 224 0.0 
8554 225 0.0 
8554 226 0.0 
8554 232 0.0 
8554 233 0.0 
8554 245 0.0 
8554 246 0.0 
8554 247 0.0 
8554 248 0.0 
8554 249 0.0 
8554 250 0.0 
8554 294 0.0 
8555 160 0.0 
8555 350 0.0 
8555 354 0.0 
8555 354 0.0 
8556 28 0.0 
8556 75 0.0 
8556 83 0.0 
8556 243 0.0 
8557 334 0.0 
8557 337 0.0 
8558 113 0.0 
8559 58 0.0 
8559 173 0.0 
8559 233 0.00244999537244 
8559 233 0.00388315087184 
8559 233 0.00244999537244 
8560 1 0.0193117279559 
8560 20 0.00426362873986 
8560 61 0.187599658966 
8560 208 0.00547165656462 
8561 340 0.0 
8562 299 0.0 
8563 321 0.0 
8563 321 0.0 
8564 113 0.0 
8564 113 0.0301647670567 
8564 270 0.0 
8564 305 0.0 
8564 340 0.0 
8564 340 0.0 
8564 340 0.0 
8565 121 0.0 
8565 340 0.0 
8566 128 0.0236519183964 
8566 128 0.0 
8567 17 0.0 
8567 44 0.0 
8567 75 0.0 
8567 75 0.0 
8567 271 0.0 
8567 299 0.0 
8567 336 0.0 
8568 306 0.0 
8569 231 0.0 
8570 299 0.0 
8571 67 0.0 
8571 354 0.0 
8572 32 0.0 
8573 160 0.0 
8574 48 0.0 
8575 211 0.0 
8576 299 0.0 
8576 299 0.0 
8577 124 0.0 
8577 124 0.0 
8578 113 0.0 
8578 113 0.0 
8578 113 0.0 
8578 270 0.0 
8579 34 0.0 
8579 340 0.0 
8580 28 0.0 
8580 299 0.0 
8581 30 0.0 
8581 30 0.0 
8581 70 0.0 
8581 93 0.0 
8581 93 0.0 
8581 93 0.0 
8581 93 0.0 
8581 111 0.0 
8581 111 0.0 
8581 113 0.0 
8581 334 0.0 
8581 337 0.0 
8582 336 0.0 
8583 3 0.0 
8583 30 0.0 
8583 70 0.0 
8583 124 0.0 
8583 209 0.0 
8583 217 0.0 
8583 217 0.0 
8583 221 0.0 
8583 279 0.0 
8583 279 0.0 
8583 279 0.0 
8583 279 0.0 
8583 279 0.0 
8583 280 0.0 
8583 283 0.0 
8583 283 0.0 
8583 283 0.0 
8583 283 0.0 
8583 283 0.0 
8583 283 0.0 
8583 283 0.0 
8583 283 0.0 
8583 283 0.0 
8583 283 0.00207652989775 
8583 283 0.00207652989775 
8583 287 0.0 
8583 287 0.0 
8583 312 0.0 
8583 355 0.0 
8584 22 0.0 
8584 97 0.0 
8584 97 0.0 
8584 97 0.0 
8584 97 0.0 
8584 97 0.0 
8584 97 0.0 
8584 97 0.0 
8585 354 0.0 
8586 299 0.0 
8587 124 0.0 
8587 124 0.0160146057606 
8588 124 0.0 
8588 124 0.0 
8588 124 0.0 
8588 124 0.0 
8588 124 0.0 
8588 124 0.0 
8588 124 0.0 
8588 124 0.0 
8588 124 0.0 
8588 124 0.0 
8588 124 0.0 
8588 124 0.0 
8588 124 0.0 
8588 124 0.0 
8588 124 0.0 
8588 124 0.0 
8588 124 0.0 
8588 124 0.0 
8588 124 0.0 
8588 124 0.0 
8588 335 0.0 
8588 335 0.0 
8589 8 0.0 
8590 229 0.0 
8590 230 0.0 
8590 234 0.0 
8590 238 0.0 
8591 4 0.0 
8591 8 0.0 
8591 228 0.0 
8591 292 0.0 
8591 292 0.0 
8591 293 0.0 
8592 299 0.0 
8592 299 0.0 
8592 299 0.0 
8593 3 0.0 
8593 7 0.0 
8593 28 0.0 
8593 113 0.0 
8593 336 0.0 
8593 336 0.0 
8593 336 0.0 
8593 336 0.0 
8593 336 0.0 
8593 350 0.0 
8594 12 0.0 
8595 124 0.0 
8595 124 0.0 
8595 350 0.0 
8596 28 0.0 
8596 128 0.0 
8596 128 0.0 
8596 128 0.0 
8596 166 0.0 
8596 310 0.0 
8596 310 0.0 
8596 310 0.0 
8596 313 0.0 
8596 313 0.0 
8596 313 0.0 
8596 313 0.0 
8596 313 0.0 
8596 313 0.0 
8596 313 0.0 
8596 313 0.0 
8596 332 0.0 
8596 332 0.0 
8596 332 0.0 
8596 332 0.0 
8596 332 0.0 
8596 332 0.0 
8596 332 0.0 
8596 332 0.0 
8596 332 0.0 
8596 332 0.0 
8596 337 0.0 
8596 338 0.0 
8596 338 0.0 
8596 338 0.0 
8596 338 0.0 
8596 338 0.0 
8597 242 0.00122271664441 
8597 242 0.0 
8597 242 0.00122271664441 
8597 268 0.00311479484662 
8597 268 0.00311479484662 
8597 268 0.0 
8597 338 0.0 
8597 338 0.0 
8597 338 0.0 
8598 111 0.00853020045906 
8599 7 0.0 
8600 34 0.0 
8600 34 0.0184118989855 
8600 294 0.0 
8601 3 0.0 
8601 7 0.0 
8601 28 0.0 
8601 32 0.0 
8601 83 0.0 
8601 83 0.0 
8602 243 0.0 
8602 294 0.0 
8602 307 0.0 
8602 351 0.0 
8603 199 0.0 
8604 124 0.0 
8605 160 0.0106192296371 
8605 160 0.0 
8605 160 0.0 
8605 160 0.0 
8605 160 0.0 
8605 160 0.0 
8606 228 0.0 
8607 228 0.0 
8607 287 0.0 
8607 305 0.0 
8607 331 0.0 
8608 97 0.0 
8609 70 0.0 
8610 3 0.0 
8610 7 0.0 
8610 28 0.0 
8610 32 0.0 
8610 83 0.0 
8610 83 0.0 
8611 336 0.0 
8612 163 0.0 
8613 163 0.0 
8613 163 0.0 
8614 124 0.0 
8615 54 0.0 
8615 70 0.0 
8616 70 0.0 
8617 133 0.0 
8617 136 0.0 
8618 25 0.0 
8618 282 0.0 
8618 299 0.0 
8618 299 0.0 
8618 299 0.0 
8618 299 0.0 
8618 299 0.0 
8618 330 0.0 
8618 333 0.0 
8618 341 0.0 
8618 343 0.0 
8618 345 0.0 
8618 353 0.0 
8618 354 0.0 
8618 355 0.0 
8618 356 -0.0 
8619 124 0.0 
8619 124 0.0 
8620 113 0.0 
8620 113 0.0 
8620 113 0.0 
8620 113 0.0 
8620 113 0.0 
8621 299 0.0 
8621 350 0.0 
8621 350 0.0 
8622 128 0.0 
8622 196 0.00920594949275 
8622 196 0.0 
8622 196 0.0 
8623 305 0.0 
8623 306 0.0 
8623 306 0.0 
8624 17 0.0 
8625 38 0.0 
8626 305 0.0 
8627 128 0.0 
8628 113 0.0 
8629 2 0.000963413331192 
8629 10 0.0 
8629 20 0.0 
8629 21 0.00442154100165 
8629 24 0.0 
8629 24 0.0 
8629 24 0.0 
8629 24 0.0 
8629 24 0.00316433166154 
8629 44 0.0394540689886 
8629 57 0.0 
8629 66 0.00462868949398 
8629 85 0.0 
8629 86 0.0625332221389 
8629 91 0.0 
8629 91 0.0257489737123 
8629 91 0.0257489737123 
8629 93 0.0 
8629 95 0.00986351724714 
8629 100 0.437732547522 
8629 102 0.000842007575557 
8629 115 0.0190318487585 
8629 117 0.00662828376517 
8629 118 0.0145910838619 
8629 124 0.0160146057606 
8629 160 0.0 
8629 208 0.0 
8629 220 0.00311479484662 
8629 237 0.00230385549366 
8629 240 0.0110471388325 
8629 241 0.0162457935512 
8629 242 0.00122271664441 
8629 256 0.0 
8629 256 0.0 
8629 256 0.0 
8629 256 0.00828535389155 
8629 256 0.0 
8629 258 0.0 
8629 258 0.0 
8629 258 0.0 
8629 258 0.00328783900477 
8629 258 0.0 
8629 264 0.00443067075685 
8629 264 0.0 
8629 264 0.0 
8629 264 0.0 
8629 264 0.0 
8629 268 0.00311479484662 
8629 272 0.0 
8629 272 0.0 
8629 272 0.0 
8629 272 0.0 
8629 273 0.0 
8629 273 0.0 
8629 273 0.0 
8629 273 0.0 
8629 275 0.0 
8629 275 0.0 
8629 275 0.0 
8629 275 0.0 
8629 279 0.0 
8629 279 0.0 
8629 279 0.0 
8629 279 0.0 
8629 282 0.0 
8629 282 0.0 
8629 282 0.0 
8629 282 0.0 
8629 283 0.0 
8629 283 0.0 
8629 283 0.0 
8629 283 0.0 
8629 285 0.0 
8629 285 0.0 
8629 285 0.0 
8629 285 0.0 
8629 289 0.0 
8629 289 0.0 
8629 289 0.0 
8629 289 0.0 
8629 291 0.0 
8629 291 0.0 
8629 291 0.0 
8629 291 0.0 
8629 293 0.0 
8629 293 0.0 
8629 293 0.0 
8629 293 0.0 
8629 299 0.0 
8629 299 0.0 
8629 299 0.0 
8629 299 0.0 
8629 304 0.0 
8629 304 0.0 
8629 304 0.0 
8629 304 0.0 
8629 305 0.0 
8629 305 0.0 
8629 305 0.0 
8629 305 0.0 
8629 306 0.0 
8629 306 0.0 
8629 306 0.0 
8629 306 0.0 
8629 307 0.0 
8629 307 0.0 
8629 307 0.0 
8629 307 0.0 
8629 308 0.0 
8629 308 0.0 
8629 308 0.0 
8629 308 0.0 
8629 309 0.0 
8629 309 0.0 
8629 309 0.0 
8629 309 0.0 
8629 310 0.0 
8629 310 0.0 
8629 310 0.0 
8629 310 0.0 
8629 311 0.0 
8629 311 0.0 
8629 311 0.0 
8629 311 0.0 
8629 312 0.0 
8629 312 0.0 
8629 312 0.0 
8629 312 0.0 
8629 313 0.0 
8629 313 0.0 
8629 313 0.0 
8629 313 0.0 
8629 314 0.0 
8629 314 0.0 
8629 314 0.0 
8629 314 0.0 
8629 315 0.0 
8629 315 0.0 
8629 315 0.0 
8629 315 0.0 
8629 316 0.0 
8629 316 0.0 
8629 316 0.0 
8629 316 0.0 
8629 317 0.0 
8629 317 0.0 
8629 317 0.0 
8629 317 0.0 
8629 318 0.0 
8629 318 0.0 
8629 318 0.0 
8629 318 0.0 
8629 319 0.0 
8629 319 0.0 
8629 319 0.0 
8629 319 0.0 
8629 320 0.0 
8629 320 0.0 
8629 320 0.0 
8629 320 0.0 
8629 321 0.0 
8629 321 0.0 
8629 321 0.0 
8629 321 0.0 
8629 322 0.0 
8629 322 0.0 
8629 322 0.0 
8629 322 0.0 
8629 323 0.0 
8629 323 0.0 
8629 323 0.0 
8629 323 0.0 
8629 324 0.0 
8629 324 0.0 
8629 324 0.0 
8629 324 0.0 
8629 325 0.0 
8629 325 0.0 
8629 325 0.0 
8629 325 0.0 
8629 327 0.0 
8629 327 0.0 
8629 327 0.0 
8629 327 0.0 
8629 328 0.0 
8629 328 0.0 
8629 328 0.0 
8629 328 0.0 
8629 331 0.0 
8629 331 0.0 
8629 331 0.0 
8629 331 0.0 
8629 332 0.0 
8629 332 0.0 
8629 332 0.0 
8629 332 0.0 
8629 334 0.0 
8629 334 0.0 
8629 334 0.0 
8629 334 0.0 
8629 335 0.0 
8629 335 0.0 
8629 335 0.0 
8629 335 0.0 
8629 336 0.0 
8629 336 0.0 
8629 336 0.0 
8629 336 0.0 
8629 337 0.0 
8629 337 0.0 
8629 337 0.0 
8629 337 0.0 
8629 338 0.0 
8629 338 0.0 
8629 338 0.0 
8629 338 0.0 
8629 339 0.0 
8629 339 0.0 
8629 339 0.0 
8629 339 0.0 
8629 340 0.0 
8629 340 0.0 
8629 340 0.0 
8629 340 0.0 
8629 342 0.0 
8629 342 0.0 
8629 342 0.0 
8629 342 0.0 
8629 350 0.0 
8629 350 0.0 
8629 350 0.0 
8629 350 0.0 
8629 351 0.0 
8629 351 0.0 
8629 351 0.0 
8629 351 0.0 
8629 352 0.0 
8629 352 0.0 
8629 352 0.0 
8629 352 0.0 
8630 30 0.0 
8630 336 0.0 
8631 113 0.0 
8632 7 0.0 
8632 28 0.0 
8632 279 0.0 
8632 340 0.0 
8633 350 0.0 
8633 350 0.0 
8633 350 0.0 
8633 350 0.0 
8634 11 0.0 
8634 13 0.0 
8634 112 0.0 
8634 113 0.0 
8634 113 0.0 
8634 113 0.0 
8634 173 0.0 
8634 173 0.0 
8634 217 0.0 
8634 217 0.0 
8634 217 0.0 
8634 282 0.0 
8634 306 0.0 
8634 311 0.0 
8634 351 0.0 
8635 67 0.0 
8636 2 0.0 
8636 66 0.0 
8636 228 0.0 
8636 229 0.0 
8636 230 0.0 
8636 231 0.0 
8636 234 0.0 
8636 238 0.0 
8636 243 0.0 
8636 244 0.0 
8636 251 0.0 
8636 253 0.0 
8636 254 0.0 
8637 4 0.0 
8637 288 0.0 
8637 299 0.0 
8637 334 0.0 
8637 340 0.0 
8637 340 0.0 
8637 340 0.0 
8638 1 0.0193117279559 
8638 10 0.00220335158519 
8638 61 0.187599658966 
8638 85 0.0051097185351 
8638 232 0.00746428314596 
8638 232 0.0118306083605 
8638 293 0.0 
8638 350 0.0 
8638 350 0.0 
8639 11 0.0 
8640 113 0.0 
8641 113 0.0 
8642 113 0.0 
8643 113 0.0 
8643 113 0.0 
8643 113 0.0 
8643 128 0.0 
8643 282 0.0 
8643 340 0.0 
8643 352 0.0 
8643 352 0.0 
8644 306 0.0 
8645 354 0.0 
8645 354 0.0 
8646 307 0.0 
8646 307 0.0 
8647 340 0.0 
8648 3 0.0 
8648 109 0.0 
8648 128 0.0 
8648 128 0.0 
8648 128 0.0 
8648 243 0.0 
8648 303 0.0 
8648 308 0.0 
8648 312 0.0 
8648 312 0.0 
8649 13 0.0 
8649 305 0.0 
8650 83 0.0 
8650 113 0.0 
8650 113 0.0 
8650 113 0.0301647670567 
8650 340 0.0 
8651 282 0.0 
8652 155 0.0 
8653 28 0.0 
8654 5 0.0 
8654 124 0.0 
8654 128 0.0 
8654 166 0.00634563714266 
8654 311 0.0 
8654 331 0.0 
8654 350 0.0 
8654 350 0.0 
8654 350 0.0 
8654 350 0.0 
8655 7 0.0 
8656 67 0.0 
8657 15 0.0 
8657 15 0.0 
8657 299 0.0 
8657 332 0.0 
8658 354 0.0 
8659 305 0.0 
8660 155 0.0 
8661 3 0.0 
8661 8 0.0 
8661 8 0.0 
8661 8 0.0 
8661 8 0.0 
8661 8 0.0 
8661 110 0.00178352091461 
8661 110 0.00178352091461 
8661 113 0.0 
8661 113 0.0 
8661 124 0.0 
8661 128 0.0236519183964 
8661 128 0.0 
8661 128 0.0 
8661 128 0.0 
8661 128 0.0 
8661 128 0.0 
8661 166 0.0 
8661 251 0.0 
8661 254 0.0 
8661 287 0.0 
8661 290 0.0 
8661 298 0.0 
8661 298 0.0 
8661 306 0.0 
8661 309 0.0 
8661 310 0.0 
8661 311 0.0 
8661 312 0.0 
8661 313 0.0 
8661 331 0.0 
8661 334 0.0 
8661 335 0.0 
8661 336 0.0 
8661 337 0.0 
8661 337 0.0 
8661 337 0.0 
8661 338 0.0 
8661 338 0.0 
8661 338 0.0 
8661 338 0.0 
8661 338 0.0 
8661 338 0.0 
8661 338 0.0 
8661 338 0.0 
8661 338 0.0 
8661 338 0.0 
8661 338 0.0 
8661 338 0.0 
8661 338 0.0 
8661 338 0.0 
8661 338 0.0 
8661 338 0.0 
8661 340 0.0 
8661 340 0.0 
8661 352 0.0 
8661 352 0.0 
8662 190 0.0 
8663 111 0.0 
8663 111 0.0 
8663 303 0.0 
8663 303 0.0 
8663 303 0.00729554239661 
8663 303 0.00460297474638 
8664 160 0.0 
8665 113 0.0 
8666 254 0.0 
8666 299 0.0 
8666 338 0.0 
8666 339 0.0 
8666 342 0.0 
8667 13 0.0 
8668 285 0.0 
8669 350 0.0 
8670 113 0.0 
8671 354 0.0 
8671 354 0.0 
8671 354 0.0 
8671 354 0.0 
8672 67 0.0 
8673 128 0.0 
8673 128 0.0 
8673 128 0.0 
8673 307 0.0 
8673 310 0.0 
8673 313 0.00587613787502 
8673 328 0.0 
8674 105 0.0 
8674 105 0.0 
8674 105 0.0 
8674 105 0.0 
8674 105 0.0 
8675 97 0.00733629940078 
8675 186 0.0 
8675 344 0.00652466760948 
8676 2 0.0 
8676 8 0.0 
8676 8 0.0 
8676 66 0.0 
8676 228 0.0 
8676 228 0.0 
8676 229 0.0 
8676 229 0.0 
8676 230 0.0 
8676 230 0.0 
8676 231 0.0 
8676 231 0.0 
8676 234 0.0 
8676 234 0.0 
8676 238 0.0 
8676 238 0.0 
8676 243 0.0 
8676 243 0.0 
8676 244 0.0 
8676 244 0.0 
8676 251 0.0 
8676 251 0.0 
8676 253 0.0 
8676 253 0.0 
8676 254 0.0 
8676 254 0.0 
8677 7 0.0 
8678 218 0.0 
8678 281 0.0 
8678 281 0.0 
8678 287 0.0 
8678 331 0.0 
8679 8 0.0 
8679 108 0.0 
8679 111 0.0 
8680 350 0.0 
8681 110 0.0 
8682 11 0.0 
8682 110 0.0 
8683 28 0.0 
8683 113 0.0 
8684 128 0.0 
8684 281 0.0 
8684 308 0.0 
8684 339 0.0 
8684 350 0.0 
8684 350 0.0 
8685 1 0.0 
8685 1 0.0 
8685 1 0.0 
8685 1 0.0193117279559 
8685 4 0.0 
8685 9 0.0 
8685 9 0.0 
8685 9 0.0 
8685 10 0.0 
8685 10 0.0 
8685 10 0.0 
8685 10 0.0 
8685 30 0.0 
8685 30 0.0 
8685 36 0.165707081556 
8685 61 0.0 
8685 61 0.187599658966 
8685 61 0.0 
8685 61 0.0 
8685 65 0.00845444295555 
8685 66 0.0 
8685 70 0.0 
8685 80 0.0 
8685 80 0.0 
8685 80 0.0 
8685 82 0.0 
8685 85 0.0 
8685 85 0.0 
8685 85 0.0 
8685 85 0.0 
8685 86 0.0 
8685 86 0.0 
8685 86 0.0 
8685 86 0.0 
8685 91 0.0 
8685 93 0.0 
8685 93 0.0 
8685 124 0.0 
8685 124 0.0 
8685 124 0.0 
8685 124 0.0 
8685 124 0.0 
8685 209 0.0 
8685 280 0.0 
8685 281 0.0 
8685 336 0.0 
8685 336 0.0 
8685 336 0.0 
8685 336 0.0 
8685 336 0.0 
8685 336 0.0 
8685 336 0.0 
8685 336 0.0 
8686 199 0.0 
8687 110 0.0 
8688 110 0.0 
8689 11 0.0 
8689 110 0.0 
8690 11 0.0 
8690 11 0.0 
8690 11 0.0 
8691 11 0.0 
8692 254 0.0 
8692 254 0.0 
8693 11 0.0 
8693 254 0.0 
8694 11 0.0 
8694 11 0.0 
8695 199 0.0 
8696 10 0.0 
8696 85 0.0 
8697 10 0.0 
8697 10 0.0 
8697 10 0.0 
8697 10 0.0 
8697 10 0.0 
8697 16 0.0 
8697 20 0.0 
8697 20 0.0 
8697 20 0.0 
8697 85 0.0 
8697 85 0.0 
8697 85 0.0 
8697 85 0.0 
8697 85 0.0 
8697 91 0.0 
8697 91 0.0 
8697 91 0.0 
8697 91 0.0 
8697 91 0.0 
8697 91 0.0 
8697 91 0.0 
8697 91 0.0 
8697 124 0.0 
8697 124 0.0 
8697 124 0.0 
8697 124 0.0 
8697 187 0.0 
8697 187 0.0 
8697 187 0.0 
8697 187 0.0 
8697 187 0.0 
8697 187 0.0 
8697 193 0.0 
8697 193 0.0 
8697 193 0.0 
8697 193 0.0 
8697 193 0.0 
8697 193 0.0 
8697 208 0.0 
8697 208 0.0 
8697 208 0.0 
8697 239 0.0 
8697 239 0.0 
8697 307 0.0 
8698 19 0.0 
8698 20 0.0 
8698 20 0.0 
8698 20 0.0 
8698 20 0.0 
8698 20 0.0 
8698 124 0.0 
8698 124 0.0 
8698 187 0.0 
8698 193 0.0 
8698 208 0.0 
8698 208 0.0 
8698 208 0.0 
8698 208 0.0 
8698 208 0.0 
8698 213 0.0 
8698 213 0.0 
8698 213 0.0 
8698 213 0.0 
8698 278 0.0 
8698 302 0.0 
8699 10 0.0 
8699 10 0.0 
8699 12 0.0 
8699 20 0.0 
8699 20 0.0 
8699 20 0.0 
8699 20 0.0 
8699 85 0.0 
8699 85 0.0 
8699 124 0.0 
8699 187 0.0 
8699 187 0.0 
8699 187 0.0 
8699 193 0.0 
8699 193 0.0 
8699 193 0.0 
8699 208 0.0 
8699 208 0.0 
8699 208 0.0 
8699 208 0.0 
8699 213 0.0 
8699 239 0.0 
8699 267 0.0 
8699 328 0.0 
8700 17 0.0 
8700 20 0.0 
8700 91 0.0 
8700 91 0.0 
8700 91 0.0 
8700 91 0.0 
8700 91 0.0 
8700 91 0.0 
8700 91 0.0 
8700 91 0.0 
8700 91 0.0 
8700 91 0.0 
8700 91 0.0 
8700 91 0.0 
8700 91 0.0 
8700 124 0.0 
8700 124 0.0 
8700 124 0.0 
8700 124 0.0 
8700 124 0.0 
8700 148 0.0 
8700 187 0.0 
8700 187 0.0 
8700 187 0.0 
8700 187 0.0 
8700 187 0.0 
8700 187 0.0 
8700 193 0.0 
8700 193 0.0 
8700 193 0.0 
8700 193 0.0 
8700 193 0.0 
8700 193 0.0 
8700 208 0.0 
8700 213 0.0 
8700 327 0.0 
8701 20 0.0 
8701 91 0.0 
8701 91 0.0 
8701 91 0.0 
8701 91 0.0 
8701 91 0.0 
8701 91 0.0 
8701 91 0.0 
8701 91 0.0 
8701 91 0.0 
8701 124 0.0 
8701 124 0.0 
8701 124 0.0 
8701 124 0.0 
8701 124 0.0 
8701 124 0.0 
8701 124 0.0 
8701 124 0.0 
8701 175 0.0 
8701 187 0.0 
8701 187 0.0 
8701 187 0.0 
8701 187 0.0 
8701 187 0.0 
8701 187 0.0 
8701 187 0.0 
8701 193 0.0 
8701 193 0.0 
8701 193 0.0 
8701 193 0.0 
8701 193 0.0 
8701 193 0.0 
8701 193 0.0 
8701 208 0.0 
8701 213 0.0 
8701 239 0.0 
8701 239 0.0 
8702 124 0.0 
8703 20 0.0 
8703 124 0.0 
8703 175 0.0 
8703 187 0.0 
8703 193 0.0 
8703 208 0.0 
8704 10 0.0 
8704 20 0.0 
8704 20 0.0 
8704 20 0.0 
8704 85 0.0 
8704 124 0.0 
8704 124 0.0 
8704 175 0.0 
8704 187 0.0 
8704 187 0.0 
8704 192 0.0 
8704 193 0.0 
8704 193 0.0 
8704 208 0.0 
8704 208 0.0 
8704 208 0.0 
8704 213 0.0 
8704 213 0.0 
8704 302 0.0 
8705 187 0.0 
8705 187 0.0 
8705 187 0.0 
8705 187 0.0 
8705 187 0.0 
8705 187 0.0 
8705 187 0.0 
8705 187 0.0 
8705 193 0.0 
8705 193 0.0 
8705 193 0.0 
8705 193 0.0 
8705 193 0.0 
8705 193 0.0 
8705 193 0.0 
8705 193 0.0 
8705 239 0.0 
8705 239 0.0 
8705 312 0.0 
8705 313 0.0 
8705 352 0.0 
8706 11 0.0 
8706 94 0.0 
8706 175 0.0 
8706 175 0.0 
8706 175 0.0 
8706 187 0.0 
8706 187 0.0 
8706 187 0.0 
8706 187 0.0 
8706 193 0.0 
8706 193 0.0 
8706 193 0.0 
8706 193 0.0 
8706 218 0.0 
8706 239 0.0 
8706 239 0.0 
8706 239 0.0 
8706 277 0.0 
8706 301 0.0 
8707 210 0.0 
8707 311 0.0 
8708 14 0.0 
8708 175 0.0 
8708 187 0.0 
8708 193 0.0 
8708 213 0.0 
8708 219 0.0 
8708 239 0.0 
8708 301 0.0 
8709 92 0.0 
8709 103 0.0 
8710 20 0.0 
8710 124 0.0 
8710 187 0.0 
8710 193 0.0 
8710 208 0.0 
8710 209 0.0 
8710 239 0.0 
8710 239 0.0 
8710 308 0.0 
8710 310 0.0 
8711 20 0.0 
8711 20 0.0 
8711 207 0.0 
8711 208 0.0 
8711 208 0.0 
8711 309 0.0 
8712 20 0.0 
8712 20 0.0 
8712 20 0.0 
8712 187 0.0 
8712 187 0.0 
8712 193 0.0 
8712 193 0.0 
8712 208 0.0 
8712 208 0.0 
8712 208 0.0 
8712 213 0.0 
8712 239 0.0 
8712 277 0.0 
8712 302 0.0 
8713 10 0.0 
8713 20 0.0 
8713 20 0.0 
8713 20 0.0 
8713 85 0.0 
8713 159 0.0 
8713 187 0.0 
8713 187 0.0 
8713 193 0.0 
8713 193 0.0 
8713 196 0.0 
8713 208 0.0 
8713 208 0.0 
8713 208 0.0 
8713 213 0.0 
8713 213 0.0 
8713 213 0.0 
8713 213 0.0 
8713 239 0.0 
8713 277 0.0 
8713 332 0.0 
8714 28 0.0 
8714 113 0.0 
8715 239 0.0 
8715 301 0.0 
8715 301 0.0 
8715 301 0.0 
8716 10 0.0 
8716 85 0.0 
8716 187 0.0 
8716 193 0.0 
8716 277 0.0 
8717 187 0.0 
8717 193 0.0 
8717 277 0.0 
8717 331 0.0 
8717 336 0.0 
8718 187 0.0 
8718 193 0.0 
8718 239 0.0 
8718 277 0.0 
