8719 16 0.0 
8719 113 0.0 
8719 113 0.0 
8719 113 0.0 
8720 128 0.0 
8721 128 0.0 
8721 128 0.0 
8721 128 0.0 
8721 128 0.0 
8722 77 0.0 
8722 77 0.0 
8722 77 0.0 
8723 8 0.00825910456479 
8723 28 0.0 
8723 350 0.0 
8723 350 0.0 
8723 350 0.0 
8724 111 0.00853020045906 
8724 111 0.00853020045906 
8724 124 0.0 
8724 124 0.0 
8724 222 0.0 
8724 244 0.0 
8724 279 0.0 
8724 279 0.0 
8724 281 0.0 
8724 284 0.0 
8724 287 0.0 
8724 290 0.0 
8724 294 0.0 
8724 298 0.0 
8724 298 0.0 
8724 298 0.0 
8724 337 0.0 
8724 338 0.0 
8725 350 0.0 
8726 173 0.0 
8726 290 0.0 
8727 350 0.0 
8728 124 0.0 
8729 48 0.0 
8730 12 0.0 
8730 15 0.0 
8730 21 0.0 
8730 44 0.0 
8730 95 0.0 
8730 96 0.0 
8730 97 0.00733629940078 
8730 98 0.0 
8730 100 0.0 
8730 102 0.0 
8730 115 0.0 
8730 117 0.0 
8730 118 0.0 
8730 163 0.0 
8730 191 0.0 
8730 194 0.0 
8730 197 0.0 
8730 202 0.0 
8730 205 0.0 
8730 206 0.0 
8730 209 0.0 
8730 210 0.0 
8730 218 0.0 
8730 219 0.0 
8730 220 0.0 
8730 221 0.0 
8730 222 0.0 
8730 223 0.0 
8730 224 0.0 
8730 225 0.0 
8730 226 0.0 
8730 232 0.0 
8730 233 0.0 
8730 245 0.0 
8730 246 0.0 
8730 247 0.0 
8730 248 0.0 
8730 249 0.0 
8730 250 0.0 
8730 293 0.0 
8730 294 0.0 
8730 344 0.00411660689861 
8730 344 0.00652466760948 
8731 8 0.00825910456479 
8731 8 0.00825910456479 
8731 14 0.0 
8731 113 0.0 
8731 113 0.0 
8731 128 0.0 
8731 128 0.0 
8731 128 0.0 
8731 128 0.0 
8731 128 0.0 
8731 128 0.0 
8731 128 0.0236519183964 
8731 275 0.0 
8731 309 0.0 
8731 310 0.0 
8731 310 0.0 
8731 311 0.0 
8731 334 0.0 
8731 334 0.0 
8731 334 0.0 
8731 334 0.000772167230025 
8731 334 0.0 
8731 334 0.0 
8731 334 0.0 
8731 334 0.0 
8731 335 0.0 
8731 335 0.000285210146103 
8731 335 0.0 
8731 335 0.0 
8731 335 0.0 
8731 335 0.0 
8731 335 0.0 
8731 335 0.0 
8731 337 0.0 
8731 337 0.0 
8731 337 0.0 
8731 337 0.0 
8731 337 0.0 
8731 337 0.0 
8731 337 0.000392857007682 
8731 337 0.0 
8731 338 0.0016704343725 
8731 338 0.0 
8731 338 0.0 
8731 338 0.0 
8731 338 0.0 
8731 338 0.0 
8731 338 0.0 
8731 338 0.0 
8731 338 0.0 
8731 352 0.0 
8732 113 0.0 
8733 1 0.0 
8733 1 0.0 
8733 4 0.0 
8733 4 0.0 
8733 4 0.0 
8733 4 0.0 
8733 4 0.0 
8733 9 0.0 
8733 9 0.0 
8733 10 0.0 
8733 10 0.0 
8733 10 0.0 
8733 10 0.0 
8733 16 0.0046983496286 
8733 17 0.00502746133134 
8733 19 0.00426362873986 
8733 30 0.0 
8733 61 0.0 
8733 61 0.0 
8733 70 0.0 
8733 80 0.0 
8733 80 0.0 
8733 85 0.0 
8733 85 0.0 
8733 85 0.0 
8733 85 0.0 
8733 86 0.0 
8733 86 0.0 
8733 86 0.0 
8733 86 0.0 
8733 86 0.0 
8733 91 0.0 
8733 91 0.0 
8733 91 0.0 
8733 91 0.0 
8733 91 0.0 
8733 93 0.0 
8733 93 0.0 
8733 93 0.0 
8733 93 0.0 
8733 93 0.0 
8733 93 0.0 
8733 111 0.00853020045906 
8733 111 0.00853020045906 
8733 113 0.0 
8733 113 0.0 
8733 113 0.0 
8733 132 0.0289079025388 
8733 135 0.0289079025388 
8733 138 0.00260496744886 
8733 142 0.00809871219099 
8733 143 0.0 
8733 143 0.00809871219099 
8733 144 0.019271934405 
8733 146 0.0228721853346 
8733 146 0.0 
8733 151 0.0 
8733 151 0.011190155521 
8733 156 0.0 
8733 156 0.0114992754534 
8733 164 0.0 
8733 164 0.0193117298186 
8733 164 0.0 
8733 166 0.0 
8733 167 0.0132646225393 
8733 167 0.0210239291191 
8733 167 0.0 
8733 167 0.0 
8733 184 0.00396428443491 
8733 192 0.0167852342129 
8733 196 0.0145910847932 
8733 207 0.00431972881779 
8733 212 0.00839261710644 
8733 213 0.0345223098993 
8733 213 0.0 
8733 216 0.00164767575916 
8733 217 0.0 
8733 217 0.0 
8733 232 0.0118306083605 
8733 232 0.00746428314596 
8733 232 0.00746428314596 
8733 232 0.00746428314596 
8733 232 0.0118306083605 
8733 255 0.0 
8733 262 0.00657567800954 
8733 262 0.0 
8733 278 0.0 
8733 278 0.0011587907793 
8733 282 0.0 
8733 299 0.0 
8733 299 0.0 
8734 113 0.0 
8734 113 0.0 
8734 113 0.0 
8734 113 0.0 
8734 128 0.0 
8735 3 0.0 
8735 3 0.0 
8735 7 0.0 
8735 7 0.0 
8735 7 0.0 
8735 25 0.0 
8735 28 0.0 
8735 28 0.0 
8735 113 0.0 
8735 113 0.0 
8735 113 0.0 
8735 113 0.0 
8735 113 0.0 
8735 113 0.0 
8735 113 0.0 
8735 113 0.0 
8735 113 0.0 
8735 113 0.0 
8735 113 0.0 
8735 113 0.0301647670567 
8735 113 0.0 
8735 113 0.0 
8735 113 0.0 
8735 113 0.0 
8735 113 0.0 
8735 113 0.0 
8735 113 0.0 
8735 289 0.0 
8735 289 0.0 
8735 306 0.0 
8735 330 0.0 
8735 333 0.0 
8735 341 0.0 
8735 343 0.0 
8735 345 0.0 
8735 350 0.0 
8735 353 0.0 
8735 354 0.0 
8735 355 0.0 
8735 356 -0.0 
8736 4 0.0 
8736 28 0.0 
8736 83 0.0 
8736 106 0.00361762428656 
8736 204 0.0 
8737 5 0.0 
8737 5 0.0 
8737 28 0.0 
8737 83 0.0 
8737 113 0.0 
8737 350 0.0 
8737 350 0.0 
8737 350 0.0 
8738 270 0.0 
8739 350 0.0 
8740 337 0.0 
8741 340 0.0 
8742 124 0.0 
8742 124 0.0 
8742 124 0.0 
8742 124 0.0 
8742 331 0.0 
8742 350 0.0 
8742 350 0.0 
8743 48 0.0 
8744 340 0.0 
8745 124 0.0 
8746 299 0.0 
8746 299 0.0 
8746 299 0.0 
8746 350 0.0 
8747 305 0.0 
8747 305 0.0 
8747 306 0.0 
8748 306 0.0 
8749 113 0.0 
8750 113 0.0 
8750 113 0.0 
8750 113 0.0 
8750 113 0.0 
8750 113 0.0 
8750 113 0.0 
8750 113 0.0 
8750 113 0.0 
8750 173 0.0 
8750 299 0.0 
8750 305 0.0 
8750 331 0.0 
8750 331 0.0 
8751 103 0.0 
8751 217 0.0 
8751 299 0.0 
8751 307 0.0 
8751 340 0.0 
8751 340 0.0 
8751 350 0.0 
8752 113 0.0 
8753 128 0.0 
8754 12 0.0 
8754 21 0.0 
8754 22 0.0 
8754 95 0.0 
8754 96 0.0 
8754 98 0.0 
8754 100 0.0 
8754 102 0.0 
8754 115 0.0 
8754 117 0.0 
8754 118 0.0 
8754 163 0.0 
8754 191 0.0 
8754 194 0.0 
8754 197 0.0 
8754 202 0.0 
8754 205 0.0 
8754 206 0.0 
8754 209 0.0 
8754 210 0.0 
8754 218 0.0 
8754 219 0.0 
8754 220 0.0 
8754 221 0.0 
8754 222 0.0 
8754 223 0.0 
8754 224 0.0 
8754 225 0.0 
8754 226 0.0 
8754 232 0.0 
8754 233 0.0 
8754 245 0.0 
8754 246 0.0 
8754 247 0.0 
8754 248 0.0 
8754 249 0.0 
8754 250 0.0 
8754 294 0.0 
8755 271 0.0 
8756 111 0.00853020045906 
8757 3 0.0 
8757 4 0.0 
8757 299 0.0 
8758 299 0.0 
8759 228 0.0 
8759 228 0.0 
8759 228 0.00347406766377 
8759 228 0.0 
8760 16 0.0 
8760 16 0.0 
8760 16 0.0 
8760 16 0.0 
8760 16 0.0 
8760 17 0.0 
8760 17 0.0 
8760 17 0.0 
8760 17 0.0 
8760 17 0.0 
8760 19 0.0 
8760 19 0.0 
8760 19 0.0 
8760 19 0.0 
8760 19 0.0 
8760 132 0.0 
8760 132 0.0 
8760 132 0.0 
8760 132 0.0 
8760 132 0.0 
8760 135 0.0 
8760 135 0.0 
8760 135 0.0 
8760 135 0.0 
8760 135 0.0 
8760 138 0.0 
8760 138 0.0 
8760 138 0.0 
8760 138 0.0 
8760 138 0.0 
8760 142 0.0 
8760 142 0.0 
8760 142 0.0 
8760 142 0.0 
8760 142 0.0 
8760 143 0.0 
8760 143 0.0 
8760 143 0.0 
8760 143 0.0 
8760 143 0.0 
8760 144 0.0 
8760 144 0.0 
8760 144 0.0 
8760 144 0.0 
8760 144 0.0 
8760 146 0.0 
8760 146 0.0 
8760 146 0.0 
8760 146 0.0 
8760 146 0.0 
8760 151 0.0 
8760 151 0.0 
8760 151 0.0 
8760 151 0.0 
8760 151 0.0 
8760 156 0.0 
8760 156 0.0 
8760 156 0.0 
8760 156 0.0 
8760 156 0.0 
8760 167 0.0 
8760 167 0.0 
8760 167 0.0 
8760 167 0.0 
8760 167 0.0 
8760 192 0.0 
8760 192 0.0 
8760 192 0.0 
8760 192 0.0 
8760 192 0.0 
8760 196 0.0 
8760 196 0.0 
8760 196 0.0 
8760 196 0.0 
8760 196 0.0 
8760 207 0.0 
8760 207 0.0 
8760 207 0.0 
8760 207 0.0 
8760 207 0.0 
8760 212 0.0 
8760 212 0.0 
8760 212 0.0 
8760 212 0.0 
8760 212 0.0 
8761 14 0.0 
8761 111 0.00853020045906 
8762 113 0.0 
8762 113 0.0 
8762 113 0.0 
8762 113 0.0 
8762 113 0.0 
8762 113 0.0 
8762 113 0.0 
8762 113 0.0 
8762 113 0.0 
8762 113 0.0 
8762 113 0.0 
8762 113 0.0 
8762 113 0.0 
8762 113 0.0 
8762 113 0.0 
8762 113 0.0 
8762 113 0.0 
8762 113 0.0 
8762 113 0.0 
8762 113 0.0 
8762 113 0.0 
8762 113 0.0 
8762 113 0.0 
8762 113 0.0 
8762 113 0.0 
8762 113 0.0 
8762 113 0.0 
8762 113 0.0 
8762 113 0.0 
8762 113 0.0 
8762 113 0.0 
8762 113 0.0 
8762 113 0.0 
8762 121 0.0 
8762 204 0.0 
8762 299 0.0 
8763 227 0.0 
8764 207 0.0 
8764 207 0.0 
8765 113 0.0 
8765 113 0.0 
8765 113 0.0 
8765 113 0.0 
8765 113 0.0 
8765 113 0.0 
8765 113 0.0 
8766 3 0.0 
8766 22 0.0 
8766 28 0.0 
8766 83 0.0 
8767 113 0.0 
8768 24 0.0 
8768 256 0.0 
8769 1 0.0193117279559 
8769 9 0.00448190327734 
8769 10 0.00220335158519 
8769 13 0.0 
8769 13 0.00377355632372 
8769 13 0.0 
8769 24 0.0 
8769 28 0.0 
8769 61 0.187599658966 
8769 80 0.656598806381 
8769 85 0.0051097185351 
8769 86 0.0625332221389 
8769 107 0.0 
8769 107 0.00484039308503 
8769 108 0.0 
8769 113 0.0 
8769 128 0.0 
8769 128 0.0 
8769 128 0.0 
8769 128 0.0 
8769 128 0.0 
8769 128 0.0 
8769 128 0.0 
8769 128 0.0 
8769 128 0.0 
8769 210 0.0 
8769 218 0.0 
8769 237 0.00230385549366 
8769 237 0.00230385549366 
8769 237 0.0 
8769 241 0.0162457935512 
8769 241 0.0 
8769 241 0.0162457935512 
8769 255 0.0 
8769 256 0.0 
8769 270 0.0 
8769 279 0.0 
8769 279 0.0 
8769 283 0.0 
8769 284 0.0 
8769 288 0.0 
8769 299 0.0 
8769 299 0.0 
8769 334 0.0 
8769 334 0.0 
8769 334 0.0 
8769 334 0.0 
8769 334 0.0 
8769 334 0.0 
8769 335 0.0 
8769 335 0.0 
8769 335 0.0 
8769 335 0.0 
8769 337 0.0 
8769 337 0.0 
8769 338 0.0 
8769 350 0.0 
8770 83 0.0 
8771 281 0.0 
8771 305 0.0 
8771 305 0.0 
8771 340 0.0 
8771 340 0.0 
8771 354 0.0 
8772 113 0.0 
8773 44 0.0 
8774 16 0.0 
8774 21 0.0 
8774 48 0.0 
8774 94 0.0 
8774 95 0.0 
8774 111 0.0 
8774 192 0.0 
8774 257 0.0 
8774 261 0.0 
8774 263 0.0 
8774 276 0.0 
8774 313 0.0 
8774 328 0.0 
8775 350 0.0 
8776 299 0.0 
8777 11 0.0 
8777 14 0.00837753992528 
8777 25 0.0 
8777 25 0.0 
8777 25 0.0 
8777 25 0.0 
8777 25 0.0 
8777 25 0.0 
8777 25 0.0 
8777 25 0.0 
8777 25 0.0 
8777 25 0.0 
8777 25 0.0 
8777 25 0.0 
8777 66 0.0 
8777 66 0.00462868949398 
8777 66 0.00462868949398 
8777 104 0.0051497942768 
8777 106 0.00573379872367 
8777 107 0.00484039308503 
8777 108 0.00367733021267 
8777 109 0.00612167315558 
8777 111 0.0 
8777 111 0.00853020045906 
8777 112 0.000252838770393 
8777 113 0.0301647670567 
8777 114 0.0106764035299 
8777 116 0.0104222027585 
8777 119 0.0231263209134 
8777 120 0.00264805206098 
8777 121 0.0277515854686 
8777 122 0.0231263209134 
8777 123 0.000307037087623 
8777 125 0.0216809269041 
8777 126 0.0216809269041 
8777 127 0.000317960424582 
8777 128 0.0236519183964 
8777 129 0.0204055774957 
8777 130 0.020207464695 
8777 131 0.00809871219099 
8777 134 0.00800526514649 
8777 140 0.0175093002617 
8777 145 0.00809871219099 
8777 147 0.018751071766 
8777 148 0.0179428346455 
8777 149 0.0242019649595 
8777 150 0.0080361738801 
8777 158 0.0216809269041 
8777 159 0.00386153790168 
8777 162 0.00551763689145 
8777 165 0.0022284463048 
8777 168 0.0107287056744 
8777 174 0.0136932171881 
8777 175 0.00426510022953 
8777 177 0.0108972201124 
8777 187 0.00656583253294 
8777 193 0.0145910847932 
8777 195 0.0060681309551 
8777 211 0.00356398802251 
8777 239 0.020844405517 
8777 254 0.0 
8777 254 0.0 
8777 254 0.0 
8777 254 0.0 
8777 254 0.0 
8777 254 0.0 
8777 254 0.0 
8777 254 0.0 
8777 277 0.0107287056744 
8777 288 0.0 
8777 301 0.00441904226318 
8777 322 0.0 
8777 322 0.0 
8777 322 0.0 
8777 322 0.0 
8777 341 0.0 
8777 341 0.0 
8777 341 0.0 
8777 341 0.0 
8777 341 0.0 
8777 341 0.0 
8777 341 0.0 
8777 341 0.0 
8777 341 0.0 
8777 341 0.0 
8777 341 0.0 
8777 341 0.0 
8777 349 0.00025013287086 
8777 354 0.0 
8777 354 0.0 
8777 354 0.0 
8777 354 0.0 
8777 354 0.0 
8777 354 0.0 
8777 355 0.0 
8777 355 0.0 
8777 355 0.0 
8777 355 0.0 
8777 355 0.0 
8777 355 0.0 
8778 322 0.0 
8779 340 0.0 
8779 351 0.0 
8780 340 0.0 
8780 340 0.0 
8781 14 0.0 
8781 14 0.0 
8781 44 0.0 
8781 44 0.0 
8781 83 0.0 
8781 83 0.0 
8781 83 0.0 
8781 92 0.0 
8781 113 0.0301647670567 
8781 121 0.0 
8781 121 0.0 
8782 176 0.0 
8782 176 0.0 
8783 13 0.0 
8783 103 0.0 
8783 113 0.0 
8783 113 0.0 
8783 113 0.0 
8783 113 0.0 
8783 124 0.0 
8783 124 0.0 
8784 350 0.0 
8785 113 0.0 
8785 113 0.0 
8785 113 0.0 
8785 113 0.0 
8785 113 0.0 
8785 113 0.0 
8785 113 0.0 
8785 113 0.0 
8785 113 0.0 
8785 113 0.0 
8785 113 0.0 
8785 113 0.0 
8785 292 0.0 
8786 219 0.0 
8787 109 0.0 
8787 331 0.0 
8787 340 0.0 
8788 67 0.0 
8789 111 0.00853020045906 
8790 44 0.0 
8791 189 0.0 
8792 105 0.0 
8793 189 0.00452826777473 
8793 189 0.0 
8794 54 0.0 
8794 350 0.0 
8794 350 0.0 
8794 350 0.0 
8794 350 0.0 
8795 113 0.0 
8796 48 0.0 
8796 54 0.0 
8796 54 0.0 
8796 54 0.0 
8796 70 0.0 
8797 279 0.0 
8798 97 0.0 
8798 97 0.0 
8798 344 0.0 
8798 344 0.0 
8799 112 0.0 
8799 113 0.0 
8799 113 0.0 
8799 254 0.0 
8799 279 0.0 
8799 305 0.0 
8799 354 0.0 
8800 335 0.0 
8800 335 0.0 
8800 335 0.0 
8800 335 0.0 
8800 335 0.0 
8800 335 0.0 
8800 335 0.0 
8800 335 0.000285210146103 
8801 113 0.0 
8801 113 0.0 
8801 340 0.0 
8802 38 0.0 
8803 9 0.0 
8803 80 0.0 
8804 19 0.0 
8805 28 0.0 
8806 28 0.0 
8806 113 0.0 
8806 340 0.0 
8807 113 0.0 
8807 113 0.0 
8808 38 0.0 
8809 38 0.0 
8809 38 0.0 
8809 38 0.0 
8809 38 0.0 
8809 38 0.0 
8809 38 0.0 
8809 38 0.0 
8809 38 0.0 
8809 38 0.0 
8809 38 0.0 
8810 27 0.000644989020657 
8811 54 0.0 
8811 54 0.0 
8812 336 0.0 
8813 1 0.0 
8813 3 0.0 
8813 61 0.0 
8813 103 0.0 
8813 283 0.0 
8813 283 0.0 
8813 285 0.0 
8813 289 0.0 
8813 289 0.0 
8813 305 0.0 
8813 306 0.0 
8813 321 0.0 
8813 340 0.0 
8813 340 0.0 
8813 340 0.0 
8813 340 0.0 
8814 299 0.0 
8815 124 0.0 
8815 128 0.0 
8815 244 0.0 
8816 7 0.0 
8816 54 0.0 
8817 28 0.0 
8818 8 0.0 
8818 8 0.0 
8818 128 0.0 
8818 128 0.0 
8818 128 0.0 
8818 350 0.0 
8819 113 0.0 
8820 154 0.0 
8821 199 0.0 
8822 44 0.0 
8822 113 0.0 
8822 113 0.0 
8822 113 0.0 
8822 113 0.0 
8822 281 0.0 
8822 305 0.0 
8822 306 0.0 
8823 338 0.0 
8823 338 0.0 
8823 338 0.0 
8824 105 0.0 
8824 105 0.0 
8824 105 0.0 
8824 105 0.00721537088975 
8824 105 0.0 
8824 105 0.0 
8824 105 0.0 
8825 7 0.0 
8825 103 0.0 
8825 113 0.0 
8825 113 0.0 
8825 113 0.0 
8825 113 0.0 
8825 113 0.0 
8825 113 0.0 
8825 113 0.0 
8825 113 0.0 
8825 113 0.0 
8825 113 0.0 
8825 124 0.0 
8825 124 0.0 
8825 124 0.0 
8825 251 0.0 
8825 254 0.0 
8825 299 0.0 
8825 299 0.0 
8825 350 0.0 
8825 350 0.0 
8825 350 0.0 
8825 350 0.0 
8825 350 0.0 
8826 5 0.0 
8826 5 0.0 
8826 28 0.0 
8826 173 0.0 
8826 173 0.0 
8826 181 0.0 
8827 350 0.0 
8828 38 0.0 
8829 113 0.0 
8830 136 0.0 
8831 133 0.0 
8832 128 0.0 
8832 228 0.0 
8832 307 0.0 
8832 307 0.0 
8832 340 0.0 
8833 285 0.0 
8834 111 0.0 
8834 124 0.0 
8834 124 0.0 
8834 124 0.0 
8835 110 0.0 
8835 110 0.0 
8835 110 0.0 
8835 209 0.0 
8835 209 0.0 
8835 271 0.0 
8835 280 0.0 
8835 293 0.0 
8836 1 0.0193117279559 
8836 4 0.0 
8836 4 0.0 
8836 5 0.0 
8836 7 0.0 
8836 8 0.0 
8836 8 0.0 
8836 8 0.0 
8836 8 0.0 
8836 8 0.0 
8836 8 0.0 
8836 8 0.0 
8836 8 0.0 
8836 8 0.0 
8836 8 0.0 
8836 8 0.0 
8836 8 0.0 
8836 8 0.00825910456479 
8836 8 0.0 
8836 8 0.0 
8836 8 0.0 
8836 8 0.00825910456479 
8836 8 0.00825910456479 
8836 8 0.00825910456479 
8836 8 0.0 
8836 8 0.0 
8836 8 0.00825910456479 
8836 8 0.0 
8836 8 0.0 
8836 8 0.0 
8836 8 0.0 
8836 8 0.0 
8836 8 0.0 
8836 8 0.0 
8836 8 0.0 
8836 8 0.0 
8836 8 0.00825910456479 
8836 8 0.00521091464907 
8836 8 0.00825910456479 
8836 8 0.00825910456479 
8836 8 0.0 
8836 8 0.00825910456479 
8836 8 0.0 
8836 8 0.00825910456479 
8836 8 0.0 
8836 8 0.0 
8836 8 0.0 
8836 8 0.0 
8836 8 0.0 
8836 8 0.0 
8836 8 0.0 
8836 8 0.0 
8836 8 0.0 
8836 8 0.0 
8836 8 0.0 
8836 8 0.0 
8836 8 0.0 
8836 8 0.0 
8836 8 0.0 
8836 8 0.0 
8836 8 0.0 
8836 8 0.0 
8836 8 0.0 
8836 8 0.0 
8836 8 0.0 
8836 8 0.0 
8836 8 0.0 
8836 8 0.0 
8836 8 0.0 
8836 8 0.00825910456479 
8836 8 0.0 
8836 8 0.00825910456479 
8836 8 0.0 
8836 8 0.0 
8836 8 0.00825910456479 
8836 8 0.0 
8836 8 0.0 
8836 8 0.0 
8836 8 0.00825910456479 
8836 8 0.0 
8836 8 0.0 
8836 8 0.0 
8836 8 0.0 
8836 8 0.0 
8836 8 0.0 
8836 8 0.0 
8836 8 0.00521091464907 
8836 8 0.00825910456479 
8836 8 0.0 
8836 8 0.0 
8836 8 0.0 
8836 8 0.0 
8836 8 0.0 
8836 10 0.0 
8836 10 0.00220335158519 
8836 16 0.0 
8836 16 0.0046983496286 
8836 17 0.00502746133134 
8836 19 0.00426362873986 
8836 22 0.0 
8836 22 0.0 
8836 22 0.0 
8836 22 0.0 
8836 22 0.0 
8836 22 0.0 
8836 22 0.0 
8836 22 0.0 
8836 22 0.0 
8836 22 0.0656598731875 
8836 22 0.0656598731875 
8836 22 0.0 
8836 22 0.0 
8836 25 0.0 
8836 28 0.0 
8836 28 0.0 
8836 28 0.0 
8836 28 0.0 
8836 28 0.0 
8836 30 0.0 
8836 30 0.0 
8836 39 0.0 
8836 54 0.0 
8836 54 0.0 
8836 61 0.187599658966 
8836 66 0.0 
8836 70 0.0 
8836 75 0.0 
8836 75 0.0 
8836 75 0.0 
8836 75 0.0 
8836 77 0.187599658966 
8836 77 0.0 
8836 77 0.118362210691 
8836 77 0.0 
8836 78 0.414267718792 
8836 82 0.0 
8836 83 0.0 
8836 83 0.0 
8836 83 0.0 
8836 85 0.0051097185351 
8836 85 0.0 
8836 86 0.0 
8836 86 0.0625332221389 
8836 86 0.0 
8836 91 0.0 
8836 91 0.0 
8836 91 0.0257489737123 
8836 93 0.011519276537 
8836 93 0.011519276537 
8836 93 0.0 
8836 93 0.0 
8836 93 0.0 
8836 93 0.011519276537 
8836 93 0.0 
8836 99 0.00854160264134 
8836 99 0.0 
8836 99 0.0 
8836 103 0.0 
8836 103 0.0 
8836 106 0.0 
8836 108 0.0 
8836 108 0.0 
8836 108 0.0 
8836 108 0.0 
8836 108 0.0 
8836 108 0.0 
8836 108 0.0 
8836 108 0.0 
8836 110 0.00178352091461 
8836 110 0.00178352091461 
8836 110 0.00178352091461 
8836 110 0.00178352091461 
8836 110 0.00178352091461 
8836 110 0.00178352091461 
8836 110 0.00178352091461 
8836 110 0.00178352091461 
8836 110 0.00178352091461 
8836 111 0.00853020045906 
8836 111 0.0 
8836 111 0.0 
8836 111 0.00853020045906 
8836 111 0.0 
8836 111 0.0 
8836 111 0.00853020045906 
8836 111 0.00853020045906 
8836 111 0.00853020045906 
8836 111 0.0 
8836 111 0.0 
8836 111 0.0 
8836 111 0.0 
8836 111 0.0 
8836 113 0.0 
8836 113 0.0 
8836 124 0.0 
8836 125 0.0 
8836 125 0.01367914211 
8836 132 0.0289079025388 
8836 135 0.0289079025388 
8836 138 0.00260496744886 
8836 141 0.0051097185351 
8836 141 0.0 
8836 142 0.00809871219099 
8836 143 0.00809871219099 
8836 144 0.019271934405 
8836 146 0.0228721853346 
8836 151 0.011190155521 
8836 156 0.00725523522124 
8836 156 0.0 
8836 156 0.0114992754534 
8836 166 0.0 
8836 167 0.0210239291191 
8836 171 0.0 
8836 171 0.00733629893512 
8836 173 0.0 
8836 173 0.0 
8836 173 0.0 
8836 178 0.00750398635864 
8836 178 0.0 
8836 184 0.0 
8836 189 0.0 
8836 192 0.0167852342129 
8836 192 0.0 
8836 196 0.0145910847932 
8836 207 0.00431972881779 
8836 212 0.00839261710644 
8836 227 0.0 
8836 228 0.0 
8836 228 0.0 
8836 228 0.00347406766377 
8836 228 0.0 
8836 228 0.0 
8836 229 0.0 
8836 229 0.0034925469663 
8836 229 0.0 
8836 229 0.0 
8836 229 0.0 
8836 230 0.0 
8836 230 0.0 
8836 230 0.0 
8836 230 0.0 
8836 230 0.00127001700457 
8836 231 0.0 
8836 231 0.0 
8836 231 0.0 
8836 231 0.00739763816819 
8836 231 0.0 
8836 231 0.0 
8836 231 0.0 
8836 231 0.0 
8836 231 0.0 
8836 231 0.0 
8836 231 0.00739763816819 
8836 231 0.0 
8836 234 0.0 
8836 234 0.0 
8836 234 0.0 
8836 234 0.00687537994236 
8836 234 0.0 
8836 234 0.0 
8836 234 0.0 
8836 234 0.0 
8836 234 0.0 
8836 234 0.0 
8836 238 0.00841793324798 
8836 238 0.0 
8836 238 0.00841793324798 
8836 238 0.0 
8836 238 0.0 
8836 238 0.0 
8836 238 0.0 
8836 238 0.0 
8836 238 0.0 
8836 238 0.0 
8836 238 0.0 
8836 243 0.0 
8836 243 0.0 
8836 243 0.0 
8836 243 0.0 
8836 243 0.00278219813481 
8836 243 0.0 
8836 243 0.0 
8836 243 0.0 
8836 243 0.0 
8836 243 0.0 
8836 243 0.0 
8836 243 0.0 
8836 243 0.0 
8836 244 0.0 
8836 244 0.0 
8836 244 0.0 
8836 244 0.0 
8836 244 0.0 
8836 244 0.0 
8836 244 0.00733217224479 
8836 244 0.0 
8836 244 0.0 
8836 251 0.0 
8836 251 0.0 
8836 251 0.0 
8836 251 0.00650097802281 
8836 251 0.0 
8836 251 0.0 
8836 251 0.0 
8836 251 0.0 
8836 251 0.0 
8836 251 0.00650097802281 
8836 251 0.0 
8836 251 0.0 
8836 253 0.0 
8836 253 0.0 
8836 253 0.0 
8836 253 0.0 
8836 253 0.0 
8836 253 0.0 
8836 253 0.0 
8836 253 0.000800730253104 
8836 253 0.0 
8836 254 0.0 
8836 254 0.0 
8836 254 0.0 
8836 254 0.0 
8836 254 0.0 
8836 254 0.00429293001071 
8836 254 0.0 
8836 254 0.0 
8836 254 0.0 
8836 254 0.0 
8836 254 0.0 
8836 254 0.0 
8836 271 0.0 
8836 277 0.00676905969158 
8836 280 0.0 
8836 296 0.00659898295999 
8836 296 0.0 
8836 307 0.0 
8836 311 0.0 
8836 330 0.0 
8836 331 0.0 
8836 331 0.0 
8836 331 0.0 
8836 333 0.0 
8836 336 0.0 
8836 336 0.0 
8836 336 0.0 
8836 336 0.0 
8836 336 0.0 
8836 336 0.0 
8836 336 0.0 
8836 336 0.0 
8836 336 0.0 
8836 341 0.0 
8836 343 0.0 
8836 345 0.0 
8836 347 0.00663231126964 
8836 347 0.0 
8836 350 0.0 
8836 350 0.0 
8836 350 0.0 
8836 350 0.0 
8836 353 0.0 
8836 354 0.0 
8836 355 0.0 
8836 355 0.0 
8836 356 -0.0 
8837 113 0.0 
8838 266 0.0 
8839 299 0.0 
8840 4 0.0 
8840 128 0.0 
8840 217 0.0 
8840 217 0.0 
8840 284 0.0 
8840 284 0.0 
8840 284 0.0 
8840 284 0.0 
8840 284 0.0 
8840 291 0.0 
8840 305 0.0 
8840 305 0.0 
8840 335 0.0 
8840 355 0.0 
8841 113 0.0 
8841 113 0.0 
8841 299 0.0 
8841 299 0.0 
8842 113 0.0 
8842 113 0.0 
8842 113 0.0 
8842 113 0.0 
8842 113 0.0301647670567 
8842 113 0.0 
8842 113 0.0 
8842 113 0.0 
8842 340 0.0 
8843 185 0.0 
8844 306 0.0 
8845 103 0.0 
8845 281 0.0 
8845 354 0.0 
8846 224 0.00733217224479 
8846 224 0.00733217224479 
8846 224 0.0116212181747 
8847 299 0.0 
8847 299 0.0 
8848 260 0.0 
8848 269 0.0 
8848 340 0.0 
8848 340 0.0 
8849 199 0.0 
8850 299 0.0 
8851 1 0.0193117279559 
8851 4 0.0 
8851 25 0.0 
8851 25 0.0 
8851 28 0.0 
8851 28 0.0 
8851 61 0.187599658966 
8851 103 0.0 
8851 128 0.0 
8851 128 0.0 
8851 166 0.0 
8851 173 0.0 
8851 217 0.0 
8851 255 0.0 
8851 304 0.0 
8851 304 0.000737131165806 
8851 304 0.000737131165806 
8851 306 0.0 
8851 306 0.0 
8851 306 0.0 
8851 306 0.0 
8851 307 0.0 
8851 307 0.0 
8851 322 0.0 
8851 322 0.0 
8851 322 0.0 
8851 330 0.0 
8851 330 0.0 
8851 331 0.0 
8851 331 0.0 
8851 333 0.0 
8851 333 0.0 
8851 341 0.0 
8851 341 0.0 
8851 343 0.0 
8851 343 0.0 
8851 345 0.0 
8851 345 0.0 
8851 350 0.0 
8851 350 0.0 
8851 350 0.0 
8851 350 0.0 
8851 350 0.0 
8851 350 0.0 
8851 350 0.0 
8851 350 0.0 
8851 350 0.00140192115214 
8851 350 0.0 
8851 350 0.00140192115214 
8851 351 0.0 
8851 351 0.0 
8851 351 0.0 
8851 351 0.0 
8851 351 0.0 
8851 351 0.0 
8851 351 0.0 
8851 351 0.0 
8851 351 0.00105815508869 
8851 351 0.0 
8851 351 0.0 
8851 351 0.0 
8851 351 0.0 
8851 353 0.0 
8851 353 0.0 
8851 354 0.0 
8851 354 0.0 
8851 355 0.0 
8851 355 0.0 
8851 355 0.0 
8851 355 0.0 
8851 356 -0.0 
8851 356 -0.0 
8852 340 0.0 
8852 340 0.0 
8853 3 0.0 
8853 28 0.0 
8853 83 0.0 
8854 299 0.0 
8855 24 0.0 
8855 24 0.0 
8855 256 0.0 
8855 256 0.0 
8855 310 0.0 
8855 313 0.0 
8855 313 0.0 
8855 327 0.0 
8855 331 0.0 
8855 332 0.0 
8855 332 0.0 
8855 332 0.0 
8855 332 0.0 
8855 332 0.0 
8855 336 0.0 
8855 336 0.0 
8855 336 0.0 
8855 336 0.0 
8855 336 0.0 
8856 199 0.0 
8857 113 0.0 
8858 305 0.0 
8859 350 0.0 
8860 97 0.0 
8860 97 0.0 
8860 97 0.0 
8861 299 0.0 
8862 339 0.0 
8863 299 0.0 
8864 242 0.00122271664441 
8864 242 0.00122271664441 
8864 242 0.0 
8865 350 0.0 
8865 350 0.0 
8866 350 0.0 
8867 308 0.0 
8867 308 0.0 
8868 8 0.0 
8868 8 0.0 
8868 8 0.00825910456479 
8868 8 0.0 
8868 128 0.0 
8868 128 0.0 
8868 128 0.0 
8868 275 0.0 
8868 275 0.0 
8868 275 0.0150642804801 
8868 275 0.0 
8868 275 0.0150642804801 
8868 275 0.0 
8868 275 0.0 
8868 275 0.0 
8868 275 0.0 
8868 275 0.0 
8868 275 0.0 
8868 309 0.0 
8868 309 0.0 
8868 311 0.00146643444896 
8868 311 0.0 
8868 311 0.0 
8868 311 0.00146643444896 
8868 311 0.0 
8868 311 0.0 
8868 311 0.0 
8868 322 0.0 
8868 322 0.0 
8868 322 0.0 
8868 322 0.0 
8868 322 0.0 
8868 322 0.0 
8868 322 0.0 
8868 322 0.0 
8868 322 0.0 
8868 322 0.0 
8868 322 0.00575371831656 
8868 322 0.00575371831656 
8868 334 0.0 
8868 334 0.0 
8868 334 0.0 
8868 335 0.0 
8868 338 0.0 
8868 350 0.0 
8869 110 0.00178352091461 
8870 128 0.0 
8870 128 0.0 
8870 128 0.0 
8870 339 0.0 
8870 339 0.0 
8871 105 0.0 
8871 185 0.0 
8872 312 0.0 
8873 3 0.0 
8873 3 0.0 
8873 5 0.0 
8873 5 0.0 
8873 7 0.0 
8873 7 0.0 
8873 8 0.0 
8873 8 0.0 
8873 9 0.0 
8873 22 0.0 
8873 28 0.0 
8873 54 0.0 
8873 80 0.0 
8873 82 0.0 
8873 86 0.0 
8873 109 0.0 
8873 113 0.0 
8873 113 0.0 
8873 124 0.0 
8873 139 0.0 
8873 139 0.0 
8873 166 0.0 
8873 173 0.0 
8873 231 0.0 
8873 270 0.0 
8873 287 0.0 
8873 288 0.0 
8873 290 0.0 
8873 292 0.0 
8873 309 0.0 
8873 331 0.0 
8873 350 0.0 
8873 350 0.0 
8873 354 0.0 
8873 355 0.0 
8874 306 0.0 
8875 128 0.0 
8875 334 0.0 
8876 34 0.0 
8876 113 0.0 
8876 113 0.0 
8877 54 0.0 
8877 54 0.0 
8877 54 0.0 
8877 54 0.0 
8877 54 0.0 
8877 54 0.0 
8877 299 0.0 
8878 3 0.0 
8878 28 0.0 
8878 113 0.0 
8878 308 0.0 
8878 308 0.0 
8878 352 0.0 
8879 4 0.0 
8879 111 0.0 
8879 128 0.0 
8879 261 0.0 
8879 298 0.0 
8879 298 0.0 
8879 298 0.0 
8879 298 0.0 
8880 305 0.0 
8881 322 0.0 
8882 128 0.0 
8882 128 0.0 
8882 217 0.0 
8882 311 0.0 
8882 331 0.0 
8882 331 0.0 
8883 350 0.0 
8884 5 0.0 
8884 5 0.0 
8884 5 0.0 
8884 5 0.0 
8884 5 0.0 
8884 48 0.0 
8884 48 0.0 
8884 350 0.0 
8884 350 0.0 
8885 299 0.0 
8886 113 0.0 
8887 4 0.0 
8887 7 0.0 
8887 113 0.0 
8887 113 0.0 
8887 113 0.0 
8887 113 0.0 
8887 124 0.0 
8887 299 0.0 
8887 340 0.0 
8888 260 0.0 
8888 269 0.0 
8888 281 0.0 
8889 124 0.0 
8890 103 0.0 
8890 128 0.0 
8890 334 0.0 
8890 335 0.0 
8891 3 0.0 
8891 3 0.0 
8891 4 0.0 
8891 22 0.0 
8891 23 0.0 
8891 27 0.000644989020657 
8891 38 0.0 
8891 38 0.0 
8891 48 0.0 
8891 48 0.0 
8891 75 0.0 
8891 159 0.00243635918014 
8891 220 0.0 
8891 220 0.00311479484662 
8891 260 0.0 
8891 269 0.0 
8892 103 0.0179890096188 
8892 103 0.0 
8892 103 0.0 
8892 103 0.0 
8892 103 0.0 
8892 103 0.0 
8892 103 0.02851190418 
8892 103 0.0 
8892 103 0.02851190418 
8892 103 0.02851190418 
8892 228 0.0 
8893 1 0.0 
8893 8 0.0 
8893 48 0.0 
8893 61 0.0 
8893 113 0.0 
8893 113 0.0 
8893 113 0.0 
8893 121 0.0 
8893 128 0.0 
8893 139 0.0 
8893 173 0.0 
8893 257 0.0 
8893 279 0.0 
8893 279 0.0 
8893 279 0.0 
8893 283 0.0 
8893 283 0.0 
8893 283 0.0 
8893 299 0.0 
8893 303 0.0 
8893 312 0.0 
8893 312 0.0 
8893 321 0.0 
8893 321 0.0 
8893 332 0.0 
8893 332 0.0 
8893 332 0.0 
8893 332 0.0 
8893 332 0.0 
8893 332 0.0 
8893 336 0.00098517886363 
8893 336 0.0 
8893 336 0.0 
8893 336 0.0 
8893 336 0.0 
8893 336 0.0 
8893 336 0.0 
8893 336 0.0 
8893 355 0.0 
8894 17 0.0 
8894 17 0.0 
8894 17 0.0 
8894 112 0.0 
8894 124 0.0 
8894 190 0.0093093868345 
8894 190 0.0 
8894 306 0.0 
8895 113 0.0 
8895 113 0.0 
8895 350 0.0 
8895 350 0.0 
8896 185 0.0 
8897 1 0.0193117279559 
8897 1 0.0 
8897 3 0.0 
8897 3 0.0 
8897 5 0.0 
8897 7 0.0 
8897 8 0.0 
8897 28 0.0 
8897 28 0.0 
8897 28 0.0 
8897 28 0.0 
8897 61 0.187599658966 
8897 61 0.0 
8897 67 0.187599658966 
8897 103 0.0 
8897 113 0.0 
8897 113 0.0 
8897 113 0.0 
8897 113 0.0 
8897 113 0.0 
8897 113 0.0 
8897 113 0.0 
8897 113 0.0 
8897 113 0.0 
8897 113 0.0 
8897 113 0.0 
8897 113 0.0 
8897 113 0.0 
8897 113 0.0 
8897 113 0.0 
8897 113 0.0 
8897 113 0.0 
8897 113 0.0 
8897 113 0.0 
8897 113 0.0 
8897 113 0.0 
8897 113 0.0 
8897 113 0.0 
8897 128 0.0 
8897 285 0.0 
8897 299 0.0 
8897 299 0.0 
8897 299 0.0 
8897 308 0.0 
8897 308 0.0 
8897 308 0.0 
8897 308 0.0 
8897 340 0.0 
8897 340 0.0 
8897 340 0.0 
8897 340 0.0 
8897 340 0.0 
8897 340 0.0 
8897 340 0.0 
8897 340 0.0 
8897 340 0.0 
8897 340 0.0 
8897 351 0.0 
8897 351 0.0 
8897 351 0.0 
8897 351 0.0 
8897 351 0.0 
8897 351 0.0 
8897 351 0.0 
8897 352 0.0 
8897 355 0.0 
8898 8 0.0 
8898 111 0.00853020045906 
8898 111 0.00853020045906 
8898 121 0.0 
8898 180 0.0 
8898 212 0.00839261710644 
8898 336 0.0 
8898 336 0.0 
8898 336 0.0 
8898 336 0.0 
8898 336 0.0 
8898 336 0.0 
8899 199 0.0 
8900 124 0.0 
8900 311 0.0 
8900 335 0.0 
8901 124 0.0 
8901 289 0.0 
8901 321 0.0 
8902 340 0.0 
8903 8 0.00825910456479 
8903 113 0.0 
8903 113 0.0 
8903 113 0.0 
8903 121 0.0 
8903 128 0.0 
8903 166 0.0 
8903 282 0.0 
8903 340 0.0 
8903 340 0.0 
8903 340 0.0 
8904 342 0.0 
8904 342 0.0 
8904 342 0.0 
8905 350 0.0 
8906 6 0.0 
8906 14 0.0 
8906 14 0.0 
8906 14 0.0 
8906 14 0.0 
8906 14 0.0 
8906 14 0.0 
8906 14 0.0 
8906 14 0.0 
8906 14 0.0 
8906 14 0.0 
8906 14 0.0 
8906 18 0.00375199317932 
8906 18 0.00375199317932 
8906 18 0.00375199317932 
8906 24 0.0 
8906 24 0.0 
8906 24 0.0 
8906 26 0.0 
8906 29 0.0 
8906 31 0.0 
8906 33 0.0 
8906 35 0.0 
8906 35 0.0 
8906 35 0.0 
8906 35 0.0 
8906 35 0.0 
8906 36 0.0 
8906 37 0.0 
8906 38 0.0 
8906 38 0.0 
8906 38 0.0 
8906 38 0.0 
8906 38 0.0 
8906 38 0.0 
8906 38 0.0 
8906 38 0.0 
8906 39 0.0 
8906 40 0.0 
8906 41 0.0 
8906 41 0.0 
8906 41 0.0 
8906 41 0.0 
8906 46 0.0 
8906 47 0.0 
8906 49 0.0 
8906 50 0.0 
8906 51 0.0 
8906 53 0.0 
8906 55 0.0 
8906 56 0.0 
8906 60 0.0 
8906 62 0.0 
8906 63 0.0 
8906 64 0.0 
8906 65 0.0 
8906 68 0.0 
8906 69 0.0 
8906 71 0.0 
8906 76 0.0 
8906 78 0.0 
8906 97 0.0 
8906 97 0.0 
8906 104 0.0 
8906 104 0.0 
8906 104 0.0 
8906 104 0.0 
8906 104 0.0 
8906 104 0.0 
8906 104 0.0 
8906 104 0.0 
8906 104 0.0 
8906 104 0.0 
8906 104 0.0 
8906 105 0.0 
8906 105 0.0 
8906 105 0.0 
8906 105 0.0 
8906 105 0.0 
8906 105 0.0 
8906 105 0.0 
8906 105 0.0 
8906 105 0.0 
8906 105 0.0 
8906 105 0.0 
8906 105 0.0 
8906 105 0.0 
8906 105 0.0 
8906 105 0.0 
8906 105 0.0 
8906 105 0.0 
8906 105 0.0 
8906 105 0.0 
8906 105 0.0 
8906 105 0.0 
8906 105 0.0 
8906 105 0.0 
8906 105 0.0 
8906 106 0.0 
8906 106 0.0 
8906 106 0.0 
8906 106 0.0 
8906 106 0.0 
8906 106 0.0 
8906 106 0.0 
8906 106 0.0 
8906 106 0.0 
8906 106 0.0 
8906 106 0.0 
8906 107 0.0 
8906 107 0.0 
8906 107 0.0 
8906 107 0.0 
8906 107 0.0 
8906 107 0.0 
8906 107 0.0 
8906 107 0.0 
8906 107 0.0 
8906 107 0.0 
8906 107 0.0 
8906 108 0.0 
8906 108 0.0 
8906 108 0.0 
8906 108 0.0 
8906 108 0.0 
8906 108 0.0 
8906 108 0.0 
8906 108 0.0 
8906 108 0.0 
8906 108 0.0 
8906 108 0.0 
8906 109 0.0 
8906 109 0.0 
8906 109 0.0 
8906 109 0.0 
8906 109 0.0 
8906 109 0.0 
8906 109 0.0 
8906 109 0.0 
8906 109 0.0 
8906 109 0.0 
8906 109 0.0 
8906 110 0.00178352091461 
8906 111 0.0 
8906 111 0.0 
8906 111 0.0 
8906 111 0.0 
8906 111 0.0 
8906 111 0.0 
8906 111 0.0 
8906 111 0.0 
8906 111 0.0 
8906 111 0.0 
8906 111 0.0 
8906 112 0.0 
8906 112 0.0 
8906 112 0.0 
8906 112 0.0 
8906 112 0.0 
8906 112 0.0 
8906 112 0.0 
8906 112 0.0 
8906 112 0.0 
8906 112 0.0 
8906 112 0.0 
8906 113 0.0 
8906 113 0.0 
8906 113 0.0 
8906 113 0.0 
8906 113 0.0 
8906 113 0.0 
8906 113 0.0 
8906 113 0.0 
8906 113 0.0 
8906 113 0.0 
8906 113 0.0 
8906 114 0.0 
8906 114 0.0 
8906 114 0.0 
8906 114 0.0 
8906 114 0.0 
8906 114 0.0 
8906 114 0.0 
8906 114 0.0 
8906 114 0.0 
8906 114 0.0 
8906 114 0.0 
8906 116 0.0 
8906 116 0.0 
8906 116 0.0 
8906 116 0.0 
8906 116 0.0 
8906 116 0.0 
8906 116 0.0 
8906 116 0.0 
8906 116 0.0 
8906 116 0.0 
8906 116 0.0 
8906 119 0.0 
8906 119 0.0 
8906 119 0.0 
8906 119 0.0 
8906 119 0.0 
8906 119 0.0 
8906 119 0.0 
8906 119 0.0 
8906 119 0.0 
8906 119 0.0 
8906 119 0.0 
8906 120 0.0 
8906 120 0.0 
8906 120 0.0 
8906 120 0.0 
8906 120 0.0 
8906 120 0.0 
8906 120 0.0 
8906 120 0.0 
8906 120 0.0 
8906 120 0.0 
8906 120 0.0 
8906 121 0.0 
8906 121 0.0 
8906 121 0.0 
8906 121 0.0 
8906 121 0.0 
8906 121 0.0 
8906 121 0.0 
8906 121 0.0 
8906 121 0.0 
8906 121 0.0 
8906 121 0.0 
8906 122 0.0 
8906 122 0.0 
8906 122 0.0 
8906 122 0.0 
8906 122 0.0 
8906 122 0.0 
8906 122 0.0 
8906 122 0.0 
8906 122 0.0 
8906 122 0.0 
8906 122 0.0 
8906 123 0.0 
8906 123 0.0 
8906 123 0.0 
8906 123 0.0 
8906 123 0.0 
8906 123 0.0 
8906 123 0.0 
8906 123 0.0 
8906 123 0.0 
8906 123 0.0 
8906 123 0.0 
8906 124 0.0 
8906 124 0.0160146057606 
8906 124 0.0 
8906 124 0.0160146057606 
8906 124 0.0 
8906 124 0.0 
8906 124 0.0 
8906 124 0.0 
8906 124 0.0 
8906 124 0.0 
8906 124 0.0 
8906 124 0.0 
8906 124 0.0 
8906 124 0.0 
8906 124 0.0 
8906 124 0.0 
8906 124 0.0 
8906 124 0.0 
8906 124 0.0160146057606 
8906 124 0.0 
8906 124 0.0 
8906 124 0.0 
8906 124 0.0 
8906 124 0.0 
8906 124 0.0 
8906 124 0.0 
8906 124 0.0 
8906 125 0.0 
8906 125 0.0 
8906 125 0.0 
8906 125 0.0 
8906 125 0.0 
8906 125 0.0 
8906 125 0.0 
8906 125 0.0 
8906 125 0.0 
8906 125 0.0 
8906 125 0.0 
8906 125 0.0 
8906 125 0.0 
8906 125 0.0 
8906 126 0.0 
8906 126 0.0 
8906 126 0.0 
8906 126 0.0 
8906 126 0.0 
8906 126 0.0 
8906 126 0.0 
8906 126 0.0 
8906 126 0.0 
8906 126 0.0 
8906 126 0.0 
8906 127 0.0 
8906 127 0.0 
8906 127 0.0 
8906 127 0.0 
8906 127 0.0 
8906 127 0.0 
8906 127 0.0 
8906 127 0.0 
8906 127 0.0 
8906 127 0.0 
8906 127 0.0 
8906 128 0.0 
8906 128 0.0 
8906 128 0.0 
8906 128 0.0 
8906 128 0.0 
8906 128 0.0 
8906 128 0.0 
8906 128 0.0 
8906 128 0.0 
8906 128 0.0 
8906 128 0.0 
8906 129 0.0 
8906 129 0.0 
8906 129 0.0 
8906 129 0.0 
8906 129 0.0 
8906 129 0.0 
8906 129 0.0 
8906 129 0.0 
8906 129 0.0 
8906 129 0.0 
8906 129 0.0 
8906 130 0.0 
8906 130 0.0 
8906 130 0.0 
8906 130 0.0 
8906 130 0.0 
8906 130 0.0 
8906 130 0.0 
8906 130 0.0 
8906 130 0.0 
8906 130 0.0 
8906 130 0.0 
8906 131 0.0 
8906 131 0.0 
8906 131 0.0 
8906 131 0.0 
8906 131 0.0 
8906 131 0.0 
8906 131 0.0 
8906 131 0.0 
8906 131 0.0 
8906 131 0.0 
8906 131 0.0 
8906 134 0.0 
8906 134 0.0 
8906 134 0.0 
8906 134 0.0 
8906 134 0.0 
8906 134 0.0 
8906 134 0.0 
8906 134 0.0 
8906 134 0.0 
8906 134 0.0 
8906 134 0.0 
8906 139 0.0122728748247 
8906 139 0.0122728748247 
8906 139 0.0122728748247 
8906 140 0.0 
8906 140 0.0 
8906 140 0.0 
8906 140 0.0 
8906 140 0.0 
8906 140 0.0 
8906 140 0.0 
8906 140 0.0 
8906 140 0.0 
8906 140 0.0 
8906 140 0.0 
8906 141 0.0 
8906 141 0.0 
8906 145 0.0 
8906 145 0.0 
8906 145 0.0 
8906 145 0.0 
8906 145 0.0 
8906 145 0.0 
8906 145 0.0 
8906 145 0.0 
8906 145 0.0 
8906 145 0.0 
8906 145 0.0 
8906 147 0.0 
8906 147 0.0 
8906 147 0.0 
8906 147 0.0 
8906 147 0.0 
8906 147 0.0 
8906 147 0.0 
8906 147 0.0 
8906 147 0.0 
8906 147 0.0 
8906 147 0.0 
8906 148 0.0 
8906 148 0.0 
8906 148 0.0 
8906 148 0.0 
8906 148 0.0 
8906 148 0.0 
8906 148 0.0 
8906 148 0.0 
8906 148 0.0 
8906 148 0.0 
8906 148 0.0 
8906 149 0.0 
8906 149 0.0 
8906 149 0.0 
8906 149 0.0 
8906 149 0.0 
8906 149 0.0 
8906 149 0.0 
8906 149 0.0 
8906 149 0.0 
8906 149 0.0 
8906 149 0.0 
8906 150 0.0 
8906 150 0.0 
8906 150 0.0 
8906 150 0.0 
8906 150 0.0 
8906 150 0.0 
8906 150 0.0 
8906 150 0.0 
8906 150 0.0 
8906 150 0.0 
8906 150 0.0 
8906 152 0.00729554193094 
8906 152 0.00729554193094 
8906 152 0.00729554193094 
8906 153 0.00454393634573 
8906 153 0.00454393634573 
8906 153 0.00454393634573 
8906 153 0.0 
8906 153 0.0 
8906 153 0.0 
8906 154 0.00462393509224 
8906 154 0.00462393509224 
8906 154 0.00462393509224 
8906 155 0.00488177547231 
8906 155 0.00488177547231 
8906 155 0.00488177547231 
8906 157 0.0132646225393 
8906 157 0.0132646225393 
8906 157 0.0132646225393 
8906 158 0.0 
8906 158 0.0 
8906 158 0.0 
8906 158 0.0 
8906 158 0.0 
8906 158 0.0 
8906 158 0.0 
8906 158 0.0 
8906 158 0.0 
8906 158 0.0 
8906 158 0.0 
8906 159 0.0 
8906 159 0.0 
8906 159 0.0 
8906 159 0.0 
8906 159 0.0 
8906 159 0.0 
8906 159 0.0 
8906 159 0.0 
8906 159 0.0 
8906 159 0.0 
8906 159 0.0 
8906 160 0.00669998768717 
8906 160 0.00669998768717 
8906 160 0.00669998768717 
8906 161 0.00625332212076 
8906 161 0.00625332212076 
8906 161 0.00625332212076 
8906 162 0.0 
8906 162 0.0 
8906 162 0.0 
8906 162 0.0 
8906 162 0.0 
8906 162 0.0 
8906 162 0.0 
8906 162 0.0 
8906 162 0.0 
8906 162 0.0 
8906 162 0.0 
8906 164 0.0193117298186 
8906 164 0.0193117298186 
8906 164 0.0193117298186 
8906 165 0.0 
8906 165 0.0 
8906 165 0.0 
8906 165 0.0 
8906 165 0.0 
8906 165 0.0 
8906 165 0.0 
8906 165 0.0 
8906 165 0.0 
8906 165 0.0 
8906 165 0.0 
8906 166 0.00400365144014 
8906 166 0.00400365144014 
8906 166 0.00400365144014 
8906 168 0.0 
8906 168 0.0 
8906 168 0.0 
8906 168 0.0 
8906 168 0.0 
8906 168 0.0 
8906 168 0.0 
8906 168 0.0 
8906 168 0.0 
8906 168 0.0 
8906 168 0.0 
8906 169 0.00451270677149 
8906 169 0.00451270677149 
8906 169 0.00451270677149 
8906 170 0.00691156601533 
8906 170 0.00691156601533 
8906 170 0.00691156601533 
8906 171 0.00733629893512 
8906 171 0.00733629893512 
8906 171 0.00733629893512 
8906 172 0.00106764037628 
8906 172 0.00106764037628 
8906 172 0.00106764037628 
8906 173 0.0110352737829 
8906 173 0.0110352737829 
8906 173 0.0110352737829 
8906 174 0.0 
8906 174 0.0 
8906 174 0.0 
8906 174 0.0 
8906 174 0.0 
8906 174 0.0 
8906 174 0.0 
8906 174 0.0 
8906 174 0.0 
8906 174 0.0 
8906 174 0.0 
8906 175 0.0 
8906 175 0.0 
8906 175 0.0 
8906 175 0.0 
8906 175 0.0 
8906 175 0.0 
8906 175 0.0 
8906 175 0.0 
8906 175 0.0 
8906 175 0.0 
8906 175 0.0 
8906 176 0.0106764025986 
8906 176 0.0106764025986 
8906 176 0.0106764025986 
8906 177 0.0 
8906 177 0.0 
8906 177 0.0 
8906 177 0.0 
8906 177 0.0 
8906 177 0.0 
8906 177 0.0 
8906 177 0.0 
8906 177 0.0 
8906 177 0.0 
8906 177 0.0 
8906 178 0.00750398635864 
8906 178 0.00750398635864 
8906 178 0.00750398635864 
8906 179 0.00412955228239 
8906 179 0.00412955228239 
8906 179 0.00412955228239 
8906 180 0.00424983073026 
8906 180 0.00424983073026 
8906 180 0.00424983073026 
8906 181 0.00683957105502 
8906 181 0.00683957105502 
8906 181 0.00683957105502 
8906 182 0.0069850939326 
8906 182 0.0069850939326 
8906 182 0.0069850939326 
8906 183 0.00683957105502 
8906 183 0.00683957105502 
8906 183 0.00683957105502 
8906 184 0.00396428443491 
8906 184 0.00396428443491 
8906 184 0.00396428443491 
8906 187 0.0 
8906 187 0.0 
8906 187 0.0 
8906 187 0.0 
8906 187 0.0 
8906 187 0.0 
8906 187 0.0 
8906 187 0.0 
8906 187 0.0 
8906 187 0.0 
8906 187 0.0 
8906 188 0.00278219813481 
8906 188 0.00278219813481 
8906 188 0.00278219813481 
8906 189 0.00452826777473 
8906 189 0.00452826777473 
8906 189 0.00452826777473 
8906 190 0.0093093868345 
8906 190 0.0093093868345 
8906 190 0.0093093868345 
8906 191 0.00380636961199 
8906 191 0.00380636961199 
8906 191 0.00380636961199 
8906 193 0.0 
8906 193 0.0 
8906 193 0.0 
8906 193 0.0 
8906 193 0.0 
8906 193 0.0 
8906 193 0.0 
8906 193 0.0 
8906 193 0.0 
8906 193 0.0 
8906 193 0.0 
8906 194 0.0105055812746 
8906 194 0.0105055812746 
8906 194 0.0105055812746 
8906 195 0.0 
8906 195 0.0 
8906 195 0.0 
8906 195 0.0 
8906 195 0.0 
8906 195 0.0 
8906 195 0.0 
8906 195 0.0 
8906 195 0.0 
8906 195 0.0 
8906 195 0.0 
8906 197 0.00643724296242 
8906 197 0.00643724296242 
8906 197 0.00643724296242 
8906 198 0.00229179346934 
8906 198 0.00229179346934 
8906 198 0.00229179346934 
8906 199 0.00691156601533 
8906 199 0.00691156601533 
8906 199 0.00691156601533 
8906 200 0.00694813532755 
8906 200 0.00694813532755 
8906 200 0.00694813532755 
8906 201 0.00920594949275 
8906 201 0.00920594949275 
8906 201 0.00920594949275 
8906 202 0.00750398635864 
8906 202 0.00750398635864 
8906 202 0.00750398635864 
8906 203 0.00343768997118 
8906 203 0.00343768997118 
8906 203 0.00343768997118 
8906 204 0.00910478550941 
8906 204 0.00910478550941 
8906 204 0.00910478550941 
8906 205 0.00920594949275 
8906 205 0.00920594949275 
8906 205 0.00920594949275 
8906 206 0.0040282132104 
8906 206 0.0040282132104 
8906 206 0.0040282132104 
8906 211 0.0 
8906 211 0.0 
8906 211 0.0 
8906 211 0.0 
8906 211 0.0 
8906 211 0.0 
8906 211 0.0 
8906 211 0.0 
8906 211 0.0 
8906 211 0.0 
8906 211 0.0 
8906 213 0.0345223098993 
8906 213 0.0345223098993 
8906 213 0.0345223098993 
8906 216 0.00164767575916 
8906 216 0.00164767575916 
8906 216 0.00164767575916 
8906 217 0.00253374734893 
8906 217 0.00253374734893 
8906 217 0.00253374734893 
8906 223 0.00739763816819 
8906 223 0.00739763816819 
8906 223 0.00739763816819 
8906 224 0.00733217224479 
8906 224 0.00733217224479 
8906 224 0.00733217224479 
8906 225 0.00739763816819 
8906 225 0.00739763816819 
8906 225 0.00739763816819 
8906 226 0.00491834292188 
8906 226 0.00491834292188 
8906 226 0.00491834292188 
8906 227 0.000888033711817 
8906 227 0.000888033711817 
8906 227 0.000888033711817 
8906 232 0.00746428314596 
8906 232 0.00746428314596 
8906 232 0.00746428314596 
8906 233 0.00244999537244 
8906 233 0.00244999537244 
8906 233 0.00244999537244 
8906 235 0.00691156601533 
8906 235 0.00691156601533 
8906 235 0.00691156601533 
8906 236 0.0116695137694 
8906 236 0.0116695137694 
8906 236 0.0116695137694 
8906 239 0.0 
8906 239 0.0 
8906 239 0.0 
8906 239 0.0 
8906 239 0.0 
8906 239 0.0 
8906 239 0.0 
8906 239 0.0 
8906 239 0.0 
8906 239 0.0 
8906 239 0.0 
8906 243 0.00278219813481 
8906 245 0.00733217224479 
8906 245 0.00733217224479 
8906 245 0.00733217224479 
8906 246 0.00746428314596 
8906 246 0.00746428314596 
8906 246 0.00746428314596 
8906 247 0.00739763816819 
8906 247 0.00739763816819 
8906 247 0.00739763816819 
8906 248 0.00714254705235 
8906 248 0.00714254705235 
8906 248 0.00714254705235 
8906 249 0.00739763816819 
8906 249 0.00739763816819 
8906 249 0.00739763816819 
8906 250 0.00173703383189 
8906 250 0.00173703383189 
8906 250 0.00173703383189 
8906 252 0.00270205270499 
8906 252 0.00270205270499 
8906 252 0.00270205270499 
8906 256 0.0 
8906 256 0.0 
8906 256 0.0 
8906 262 0.00657567800954 
8906 262 0.00657567800954 
8906 262 0.00657567800954 
8906 267 0.0162457935512 
8906 267 0.0162457935512 
8906 267 0.0162457935512 
8906 272 0.00484523642808 
8906 272 0.00484523642808 
8906 272 0.00484523642808 
8906 273 0.00683957105502 
8906 273 0.00683957105502 
8906 273 0.00683957105502 
8906 274 0.00270763225853 
8906 274 0.00270763225853 
8906 274 0.00270763225853 
8906 275 0.0150642804801 
8906 275 0.0150642804801 
8906 275 0.0150642804801 
8906 277 0.0 
8906 277 0.0 
8906 277 0.0 
8906 277 0.0 
8906 277 0.0 
8906 277 0.0 
8906 277 0.0 
8906 277 0.0 
8906 277 0.0 
8906 277 0.0 
8906 277 0.0 
8906 278 0.0011587907793 
8906 278 0.0011587907793 
8906 278 0.0011587907793 
8906 279 0.00473448820412 
8906 279 0.00473448820412 
8906 279 0.00473448820412 
8906 282 0.00133634754457 
8906 282 0.00133634754457 
8906 282 0.00133634754457 
8906 283 0.00207652989775 
8906 283 0.00207652989775 
8906 283 0.00207652989775 
8906 285 0.00659898295999 
8906 285 0.00659898295999 
8906 285 0.00659898295999 
8906 286 0.00269881240092 
8906 286 0.00269881240092 
8906 286 0.00269881240092 
8906 289 0.0019179059891 
8906 289 0.0019179059891 
8906 289 0.0019179059891 
8906 291 0.0023740271572 
8906 291 0.0023740271572 
8906 291 0.0023740271572 
8906 293 0.00254933978431 
8906 293 0.00254933978431 
8906 293 0.00254933978431 
8906 295 0.00998235493898 
8906 295 0.00998235493898 
8906 295 0.00998235493898 
8906 297 0.001766600064 
8906 297 0.001766600064 
8906 297 0.001766600064 
8906 299 0.00656598806381 
8906 299 0.00656598806381 
8906 299 0.00656598806381 
8906 300 0.00869667250663 
8906 300 0.00869667250663 
8906 300 0.00869667250663 
8906 301 0.0 
8906 301 0.0 
8906 301 0.0 
8906 301 0.0 
8906 301 0.0 
8906 301 0.0 
8906 301 0.0 
8906 301 0.0 
8906 301 0.0 
8906 301 0.0 
8906 301 0.0 
8906 302 0.0 
8906 302 0.0 
8906 302 0.0 
8906 302 0.0 
8906 302 0.0 
8906 302 0.0 
8906 304 0.000737131165806 
8906 304 0.000737131165806 
8906 304 0.000737131165806 
8906 305 0.000634893018287 
8906 305 0.000634893018287 
8906 305 0.000634893018287 
8906 306 0.000806753116194 
8906 306 0.000806753116194 
8906 306 0.000806753116194 
8906 309 0.00182899646461 
8906 309 0.00182899646461 
8906 309 0.00182899646461 
8906 310 0.00135160749778 
8906 310 0.00135160749778 
8906 310 0.00135160749778 
8906 311 0.00146643444896 
8906 311 0.00146643444896 
8906 311 0.00146643444896 
8906 312 0.00175909860991 
8906 312 0.00175909860991 
8906 312 0.00175909860991 
8906 313 0.00587613787502 
8906 313 0.00587613787502 
8906 313 0.00587613787502 
8906 314 0.00591811025515 
8906 314 0.00591811025515 
8906 314 0.00591811025515 
8906 315 0.00579395378008 
8906 315 0.00579395378008 
8906 315 0.00579395378008 
8906 316 0.00600388040766 
8906 316 0.00600388040766 
8906 316 0.00600388040766 
8906 318 0.00583475688472 
8906 318 0.00583475688472 
8906 318 0.00583475688472 
8906 319 0.00613729981706 
8906 319 0.00613729981706 
8906 319 0.00613729981706 
8906 321 0.0013235390652 
8906 321 0.0013235390652 
8906 321 0.0013235390652 
8906 322 0.00575371831656 
8906 322 0.00575371831656 
8906 322 0.00575371831656 
8906 323 0.00618309993297 
8906 323 0.00618309993297 
8906 323 0.00618309993297 
8906 325 0.00669998768717 
8906 325 0.00669998768717 
8906 325 0.00669998768717 
8906 326 0.00155447551515 
8906 326 0.00155447551515 
8906 326 0.00155447551515 
8906 327 0.00330093805678 
8906 327 0.00330093805678 
8906 327 0.00330093805678 
8906 328 0.00720465555787 
8906 328 0.00720465555787 
8906 328 0.00720465555787 
8906 331 0.000877685844898 
8906 331 0.000877685844898 
8906 331 0.000877685844898 
8906 332 0.00439196499065 
8906 332 0.00439196499065 
8906 332 0.00439196499065 
8906 334 0.000772167230025 
8906 334 0.000772167230025 
8906 334 0.000772167230025 
8906 335 0.000285210146103 
8906 335 0.000285210146103 
8906 335 0.000285210146103 
8906 336 0.00098517886363 
8906 336 0.00098517886363 
8906 336 0.00098517886363 
8906 337 0.000392857007682 
8906 337 0.000392857007682 
8906 337 0.000392857007682 
8906 338 0.0016704343725 
8906 338 0.0016704343725 
8906 338 0.0016704343725 
8906 339 0.000271295168204 
8906 339 0.000271295168204 
8906 339 0.000271295168204 
8906 340 0.00315672485158 
8906 340 0.00315672485158 
8906 340 0.00315672485158 
8906 342 0.00439196499065 
8906 342 0.00439196499065 
8906 342 0.00439196499065 
8906 344 0.0 
8906 344 0.0 
8906 346 0.0150642804801 
8906 346 0.0150642804801 
8906 346 0.0150642804801 
8906 348 0.00881340634078 
8906 348 0.00881340634078 
8906 348 0.00881340634078 
8906 349 0.0 
8906 349 0.0 
8906 349 0.0 
8906 349 0.0 
8906 349 0.0 
8906 349 0.0 
8906 349 0.0 
8906 349 0.0 
8906 349 0.0 
8906 349 0.0 
8906 349 0.0 
8906 350 0.00140192115214 
8906 350 0.00140192115214 
8906 350 0.00140192115214 
8906 351 0.00105815508869 
8906 351 0.00105815508869 
8906 351 0.00105815508869 
8906 352 0.00366814946756 
8906 352 0.00366814946756 
8906 352 0.00366814946756 
8906 354 0.0 
8906 354 0.0 
8906 354 0.0 
8906 354 0.0 
8906 354 0.0 
8906 354 0.0 
8906 354 0.0 
8907 312 0.0 
8907 342 0.0 
8907 342 0.0 
8907 356 -3.04452666269e+23 
8907 356 -3.04452666269e+23 
8908 113 0.0 
8909 160 0.0 
8910 308 0.0 
8911 12 0.0 
8911 16 0.0 
8911 19 0.0 
8911 183 0.0 
8911 192 0.0 
8911 196 0.0 
8911 207 0.0 
8911 209 0.0 
8911 218 0.0 
8911 244 0.0 
8911 331 0.0 
8912 1 0.0 
8912 3 0.0 
8912 4 0.0 
8912 4 0.0 
8912 4 0.0 
8912 4 0.0 
8912 4 0.0 
8912 4 0.0 
8912 7 0.0 
8912 8 0.00825910456479 
8912 8 0.00825910456479 
8912 8 0.0 
8912 8 0.0 
8912 9 0.0 
8912 10 0.0 
8912 11 0.0 
8912 14 0.0 
8912 14 0.00528563931584 
8912 14 0.00837753992528 
8912 14 0.0 
8912 14 0.0 
8912 14 0.0 
8912 14 0.0 
8912 14 0.0 
8912 18 0.0 
8912 22 0.0 
8912 25 0.0 
8912 25 0.0 
8912 28 0.0 
8912 28 0.0 
8912 30 0.0 
8912 30 0.0 
8912 30 0.0 
8912 40 0.0123661998659 
8912 48 0.0 
8912 54 0.0 
8912 54 0.0 
8912 54 0.0 
8912 60 0.0 
8912 61 0.0 
8912 65 0.00845444295555 
8912 69 0.00275260931812 
8912 70 0.0 
8912 70 0.0 
8912 77 0.0 
8912 77 0.0 
8912 77 0.0 
8912 80 0.0 
8912 85 0.0 
8912 86 0.0 
8912 97 0.00733629940078 
8912 104 0.0051497942768 
8912 104 0.00324915838428 
8912 106 0.00361762428656 
8912 106 0.00573379872367 
8912 107 0.00305394781753 
8912 107 0.00484039308503 
8912 107 0.0 
8912 107 0.0 
8912 108 0.00367733021267 
8912 108 0.00232013710774 
8912 108 0.0 
8912 108 0.0 
8912 109 0.00386234582402 
8912 109 0.0 
8912 109 0.0 
8912 109 0.0 
8912 109 0.00612167315558 
8912 109 0.0 
8912 109 0.0 
8912 109 0.0 
8912 109 0.0 
8912 109 0.0 
8912 109 0.0 
8912 109 0.0 
8912 109 0.0 
8912 109 0.0 
8912 109 0.0 
8912 109 0.0 
8912 109 0.0 
8912 111 0.0 
8912 111 0.0 
8912 111 0.0 
8912 111 0.0 
8912 111 0.0 
8912 111 0.0 
8912 111 0.0 
8912 111 0.00853020045906 
8912 111 0.0 
8912 111 0.0 
8912 111 0.0 
8912 111 0.0 
8912 111 0.0 
8912 111 0.0 
8912 111 0.0 
8912 111 0.0 
8912 111 0.0 
8912 111 0.0 
8912 111 0.0 
8912 111 0.0 
8912 111 0.0 
8912 111 0.00538195716217 
8912 111 0.00853020045906 
8912 111 0.0 
8912 111 0.00853020045906 
8912 111 0.00853020045906 
8912 111 0.00853020045906 
8912 111 0.00853020045906 
8912 111 0.0 
8912 111 0.0 
8912 111 0.0 
8912 111 0.0 
8912 111 0.00853020045906 
8912 112 0.000252838770393 
8912 112 0.000159523508046 
8912 113 0.0 
8912 113 0.0301647670567 
8912 113 0.0190318487585 
8912 113 0.0301647670567 
8912 113 0.0 
8912 113 0.0 
8912 113 0.0 
8912 113 0.0 
8912 114 0.00673606060445 
8912 114 0.0106764035299 
8912 116 0.00657567800954 
8912 116 0.0104222027585 
8912 119 0.0145910838619 
8912 119 0.0231263209134 
8912 120 0.00264805206098 
8912 120 0.00167073484045 
8912 121 0.0 
8912 121 0.0 
8912 121 0.0 
8912 121 0.0 
8912 121 0.0 
8912 121 0.0 
8912 121 0.0 
8912 121 0.0 
8912 121 0.0 
8912 121 0.0 
8912 121 0.0175093002617 
8912 121 0.0 
8912 121 0.0 
8912 121 0.0 
8912 121 0.0277515854686 
8912 121 0.0 
8912 121 0.0 
8912 121 0.0 
8912 121 0.0 
8912 121 0.0 
8912 121 0.0 
8912 121 0.0 
8912 121 0.0 
8912 121 0.0 
8912 121 0.0 
8912 122 0.0145910838619 
8912 122 0.0231263209134 
8912 123 0.000193718835362 
8912 123 0.000307037087623 
8912 124 0.0 
8912 124 0.0 
8912 124 0.0 
8912 124 0.0 
8912 125 0.01367914211 
8912 125 0.0216809269041 
8912 126 0.01367914211 
8912 126 0.0216809269041 
8912 127 0.000200610695174 
8912 127 0.000317960424582 
8912 128 0.0 
8912 128 0.0 
8912 128 0.0 
8912 128 0.0 
8912 128 0.014922699891 
8912 128 0.0236519183964 
8912 128 0.0 
8912 128 0.0 
8912 128 0.0 
8912 128 0.0 
8912 128 0.0 
8912 128 0.0 
8912 128 0.0 
8912 128 0.0 
8912 128 0.0 
8912 128 0.0 
8912 128 0.0 
8912 128 0.0 
8912 128 0.0 
8912 128 0.0 
8912 128 0.0 
8912 128 0.0 
8912 128 0.0 
8912 128 0.0 
8912 128 0.0 
8912 128 0.0 
8912 128 0.0 
8912 128 0.0 
8912 128 0.0 
8912 128 0.0 
8912 128 0.0 
8912 129 0.0128744859248 
8912 129 0.0204055774957 
8912 130 0.0127494912595 
8912 130 0.020207464695 
8912 131 0.0051097185351 
8912 131 0.00809871219099 
8912 133 0.0 
8912 134 0.00505075976253 
8912 134 0.00800526514649 
8912 136 0.0 
8912 139 0.0 
8912 139 0.0 
8912 140 0.0110471388325 
8912 140 0.0175093002617 
8912 141 0.0 
8912 145 0.00809871219099 
8912 145 0.0051097185351 
8912 147 0.0118306092918 
8912 147 0.018751071766 
8912 148 0.0179428346455 
8912 148 0.011320669204 
8912 149 0.0152697404847 
8912 149 0.0242019649595 
8912 150 0.0080361738801 
8912 150 0.00507026072592 
8912 158 0.0216809269041 
8912 158 0.01367914211 
8912 159 0.00243635918014 
8912 159 0.00386153790168 
8912 162 0.00348124140874 
8912 162 0.00551763689145 
8912 165 0.0022284463048 
8912 165 0.00140599312726 
8912 166 0.0 
8912 166 0.0 
8912 168 0.00676905969158 
8912 168 0.0107287056744 
8912 173 0.0 
8912 173 0.0 
8912 173 0.0 
8912 173 0.0 
8912 173 0.0 
8912 173 0.0 
8912 173 0.0 
8912 173 0.0 
8912 173 0.0 
8912 174 0.00863945763558 
8912 174 0.0136932171881 
8912 175 0.00426510022953 
8912 175 0.00269097858109 
8912 177 0.00687537994236 
8912 177 0.0108972201124 
8912 186 0.0106764025986 
8912 187 0.00656583253294 
8912 187 0.00414257915691 
8912 187 0.00414257915691 
8912 193 0.0145910847932 
8912 193 0.00920594949275 
8912 195 0.00382856442593 
8912 195 0.0060681309551 
8912 198 0.00229179346934 
8912 211 0.00356398802251 
8912 211 0.00224862620234 
8912 221 0.0 
8912 228 0.0 
8912 228 0.0 
8912 228 0.0 
8912 229 0.0 
8912 229 0.0 
8912 230 0.0 
8912 230 0.0 
8912 231 0.0 
8912 231 0.0 
8912 231 0.0 
8912 231 0.0 
8912 239 0.020844405517 
8912 239 0.0131513560191 
8912 254 0.0 
8912 259 0.0 
8912 260 0.0 
8912 263 0.0 
8912 269 0.0 
8912 277 0.00676905969158 
8912 277 0.0107287056744 
8912 280 0.0 
8912 281 0.0 
8912 282 0.0 
8912 283 0.0 
8912 284 0.0 
8912 290 0.0 
8912 290 0.0 
8912 290 0.0 
8912 290 0.0 
8912 290 0.0 
8912 290 0.0 
8912 292 0.0 
8912 292 0.0 
8912 292 0.0 
8912 294 0.0 
8912 294 0.0 
8912 294 0.0 
8912 299 0.0 
8912 299 0.0 
8912 299 0.0 
8912 301 0.00278810528107 
8912 301 0.00441904226318 
8912 302 0.0 
8912 311 0.0 
8912 324 0.00600388040766 
8912 330 0.0 
8912 330 0.0 
8912 333 0.0 
8912 333 0.0 
8912 334 0.0 
8912 334 0.0 
8912 336 0.0 
8912 336 0.0 
8912 336 0.0 
8912 336 0.0 
8912 336 0.0 
8912 336 0.0 
8912 336 0.0 
8912 336 0.0 
8912 336 0.0 
8912 336 0.0 
8912 336 0.0 
8912 336 0.0 
8912 336 0.0 
8912 336 0.0 
8912 336 0.0 
8912 337 0.0 
8912 338 0.0 
8912 340 0.0 
8912 341 0.0 
8912 341 0.0 
8912 342 0.00439196499065 
8912 342 0.0 
8912 342 0.0 
8912 342 0.0 
8912 342 0.0 
8912 342 0.0 
8912 342 0.0 
8912 343 0.0 
8912 343 0.0 
8912 345 0.0 
8912 345 0.0 
8912 349 0.00025013287086 
8912 349 0.000157816277351 
8912 350 0.0 
8912 350 0.0 
8912 350 0.0 
8912 350 0.0 
8912 350 0.0 
8912 350 0.0 
8912 351 0.0 
8912 351 0.0 
8912 353 0.0 
8912 353 0.0 
8912 354 0.0 
8912 354 0.0 
8912 355 0.0 
8912 355 0.0 
8912 356 -0.0 
8912 356 -0.0 
8913 260 0.0 
8913 269 0.0 
8914 173 0.0 
8915 254 0.0 
8915 254 0.0 
8915 299 0.0 
8916 4 0.0 
8916 4 0.0 
8916 173 0.0 
8916 248 0.00714254705235 
8916 248 0.011320669204 
8916 299 0.0 
8916 352 0.0 
8917 34 0.0 
8918 2 0.0 
8918 10 0.0 
8918 10 0.0 
8918 66 0.0 
8918 85 0.0 
8918 85 0.0 
8918 86 0.0 
8918 86 0.0 
8918 91 0.0 
8918 91 0.0 
8918 93 0.0 
8918 93 0.0 
8918 124 0.0 
8918 124 0.0 
8919 113 0.0 
8919 113 0.0 
8920 94 0.0 
8920 111 0.0 
8920 255 0.0 
8920 263 0.0 
8920 281 0.0 
8920 284 0.0 
8920 306 0.0 
8921 105 0.0 
8921 199 0.0 
8922 128 0.0 
8923 111 0.0 
8924 113 0.0 
8924 113 0.0 
8924 113 0.0 
8924 336 0.0 
8925 28 0.0 
8925 28 0.0 
8925 112 0.0 
8925 113 0.0 
8925 113 0.0 
8925 113 0.0 
8925 113 0.0 
8925 113 0.0 
8925 113 0.0 
8925 113 0.0 
8925 113 0.0 
8925 113 0.0 
8925 113 0.0 
8925 113 0.0 
8925 113 0.0 
8925 113 0.0 
8925 166 0.0 
8925 166 0.0 
8925 212 0.0 
8925 289 0.0 
8925 289 0.0 
8925 350 0.0 
8925 350 0.0 
8925 355 0.0 
8926 110 0.00178352091461 
8926 244 0.0 
8926 244 0.0 
8926 312 0.0 
8926 312 0.0 
8926 331 0.0 
8927 315 0.00579395378008 
8927 321 0.0 
8927 327 0.0 
8928 350 0.0 
8929 160 0.0 
8929 173 0.0 
8929 173 0.0 
8930 113 0.0 
8930 113 0.0 
8931 16 0.0 
8931 192 0.0 
8932 103 0.0 
8933 339 0.0 
8933 342 0.0 
8934 228 0.0 
8935 4 0.0 
8935 48 0.0 
8936 113 0.0 
8937 113 0.0301647670567 
8937 113 0.0 
8937 113 0.0 
8937 113 0.0 
8937 113 0.0 
8937 113 0.0 
8937 113 0.0 
8937 299 0.0 
8937 306 0.0 
8938 34 0.0 
8939 103 0.0 
8939 103 0.0 
8939 103 0.0 
8939 103 0.0 
8939 128 0.0 
8939 128 0.0 
8939 217 0.0 
8939 260 0.0 
8939 269 0.0 
8939 290 0.0 
8939 298 0.0 
8939 306 0.0 
8939 306 0.0 
8939 332 0.0 
8939 337 0.0 
8939 338 0.0 
8939 338 0.0 
8939 338 0.0 
8939 350 0.0 
8939 350 0.0 
8939 350 0.0 
8940 231 0.0 
8940 231 0.0 
8940 231 0.0 
8941 124 0.0 
8942 128 0.0 
8942 128 0.0 
8942 128 0.0 
8942 128 0.0 
8942 293 0.0 
8942 338 0.0 
8942 338 0.0 
8943 18 0.0 
8943 128 0.0 
8943 137 0.0 
8943 139 0.0 
8943 152 0.0 
8943 153 0.0 
8943 154 0.0 
8943 155 0.0 
8943 157 0.0 
8943 160 0.0 
8943 161 0.0 
8943 164 0.0 
8943 166 0.0 
8943 169 0.0 
8943 170 0.0 
8943 171 0.0 
8943 172 0.0 
8943 173 0.0 
8943 176 0.0 
8943 178 0.0 
8943 179 0.0 
8943 180 0.0 
8943 181 0.0 
8943 182 0.0 
8943 183 0.0 
8943 184 0.0 
8943 188 0.0 
8943 189 0.0 
8943 190 0.0 
8943 198 0.0 
8943 199 0.0 
8943 200 0.0 
8943 201 0.0 
8943 203 0.0 
8943 204 0.0 
8943 213 0.0 
8943 216 0.0 
8943 217 0.0 
8943 227 0.0 
8943 228 0.0 
8943 235 0.0 
8943 236 0.0 
8943 252 0.0 
8943 262 0.0 
8943 267 0.0 
8943 274 0.0 
8943 278 0.0 
8943 286 0.0 
8943 295 0.0 
8943 297 0.0 
8943 300 0.0 
8943 302 0.0 
8943 306 0.0 
8943 306 0.0 
8943 306 0.000806753116194 
8943 306 0.000806753116194 
8943 306 0.0 
8943 326 0.0 
8943 346 0.0 
8943 348 0.0 
8944 336 0.0 
8945 7 0.0 
8946 312 0.0 
8946 354 0.0 
8947 93 0.011519276537 
8948 128 0.0 
8949 336 0.0 
8950 86 0.0625332221389 
8950 91 0.0257489737123 
8950 91 0.0257489737123 
8950 113 0.0 
8950 113 0.0 
8950 289 0.0 
8950 306 0.0 
8951 103 0.0 
8951 290 0.0 
8951 340 0.0 
8951 352 0.0 
8952 299 0.0 
8953 111 0.00853020045906 
8954 30 0.0 
8954 70 0.0 
8955 212 0.0 
8956 209 0.0 
8956 233 0.0 
8957 160 0.0 
8957 255 0.0 
8957 331 0.0 
8958 28 0.0 
8958 28 0.0 
8958 67 0.0 
8958 113 0.0 
8959 218 0.0 
8960 282 0.0 
8960 282 0.0 
8960 283 0.0 
8960 289 0.0 
8960 291 0.0 
8960 298 0.0 
8960 306 0.0 
8960 307 0.0 
8960 307 0.0 
8960 340 0.0 
8960 340 0.0 
8960 340 0.0 
8961 309 0.0 
8962 173 0.0 
8962 299 0.0 
8962 350 0.0 
8963 103 0.0179890096188 
8963 103 0.0 
8963 103 0.0 
8963 103 0.0 
8963 103 0.0 
8963 103 0.0 
8963 103 0.0 
8963 103 0.0 
8963 103 0.0 
8963 103 0.0 
8963 103 0.0 
8963 103 0.0 
8963 103 0.0 
8964 97 0.0 
8965 28 0.0 
8966 17 0.0 
8967 103 0.0 
8967 103 0.0 
8968 12 0.0 
8968 12 0.0 
8968 21 0.0 
8968 21 0.0 
8968 95 0.0 
8968 95 0.0 
8968 96 0.0 
8968 96 0.0 
8968 98 0.0 
8968 98 0.0 
8968 100 0.0 
8968 100 0.0 
8968 102 0.0 
8968 102 0.0 
8968 115 0.0 
8968 115 0.0 
8968 117 0.0 
8968 117 0.0 
8968 118 0.0 
8968 118 0.0 
8968 163 0.0 
8968 163 0.0 
8968 191 0.0 
8968 191 0.0 
8968 194 0.0 
8968 194 0.0 
8968 197 0.0 
8968 197 0.0 
8968 202 0.0 
8968 202 0.0 
8968 205 0.0 
8968 205 0.0 
8968 206 0.0 
8968 206 0.0 
8968 209 0.0 
8968 209 0.0 
8968 210 0.0 
8968 210 0.0 
8968 218 0.0 
8968 218 0.0 
8968 219 0.0 
8968 219 0.0 
8968 220 0.0 
8968 220 0.0 
8968 221 0.0 
8968 221 0.0 
8968 222 0.0 
8968 222 0.0 
8968 223 0.0 
8968 223 0.0 
8968 224 0.0 
8968 224 0.0 
8968 225 0.0 
8968 225 0.0 
8968 226 0.0 
8968 226 0.0 
8968 232 0.0 
8968 232 0.0 
8968 233 0.0 
8968 233 0.0 
8968 245 0.0 
8968 245 0.0 
8968 246 0.0 
8968 246 0.0 
8968 247 0.0 
8968 247 0.0 
8968 248 0.0 
8968 248 0.0 
8968 249 0.0 
8968 249 0.0 
8968 250 0.0 
8968 250 0.0 
8968 294 0.0 
8968 294 0.0 
8969 340 0.0 
8969 351 0.0 
8969 354 0.0 
8969 354 0.0 
8970 4 0.0 
8971 113 0.0 
8971 128 0.0 
8971 260 0.0 
8971 269 0.0 
8971 290 0.0 
8971 307 0.0 
8972 164 0.0 
8973 28 0.0 
8974 163 0.0 
8974 163 0.0 
8974 163 0.0 
8975 299 0.0 
8975 299 0.0 
8976 163 0.0 
8976 167 0.0 
8977 209 0.0 
8977 210 0.0 
8977 257 0.0 
8977 263 0.0 
8977 280 0.0 
8978 261 0.0 
8979 329 0.00677970331162 
8980 128 0.0 
8980 164 0.0 
8980 166 0.0 
8980 166 0.0 
8980 354 0.0 
8981 163 0.0 
8981 163 0.0 
8981 260 0.0 
8981 269 0.0 
8982 163 0.0 
8982 163 0.0 
8982 163 0.0 
8983 8 0.0 
8983 8 0.0 
8983 10 0.0 
8983 14 0.0 
8983 22 0.0 
8983 85 0.0 
8983 91 0.0 
8983 93 0.0 
8983 105 0.0 
8983 355 0.0 
8984 227 0.0 
8985 289 0.0 
8986 113 0.0 
8986 113 0.0 
8986 305 0.0 
8986 306 0.000806753116194 
8986 306 0.0 
8986 306 0.0 
8986 306 0.0 
8986 306 0.0 
8986 320 0.00102541514207 
8986 324 0.00600388040766 
8986 325 0.00669998768717 
8986 351 0.0 
8986 351 0.0 
8986 351 0.0 
8986 351 0.0 
8987 128 0.0 
8988 113 0.0 
8988 113 0.0 
8988 121 0.0 
8988 139 0.0 
8988 139 0.0 
8988 228 0.0 
8988 231 0.0 
8988 288 0.0 
8988 305 0.0 
8988 307 0.0 
8988 307 0.0 
8988 308 0.0 
8988 312 0.0 
8988 340 0.0 
8988 340 0.0 
8988 340 0.0 
8988 340 0.0 
8988 350 0.0 
8989 8 0.0 
8990 354 0.0 
8991 350 0.0 
8992 113 0.0 
8993 306 0.0 
8994 350 0.0 
8995 305 0.0 
8996 54 0.0 
8996 54 0.0 
8996 54 0.0 
8996 54 0.0 
8996 54 0.0 
8996 54 0.0 
8996 54 0.0 
8996 54 0.0 
8996 54 0.0 
8996 54 0.0 
8996 54 0.0 
8996 54 0.0 
8996 54 0.0 
8996 54 0.0 
8996 54 0.0 
8996 299 0.0 
8997 299 0.0 
8998 48 0.0 
8999 17 0.0 
9000 1 0.0 
9000 1 0.0 
9000 1 0.0 
9000 9 0.0 
9000 9 0.0 
9000 10 0.0 
9000 10 0.0 
9000 22 0.0 
9000 30 0.0 
9000 30 0.0 
9000 61 0.0 
9000 61 0.0 
9000 61 0.0 
9000 70 0.0 
9000 80 0.0 
9000 80 0.0 
9000 85 0.0 
9000 85 0.0 
9000 86 0.0 
9000 86 0.0 
9000 86 0.0 
9000 86 0.0 
9000 86 0.0 
9000 86 0.0 
9000 91 0.0 
9000 91 0.0 
9000 91 0.0 
9000 91 0.0 
9000 91 0.0 
9000 91 0.0 
9000 91 0.0 
9000 91 0.0 
9000 255 0.0 
9000 307 0.0 
9000 336 0.0 
9001 25 0.0 
9001 341 0.0 
9001 354 0.0 
9001 355 0.0 
9002 113 0.0 
9002 121 0.0 
9003 13 0.0 
9003 110 0.00178352091461 
9003 128 0.0 
9004 284 0.0 
9004 294 0.0 
9004 298 0.0 
9004 298 0.0 
9005 3 0.0 
9005 7 0.0 
9005 83 0.0 
9005 166 0.0 
9005 290 0.0 
9006 8 0.0 
9006 111 0.0 
9006 139 0.0 
9007 13 0.0 
9007 34 0.0 
9007 103 0.0 
9007 124 0.0 
9007 285 0.0 
9008 338 0.0 
9008 340 0.0 
9009 38 0.0 
9009 38 0.0 
9010 299 0.0 
9010 314 0.00591811025515 
9010 316 0.00600388040766 
9010 317 0.00591811025515 
9010 318 0.00583475688472 
9010 319 0.00613729981706 
9011 1 0.0 
9011 38 0.0 
9011 61 0.0 
9012 109 0.0 
9013 340 0.0 
9013 340 0.0 
9014 352 0.0 
9015 306 0.0 
9016 299 0.0 
9017 66 0.0 
9017 82 0.0 
9018 16 0.0 
9018 28 0.0 
9018 28 0.0 
9018 28 0.0 
9018 28 0.0 
9018 67 0.0 
9018 113 0.0 
9018 113 0.0 
9018 113 0.0 
9018 113 0.0 
9018 113 0.0 
9018 113 0.0 
9018 113 0.0 
9018 173 0.0 
9018 180 0.0 
9018 189 0.0 
9018 299 0.0 
9018 299 0.0 
9018 299 0.00656598806381 
9018 299 0.0 
9018 299 0.0 
9018 299 0.0 
9018 299 0.0 
9018 299 0.0 
9018 299 0.0 
9018 299 0.0 
9018 299 0.0 
9018 299 0.0 
9018 299 0.0 
9018 299 0.0 
9018 299 0.0 
9018 299 0.00656598806381 
9018 299 0.0 
9018 299 0.0 
9018 299 0.0 
9018 299 0.0 
9018 299 0.0 
9018 299 0.0 
9018 299 0.0 
9018 299 0.0 
9018 299 0.0 
9018 350 0.0 
9018 354 0.0 
9019 7 0.0 
9020 139 0.0 
9021 113 0.0 
9022 7 0.0 
9022 7 0.0 
9022 25 0.0 
9022 107 0.0 
9022 109 0.0 
9022 113 0.0 
9022 113 0.0301647670567 
9022 113 0.0 
9022 113 0.0 
9022 124 0.0 
9022 124 0.0 
9022 128 0.0 
9022 128 0.0 
9022 128 0.0 
9022 128 0.0 
9022 128 0.0 
9022 128 0.0 
9022 128 0.0 
9022 128 0.0 
9022 128 0.0 
9022 160 0.0 
9022 189 0.0 
9022 260 0.0 
9022 269 0.0 
9022 281 0.0 
9022 305 0.0 
9022 307 0.0 
9022 330 0.0 
9022 333 0.0 
9022 338 0.0 
9022 340 0.0 
9022 340 0.0 
9022 340 0.0 
9022 340 0.0 
9022 340 0.0 
9022 340 0.0 
9022 340 0.0 
9022 341 0.0 
9022 343 0.0 
9022 345 0.0 
9022 350 0.0 
9022 353 0.0 
9022 354 0.0 
9022 354 0.0 
9022 354 0.0 
9022 355 0.0 
9022 355 0.0 
9022 356 -0.0 
9023 113 0.0 
9023 332 0.0 
9023 332 0.0 
9024 306 0.0 
9025 58 0.0 
9025 83 0.0 
9025 321 0.0 
9026 350 0.0 
9026 350 0.0 
9027 7 0.0 
9027 340 0.0 
9028 113 0.0 
9029 113 0.0 
9029 306 0.0 
9030 7 0.0 
9031 8 0.00825910456479 
9031 8 0.0 
9031 28 0.0 
9031 113 0.0 
9031 113 0.0 
9031 113 0.0 
9031 113 0.0 
9031 113 0.0 
9031 128 0.0 
9031 128 0.0 
9031 128 0.0 
9031 128 0.0 
9031 128 0.0236519183964 
9031 228 0.0 
9031 231 0.0 
9031 285 0.0 
9031 287 0.0 
9031 288 0.0 
9031 288 0.0 
9031 291 0.0 
9031 292 0.0 
9031 298 0.0 
9031 299 0.0 
9031 299 0.0 
9031 307 0.0 
9031 308 0.0 
9031 331 0.0 
9031 339 0.0 
9031 340 0.0 
9031 340 0.0 
9031 350 0.0 
9031 352 0.0 
9031 354 0.0 
9032 1 0.0193117279559 
9032 61 0.187599658966 
9033 340 0.0 
9034 109 0.0 
9034 121 0.0 
9035 350 0.0 
9035 350 0.0 
9035 350 0.0 
9035 350 0.0 
9035 350 0.0 
9035 350 0.0 
9035 350 0.0 
9035 350 0.0 
9035 350 0.0 
9035 350 0.0 
9036 305 0.0 
9037 111 0.0 
9037 111 0.0 
9037 128 0.0 
9037 128 0.0 
9037 128 0.0 
9037 128 0.0 
9037 128 0.0 
9037 128 0.0 
9037 128 0.0 
9037 128 0.0 
9037 128 0.0 
9037 128 0.0 
9037 128 0.0236519183964 
9037 128 0.0 
9037 128 0.0 
9037 188 0.0 
9037 217 0.0 
9037 228 0.0 
9037 251 0.0 
9037 251 0.00650097802281 
9037 251 0.0 
9037 251 0.0 
9037 251 0.0 
9037 251 0.0 
9037 251 0.0 
9037 298 0.0 
9037 299 0.0 
9037 308 0.0 
9037 308 0.0 
9037 308 0.0 
9037 308 0.0 
9037 329 0.0 
9037 331 0.0 
9037 335 0.0 
9037 338 0.0 
9037 340 0.0 
9037 340 0.0 
9037 340 0.0 
9037 340 0.0 
9037 340 0.0 
9037 340 0.0 
9037 340 0.0 
9037 340 0.0 
9037 350 0.0 
9038 155 0.0 
9039 8 0.0 
9039 354 0.0 
9040 4 0.0 
9040 28 0.0 
9041 335 0.0 
9041 337 0.0 
9041 338 0.0 
9041 338 0.0 
9041 338 0.0 
9041 338 0.0 
9041 338 0.0 
9041 338 0.0 
9042 249 0.0117249786854 
9042 249 0.00739763816819 
9042 299 0.0 
9042 299 0.0 
9042 354 0.0 
9043 113 0.0 
9043 305 0.0 
9043 305 0.0 
9044 124 0.0 
9045 128 0.0 
9045 128 0.0 
9045 283 0.0 
9045 305 0.0 
9046 83 0.0 
9047 331 0.0 
9048 18 0.0 
9048 139 0.0 
9048 152 0.0 
9048 153 0.0 
9048 154 0.0 
9048 155 0.0 
9048 157 0.0 
9048 160 0.0 
9048 161 0.0 
9048 164 0.0 
9048 166 0.0 
9048 169 0.0 
9048 170 0.0 
9048 171 0.0 
9048 172 0.0 
9048 173 0.0 
9048 176 0.0 
9048 178 0.0 
9048 179 0.0 
9048 180 0.0 
9048 181 0.0 
9048 182 0.0 
9048 183 0.0 
9048 184 0.0 
9048 188 0.0 
9048 189 0.0 
9048 190 0.0 
9048 198 0.0 
9048 199 0.0 
9048 200 0.0 
9048 201 0.0 
9048 203 0.0 
9048 204 0.0 
9048 213 0.0 
9048 216 0.0 
9048 217 0.0 
9048 227 0.0 
9048 235 0.0 
9048 236 0.0 
9048 252 0.0 
9048 262 0.0 
9048 267 0.0 
9048 274 0.0 
9048 278 0.0 
9048 286 0.0 
9048 295 0.0 
9048 297 0.0 
9048 300 0.0 
9048 302 0.0 
9048 306 0.0 
9048 306 0.000806753116194 
9048 326 0.0 
9048 346 0.0 
9048 348 0.0 
9049 4 0.0 
9049 4 0.0 
9050 113 0.0 
9050 139 0.0 
9050 160 0.0 
9050 192 0.0 
9051 185 0.0 
9051 211 0.0 
9052 113 0.0 
9052 113 0.0 
9053 299 0.0 
9053 350 0.0 
9053 350 0.0 
9054 97 0.0 
9054 97 0.0 
9054 344 0.0 
9054 344 0.0 
9055 4 0.0 
9055 28 0.0 
9055 28 0.0 
9055 113 0.0 
9055 113 0.0 
9055 113 0.0 
9055 113 0.0 
9055 113 0.0 
9055 113 0.0 
9055 113 0.0 
9055 113 0.0301647670567 
9055 113 0.0 
9055 128 0.0 
9055 164 0.0 
9055 173 0.0 
9055 243 0.0 
9055 251 0.0 
9055 289 0.0 
9055 307 0.0 
9055 307 0.0 
9055 307 0.0 
9055 308 0.0 
9055 311 0.0 
9055 340 0.0 
9055 340 0.0 
9055 340 0.0 
9055 340 0.0 
9055 340 0.0 
9055 352 0.0 
9055 352 0.0 
9056 185 0.0 
9057 340 0.0 
9058 8 0.00825910456479 
9058 8 0.0 
9058 8 0.0 
9058 8 0.0 
9058 8 0.0 
9058 8 0.0 
9058 8 0.00825910456479 
9058 8 0.0 
9058 8 0.0 
9058 8 0.0 
9058 8 0.00825910456479 
9058 8 0.0 
9058 8 0.0 
9058 8 0.0 
9058 8 0.0 
9058 8 0.0 
9058 8 0.00825910456479 
9058 8 0.0 
9058 8 0.0 
9058 8 0.0 
9058 8 0.0 
9058 8 0.0 
9058 8 0.0 
9058 8 0.0 
9058 8 0.0 
9058 8 0.0 
9058 8 0.00825910456479 
9058 8 0.0 
9058 8 0.0 
9058 8 0.0 
9058 13 0.0 
9058 22 0.0 
9058 22 0.0 
9058 28 0.0 
9058 28 0.0 
9058 28 0.0 
9058 28 0.0 
9058 28 0.0 
9058 28 0.0 
9058 28 0.0 
9058 28 0.0 
9058 28 0.0 
9058 75 0.0 
9058 77 0.0 
9058 83 0.0 
9058 83 0.0 
9058 83 0.0 
9058 108 0.0 
9058 108 0.0 
9058 108 0.0 
9058 108 0.0 
9058 109 0.0 
9058 109 0.0 
9058 109 0.0 
9058 109 0.0 
9058 109 0.0 
9058 109 0.0 
9058 112 0.0 
9058 113 0.0 
9058 113 0.0 
9058 113 0.0 
9058 121 0.0 
9058 121 0.0 
9058 139 0.0 
9058 139 0.0 
9058 166 0.0 
9058 166 0.0 
9058 166 0.0 
9058 166 0.0 
9058 173 0.0 
9058 173 0.0 
9058 173 0.0 
9058 173 0.0 
9058 173 0.0 
9058 173 0.0 
9058 180 0.0 
9058 181 0.0 
9058 188 0.0 
9058 188 0.0 
9058 189 0.0 
9058 189 0.0 
9058 204 0.0 
9058 212 0.0 
9058 212 0.0 
9058 228 0.0 
9058 228 0.0 
9058 228 0.0 
9058 228 0.0 
9058 228 0.0 
9058 231 0.0 
9058 231 0.0 
9058 231 0.0 
9058 243 0.0 
9058 243 0.00278219813481 
9058 243 0.0 
9058 243 0.0 
9058 243 0.0 
9058 243 0.0 
9058 243 0.0 
9058 243 0.0 
9058 243 0.0 
9058 243 0.0 
9058 243 0.0 
9058 243 0.0 
9058 243 0.0 
9058 243 0.0 
9058 243 0.0 
9058 243 0.0 
9058 243 0.0 
9058 270 0.0 
9058 279 0.0 
9058 299 0.0 
9058 299 0.0 
9058 299 0.0 
9058 299 0.0 
9058 299 0.0 
9058 336 0.0 
9058 336 0.0 
9058 336 0.0 
9059 189 0.0 
9060 124 0.0 
9061 331 0.0 
9062 199 0.0 
9063 48 0.0 
9064 77 0.0 
9065 244 0.0 
9066 338 0.0 
9066 338 0.0 
9067 113 0.0 
9068 48 0.0 
9069 13 0.0 
9069 13 0.0 
9069 13 0.0 
9069 13 0.0 
9070 261 0.0 
9070 290 0.0 
9070 351 0.0 
9071 4 0.0 
9072 44 0.0 
9072 44 0.0 
9072 299 0.0 
9073 336 0.0 
9074 185 0.0 
9075 15 0.0 
9076 299 0.0 
9077 7 0.0 
9077 28 0.0 
9077 28 0.0 
9078 350 0.0 
9079 110 0.00178352091461 
9079 110 0.00178352091461 
9079 110 0.00178352091461 
9079 111 0.0 
9079 244 0.0 
9079 279 0.0 
9079 282 0.0 
9079 282 0.0 
9080 83 0.0 
9080 113 0.0 
9081 113 0.0 
9081 289 0.0 
9081 321 0.0 
9081 340 0.0 
9081 340 0.0 
9082 199 0.0 
9082 199 0.0 
9083 28 0.0 
9083 204 0.0 
9084 58 0.0 
9084 228 0.0 
9084 228 0.0 
9084 228 0.0 
9084 228 0.0 
9084 228 0.00347406766377 
9084 228 0.0 
9084 228 0.0 
9084 228 0.0 
9084 228 0.0 
9084 228 0.0 
9084 228 0.0 
9084 228 0.0 
9084 228 0.0 
9084 228 0.0 
9085 28 0.0 
9085 279 0.0 
9086 291 0.0 
9086 350 0.0 
9087 350 0.0 
9088 350 0.0 
9089 166 0.0 
9090 3 0.0 
9090 3 0.0 
9090 3 0.0 
9090 7 0.0 
9090 22 0.0 
9090 28 0.0 
9090 28 0.0 
9090 28 0.0 
9090 32 0.0 
9090 83 0.0 
9090 83 0.0 
9090 83 0.0 
9090 83 0.0 
9090 83 0.0 
9090 83 0.0 
9090 229 0.0 
9090 230 0.0 
9090 231 0.0 
9090 259 0.0 
9090 259 0.0 
9091 354 0.0 
9092 128 0.0 
9093 338 0.0 
9094 44 0.0 
9094 44 0.0 
9094 113 0.0 
9094 338 0.0 
9095 34 0.0 
9096 110 0.0 
9097 110 0.00178352091461 
9098 113 0.0 
9099 307 0.0 
9100 113 0.0 
9101 103 0.0 
9101 231 0.0 
9101 282 0.0 
9101 287 0.0 
9101 292 0.0 
9101 293 0.0 
9101 298 0.0 
9101 309 0.0 
9101 309 0.0 
9102 299 0.00656598806381 
9102 299 0.0 
9102 299 0.0 
9103 48 0.0 
9104 113 0.0 
9104 124 0.0 
9104 124 0.0 
9105 113 0.0 
9105 113 0.0 
9105 113 0.0 
9105 113 0.0 
9106 192 0.0 
9107 350 0.0 
9108 337 0.0 
9109 5 0.0 
9110 311 0.0 
9111 3 0.0 
9111 4 0.0 
9111 28 0.0 
9111 103 0.0 
9111 306 0.0 
9112 7 0.0 
9112 113 0.0 
9112 285 0.0 
9112 350 0.0 
9112 350 0.0 
9112 350 0.0 
9113 210 0.0 
9114 113 0.0 
9114 128 0.0 
9114 128 0.0 
9114 281 0.0 
9114 281 0.0 
9114 309 0.0 
9114 334 0.0 
9114 336 0.0 
9114 350 0.0 
9114 354 0.0 
9115 336 0.0 
9115 336 0.0 
9116 111 0.00853020045906 
9117 28 0.0 
9117 139 0.0 
9117 139 0.0 
9117 139 0.0 
9117 139 0.0 
9117 166 0.0 
9117 166 0.0 
9117 173 0.0 
9118 113 0.0 
9118 128 0.0 
9118 128 0.0 
9118 128 0.0 
9118 128 0.0 
9118 128 0.0 
9118 128 0.0 
9118 128 0.0 
9118 281 0.0 
9118 287 0.0 
9118 299 0.0 
9118 306 0.0 
9119 5 0.0 
9119 8 0.00825910456479 
9119 28 0.0 
9119 28 0.0 
9119 113 0.0 
9119 113 0.0 
9119 113 0.0 
9119 113 0.0 
9119 113 0.0 
9119 113 0.0 
9119 124 0.0 
9119 128 0.0 
9119 221 0.0 
9119 228 0.0 
9119 228 0.0 
9119 231 0.0 
9119 243 0.0 
9119 249 0.0117249786854 
9119 249 0.00739763816819 
9119 270 0.0 
9119 282 0.0 
9119 282 0.0 
9119 283 0.0 
9119 283 0.0 
9119 284 0.0 
9119 284 0.0 
9119 287 0.0 
9119 288 0.0 
9119 288 0.0 
9119 288 0.0 
9119 288 0.0 
9119 288 0.0 
9119 290 0.0 
9119 290 0.0 
9119 292 0.0 
9119 292 0.0 
9119 292 0.0 
9119 299 0.0 
9119 303 0.0 
9119 306 0.0 
9119 307 0.0 
9119 307 0.0 
9119 307 0.0 
9119 307 0.0 
9119 308 0.0 
9119 308 0.0 
9119 308 0.0 
9119 311 0.0 
9119 321 0.0 
9119 331 0.0 
9119 332 0.0 
9119 332 0.0 
9119 335 0.0 
9119 337 0.0 
9119 339 0.0 
9119 340 0.0 
9119 340 0.0 
9119 340 0.0 
9119 340 0.0 
9119 340 0.0 
9119 342 0.0 
9119 350 0.0 
9119 350 0.0 
9119 352 0.0 
9119 352 0.0 
9120 3 0.0 
9120 3 0.0 
9120 4 0.0 
9120 5 0.0 
9120 8 0.0 
9120 28 0.0 
9120 54 0.0 
9120 113 0.0 
9120 113 0.0 
9120 113 0.0 
9120 113 0.0 
9120 113 0.0 
9120 113 0.0 
9120 113 0.0 
9120 113 0.0 
9120 113 0.0 
9120 113 0.0 
9120 113 0.0 
9120 128 0.0 
9120 260 0.0 
9120 269 0.0 
9120 270 0.0 
9120 282 0.0 
9120 283 0.0 
9120 289 0.0 
9120 294 0.0 
9120 305 0.0 
9120 305 0.0 
9120 305 0.0 
9120 331 0.0 
9120 331 0.0 
9120 340 0.0 
9120 340 0.0 
9120 340 0.0 
9120 340 0.0 
9120 340 0.0 
9120 340 0.0 
9120 340 0.0 
9121 113 0.0 
9121 308 0.0 
9121 308 0.0 
9122 350 0.0 
9123 350 0.0 
9124 246 0.0118306083605 
9124 246 0.00746428314596 
9124 285 0.0 
9124 289 0.0019179059891 
9124 289 0.0 
9124 289 0.0 
9124 291 0.0023740271572 
9124 291 0.0 
9124 291 0.0 
9124 291 0.0 
9124 308 0.0 
9124 322 0.0 
9124 322 0.0 
9124 322 0.0 
9124 340 0.0 
9124 340 0.0 
9125 113 0.0 
9125 113 0.0 
9126 243 0.0 
9127 128 0.0 
9127 128 0.0 
9128 1 0.0193117279559 
9128 61 0.187599658966 
9129 173 0.0 
9129 282 0.0 
9129 311 0.0 
9130 54 0.0 
9130 218 0.0 
9130 244 0.0 
9130 263 0.0 
9131 228 0.0 
9131 228 0.0 
9132 299 0.0 
9133 252 0.0 
9134 252 0.0 
9135 41 0.0 
9135 41 0.0 
9136 301 0.0 
9136 301 0.0 
9136 301 0.0 
9137 41 0.0 
9137 301 0.0 
9137 301 0.0 
9138 41 0.0 
9138 41 0.0 
9138 41 0.0 
9138 41 0.0 
9139 154 0.0 
9139 154 0.0 
9140 290 0.0 
9141 180 0.0 
9141 181 0.0 
9142 28 0.0 
9142 113 0.0 
9142 113 0.0 
9142 265 0.0 
9142 282 0.0 
9142 283 0.0 
9142 292 0.0 
9142 298 0.0 
9142 299 0.0 
9142 299 0.0 
9142 308 0.0 
9142 332 0.0 
9142 334 0.0 
9142 336 0.0 
9142 340 0.0 
9143 340 0.0 
9144 331 0.0 
9145 5 0.0 
9146 113 0.0 
