9147 289 0.0 
9148 4 0.0 
9148 28 0.0 
9148 28 0.0 
9148 113 0.0 
9148 124 0.0 
9148 124 0.0 
9148 128 0.0 
9148 128 0.0 
9148 173 0.0 
9148 231 0.0 
9148 243 0.0 
9148 282 0.0 
9148 283 0.0 
9148 283 0.0 
9148 287 0.0 
9148 290 0.0 
9148 299 0.0 
9148 309 0.0 
9148 311 0.0 
9148 331 0.0 
9148 340 0.0 
9148 340 0.0 
9148 340 0.0 
9148 340 0.0 
9148 340 0.0 
9148 340 0.0 
9149 128 0.0 
9150 279 0.0 
9150 279 0.0 
9150 279 0.0 
9151 351 0.0 
9152 265 0.0 
9152 272 0.00484523642808 
9153 228 0.0 
9153 289 0.0 
9153 289 0.0 
9154 12 0.0 
9154 13 0.0 
9154 339 0.0 
9155 19 0.0 
9155 207 0.0 
9156 1 0.0 
9156 1 0.0 
9156 1 0.0 
9156 1 0.0 
9156 2 0.0 
9156 2 0.0 
9156 8 0.0 
9156 8 0.0 
9156 8 0.0 
9156 8 0.0 
9156 8 0.0 
9156 8 0.00825910456479 
9156 8 0.0 
9156 8 0.0 
9156 8 0.0 
9156 8 0.0 
9156 12 0.0 
9156 12 0.0 
9156 18 0.0 
9156 18 0.0 
9156 18 0.0 
9156 18 0.0 
9156 21 0.0 
9156 21 0.0 
9156 21 0.0 
9156 21 0.0 
9156 21 0.0 
9156 22 0.0 
9156 22 0.0 
9156 25 0.0 
9156 25 0.0 
9156 25 0.0 
9156 25 0.0 
9156 25 0.0 
9156 38 0.0 
9156 38 0.0 
9156 38 0.0 
9156 38 0.0 
9156 38 0.0 
9156 38 0.0 
9156 38 0.0 
9156 38 0.0 
9156 38 0.0 
9156 38 0.0 
9156 38 0.0 
9156 38 0.0 
9156 38 0.0 
9156 38 0.0 
9156 38 0.0 
9156 38 0.0 
9156 38 0.0 
9156 38 0.0 
9156 38 0.0 
9156 61 0.0 
9156 61 0.0 
9156 61 0.0 
9156 61 0.0 
9156 66 0.0 
9156 66 0.0 
9156 86 0.0 
9156 86 0.0 
9156 95 0.0 
9156 95 0.0 
9156 95 0.0 
9156 95 0.0 
9156 95 0.0 
9156 96 0.0 
9156 96 0.0 
9156 97 0.0 
9156 97 0.0 
9156 97 0.0 
9156 97 0.0 
9156 97 0.0 
9156 97 0.0 
9156 97 0.0 
9156 97 0.0 
9156 97 0.0 
9156 98 0.0 
9156 98 0.0 
9156 100 0.0 
9156 100 0.0 
9156 102 0.0 
9156 102 0.0 
9156 111 0.00853020045906 
9156 111 0.0 
9156 111 0.00853020045906 
9156 111 0.00853020045906 
9156 111 0.00853020045906 
9156 115 0.0 
9156 115 0.0 
9156 117 0.0 
9156 117 0.0 
9156 118 0.0 
9156 118 0.0 
9156 119 0.0 
9156 120 0.0 
9156 123 0.0 
9156 124 0.0 
9156 124 0.0 
9156 124 0.0 
9156 124 0.0 
9156 124 0.0 
9156 126 0.0 
9156 127 0.0 
9156 129 0.0 
9156 130 0.0 
9156 131 0.0 
9156 134 0.0 
9156 139 0.0 
9156 139 0.0 
9156 139 0.0 
9156 139 0.0 
9156 140 0.0 
9156 145 0.0 
9156 147 0.0 
9156 148 0.0 
9156 149 0.0 
9156 150 0.0 
9156 152 0.0 
9156 152 0.0 
9156 152 0.0 
9156 152 0.0 
9156 153 0.0 
9156 153 0.0 
9156 153 0.0 
9156 153 0.0 
9156 154 0.0 
9156 154 0.0 
9156 154 0.0 
9156 154 0.0 
9156 155 0.0 
9156 155 0.0 
9156 155 0.0 
9156 155 0.0 
9156 157 0.0 
9156 157 0.0 
9156 157 0.0 
9156 157 0.0 
9156 158 0.0 
9156 159 0.0 
9156 160 0.0 
9156 160 0.0 
9156 160 0.0 
9156 160 0.0 
9156 161 0.0 
9156 161 0.0 
9156 161 0.0 
9156 161 0.0 
9156 161 0.0 
9156 162 0.0 
9156 163 0.0 
9156 163 0.0 
9156 164 0.0 
9156 164 0.0 
9156 164 0.0 
9156 164 0.0 
9156 166 0.0 
9156 166 0.0 
9156 166 0.0 
9156 166 0.0 
9156 168 0.0 
9156 169 0.0 
9156 169 0.0 
9156 169 0.0 
9156 169 0.0 
9156 169 0.0 
9156 170 0.0 
9156 170 0.0 
9156 170 0.0 
9156 170 0.0 
9156 171 0.0 
9156 171 0.0 
9156 171 0.0 
9156 171 0.0 
9156 171 0.0 
9156 172 0.0 
9156 172 0.0 
9156 172 0.0 
9156 172 0.0 
9156 173 0.0 
9156 173 0.0 
9156 173 0.0 
9156 173 0.0 
9156 174 0.0 
9156 175 0.0 
9156 176 0.0 
9156 176 0.0 
9156 176 0.0 
9156 176 0.0 
9156 177 0.0 
9156 178 0.0 
9156 178 0.0 
9156 178 0.0 
9156 178 0.0 
9156 178 0.0 
9156 179 0.0 
9156 179 0.0 
9156 179 0.0 
9156 179 0.0 
9156 180 0.0 
9156 180 0.0 
9156 180 0.0 
9156 180 0.0 
9156 180 0.0 
9156 181 0.0 
9156 181 0.0 
9156 181 0.0 
9156 181 0.0 
9156 181 0.0 
9156 182 0.0 
9156 182 0.0 
9156 182 0.0 
9156 182 0.0 
9156 182 0.0 
9156 183 0.0 
9156 183 0.0 
9156 183 0.0 
9156 183 0.0 
9156 184 0.0 
9156 184 0.0 
9156 184 0.0 
9156 184 0.0 
9156 184 0.0 
9156 188 0.0 
9156 188 0.0 
9156 188 0.0 
9156 188 0.0 
9156 188 0.0 
9156 189 0.0 
9156 189 0.0 
9156 189 0.0 
9156 189 0.0 
9156 190 0.0 
9156 190 0.0 
9156 190 0.0 
9156 190 0.0 
9156 191 0.0 
9156 191 0.0 
9156 194 0.0 
9156 194 0.0 
9156 195 0.0 
9156 197 0.0 
9156 197 0.0 
9156 198 0.0 
9156 198 0.0 
9156 198 0.0 
9156 198 0.0 
9156 198 0.0 
9156 199 0.0 
9156 199 0.0 
9156 199 0.0 
9156 199 0.0 
9156 200 0.0 
9156 200 0.0 
9156 200 0.0 
9156 200 0.0 
9156 200 0.0 
9156 201 0.0 
9156 201 0.0 
9156 201 0.0 
9156 201 0.0 
9156 201 0.0 
9156 202 0.0 
9156 202 0.0 
9156 203 0.0 
9156 203 0.0 
9156 203 0.0 
9156 203 0.0 
9156 204 0.0 
9156 204 0.0 
9156 204 0.0 
9156 204 0.0 
9156 205 0.0 
9156 205 0.0 
9156 206 0.0 
9156 206 0.0 
9156 209 0.0 
9156 209 0.0 
9156 210 0.0 
9156 210 0.0 
9156 211 0.0 
9156 213 0.0 
9156 213 0.0 
9156 213 0.0 
9156 213 0.0 
9156 213 0.0 
9156 215 0.0 
9156 216 0.0 
9156 216 0.0 
9156 216 0.0 
9156 216 0.0 
9156 217 0.0 
9156 217 0.0 
9156 217 0.0 
9156 217 0.0 
9156 218 0.0 
9156 218 0.0 
9156 219 0.0 
9156 219 0.0 
9156 220 0.0 
9156 220 0.0 
9156 221 0.0 
9156 221 0.0 
9156 222 0.0 
9156 222 0.0 
9156 223 0.0 
9156 223 0.0 
9156 224 0.0 
9156 224 0.0 
9156 225 0.0 
9156 225 0.0 
9156 226 0.0 
9156 226 0.0 
9156 227 0.0 
9156 227 0.0 
9156 227 0.0 
9156 227 0.0 
9156 228 0.0 
9156 228 0.0 
9156 229 0.0 
9156 229 0.0 
9156 230 0.0 
9156 230 0.0 
9156 231 0.0 
9156 231 0.0 
9156 232 0.0 
9156 232 0.0 
9156 233 0.0 
9156 233 0.0 
9156 234 0.0 
9156 234 0.0 
9156 234 0.0 
9156 235 0.0 
9156 235 0.0 
9156 235 0.0 
9156 235 0.0 
9156 235 0.0 
9156 236 0.0 
9156 236 0.0 
9156 236 0.0 
9156 236 0.0 
9156 236 0.0 
9156 238 0.0 
9156 238 0.0 
9156 238 0.0 
9156 239 0.0 
9156 243 0.0 
9156 243 0.0 
9156 244 0.0 
9156 244 0.0 
9156 245 0.0 
9156 245 0.0 
9156 246 0.0 
9156 246 0.0 
9156 247 0.0 
9156 247 0.0 
9156 248 0.0 
9156 248 0.0 
9156 249 0.0 
9156 249 0.0 
9156 250 0.0 
9156 250 0.0 
9156 251 0.0 
9156 251 0.0 
9156 252 0.0 
9156 252 0.0 
9156 252 0.0 
9156 252 0.0 
9156 252 0.0 
9156 253 0.0 
9156 253 0.0 
9156 254 0.0 
9156 254 0.0 
9156 254 0.0 
9156 254 0.0 
9156 254 0.0 
9156 262 0.0 
9156 262 0.0 
9156 262 0.0 
9156 262 0.0 
9156 262 0.0 
9156 267 0.0 
9156 267 0.0 
9156 267 0.0 
9156 267 0.0 
9156 267 0.0 
9156 274 0.0 
9156 274 0.0 
9156 274 0.0 
9156 274 0.0 
9156 274 0.0 
9156 277 0.0 
9156 278 0.0 
9156 278 0.0 
9156 278 0.0 
9156 278 0.0 
9156 278 0.0 
9156 286 0.0 
9156 286 0.0 
9156 286 0.0 
9156 286 0.0 
9156 286 0.0 
9156 294 0.0 
9156 294 0.0 
9156 295 0.0 
9156 295 0.0 
9156 295 0.0 
9156 295 0.0 
9156 295 0.0 
9156 297 0.0 
9156 297 0.0 
9156 297 0.0 
9156 297 0.0 
9156 297 0.0 
9156 300 0.0 
9156 300 0.0 
9156 300 0.0 
9156 300 0.0 
9156 300 0.0 
9156 301 0.0 
9156 302 0.0 
9156 302 0.0 
9156 302 0.0 
9156 302 0.0 
9156 304 0.0 
9156 305 0.0 
9156 326 0.0 
9156 326 0.0 
9156 326 0.0 
9156 326 0.0 
9156 326 0.0 
9156 330 0.0 
9156 330 0.0 
9156 330 0.0 
9156 330 0.0 
9156 330 0.0 
9156 333 0.0 
9156 333 0.0 
9156 333 0.0 
9156 333 0.0 
9156 333 0.0 
9156 341 0.0 
9156 341 0.0 
9156 341 0.0 
9156 341 0.0 
9156 341 0.0 
9156 343 0.0 
9156 343 0.0 
9156 343 0.0 
9156 343 0.0 
9156 343 0.0 
9156 345 0.0 
9156 345 0.0 
9156 345 0.0 
9156 345 0.0 
9156 345 0.0 
9156 346 0.0 
9156 346 0.0 
9156 346 0.0 
9156 346 0.0 
9156 346 0.0 
9156 348 0.0 
9156 348 0.0 
9156 348 0.0 
9156 348 0.0 
9156 348 0.0 
9156 349 0.0 
9156 353 0.0 
9156 353 0.0 
9156 353 0.0 
9156 353 0.0 
9156 353 0.0 
9156 354 0.0 
9156 354 0.0 
9156 354 0.0 
9156 354 0.0 
9156 354 0.0 
9156 355 0.0 
9156 355 0.0 
9156 355 0.0 
9156 355 0.0 
9156 355 0.0 
9156 356 -0.0 
9156 356 -0.0 
9156 356 -0.0 
9156 356 -0.0 
9156 356 -0.0 
9157 28 0.0 
9157 127 0.000200610695174 
9157 243 0.0 
9158 139 0.0 
9159 28 0.0 
9160 124 0.0 
9160 124 0.0 
9161 222 0.0 
9162 155 0.0 
9163 155 0.0 
9164 350 0.0 
9165 113 0.0 
9165 113 0.0 
9165 113 0.0 
9165 298 0.0 
9165 340 0.0 
9166 128 0.0 
9166 128 0.0 
9166 128 0.0 
9166 128 0.0 
9166 228 0.0 
9166 290 0.0 
9166 335 0.0 
9166 335 0.0 
9166 335 0.0 
9166 335 0.0 
9166 335 0.0 
9166 335 0.0 
9166 335 0.0 
9166 335 0.0 
9166 335 0.0 
9166 335 0.000285210146103 
9166 335 0.000285210146103 
9166 335 0.0 
9166 336 0.0 
9166 338 0.0 
9167 15 0.0 
9168 28 0.0 
9169 11 0.0 
9169 11 0.0 
9170 289 0.0 
9170 322 0.0 
9171 103 0.02851190418 
9172 83 0.207133859396 
9173 251 0.0 
9174 124 0.0 
9174 124 0.0 
9174 354 0.0 
9175 34 0.0 
9175 113 0.0 
9175 113 0.0 
9176 199 0.0 
9177 28 0.0 
9177 113 0.0 
9177 299 0.0 
9177 350 0.0 
9177 350 0.0 
9178 350 0.0 
9179 70 0.0 
9180 19 0.0 
9180 20 0.00426362873986 
9180 199 0.0 
9180 208 0.00547165656462 
9180 254 0.0 
9180 270 0.0 
9180 298 0.0 
9180 321 0.0 
9180 321 0.0 
9180 321 0.0 
9180 321 0.0 
9181 288 0.0 
9181 288 0.0 
9181 293 0.0 
9182 351 0.0 
9183 266 0.0105119645596 
9183 266 0.00663231126964 
9184 350 0.0 
9185 113 0.0 
9185 113 0.0 
9185 113 0.0 
9186 185 0.0 
9187 113 0.0 
9188 113 0.0 
9189 121 0.0 
9189 121 0.0 
9190 113 0.0 
9191 113 0.0 
9192 124 0.0 
9192 331 0.0 
9192 331 0.0 
9192 340 0.0 
9193 98 0.0 
9194 350 0.0 
9195 284 0.0 
9195 284 0.0 
9195 284 0.0 
9196 185 0.0 
9197 128 0.0 
9198 8 0.0 
9198 354 0.0 
9199 105 0.0 
9200 222 0.0 
9200 321 0.0 
9200 321 0.0 
9200 321 0.0 
9200 321 0.0 
9200 321 0.0 
9201 227 0.0 
9202 8 0.0 
9202 8 0.0 
9202 25 0.0 
9202 25 0.0 
9202 25 0.0 
9202 112 0.0 
9202 112 0.0 
9202 330 0.0 
9202 330 0.0 
9202 330 0.0 
9202 333 0.0 
9202 333 0.0 
9202 333 0.0 
9202 341 0.0 
9202 341 0.0 
9202 341 0.0 
9202 343 0.0 
9202 343 0.0 
9202 343 0.0 
9202 345 0.0 
9202 345 0.0 
9202 345 0.0 
9202 353 0.0 
9202 353 0.0 
9202 353 0.0 
9202 354 0.0 
9202 354 0.0 
9202 354 0.0 
9202 355 0.0 
9202 355 0.0 
9202 355 0.0 
9202 356 -0.0 
9202 356 -0.0 
9202 356 -0.0 
9203 299 0.0 
9204 5 0.0 
9204 5 0.0 
9204 5 0.0 
9204 5 0.0 
9204 7 0.0 
9204 8 0.0 
9204 8 0.0 
9204 18 0.0 
9204 18 0.0 
9204 18 0.0 
9204 18 0.0 
9204 18 0.0 
9204 28 0.0 
9204 30 0.0 
9204 31 0.00490257656202 
9204 70 0.0 
9204 81 0.00920594949275 
9204 107 0.0 
9204 109 0.0 
9204 113 0.0 
9204 113 0.0 
9204 113 0.0 
9204 113 0.0 
9204 121 0.0 
9204 124 0.0 
9204 124 0.0 
9204 128 0.0 
9204 128 0.0 
9204 166 0.0 
9204 225 0.00739763816819 
9204 225 0.00739763816819 
9204 225 0.0117249786854 
9204 231 0.0 
9204 231 0.0 
9204 231 0.0 
9204 251 0.0 
9204 280 0.0 
9204 308 0.0 
9204 308 0.0 
9204 322 0.0 
9204 336 0.0 
9204 351 0.0 
9204 355 0.0 
9204 355 0.0 
9204 355 0.0 
9204 355 0.0 
9205 332 0.0 
9205 332 0.0 
9205 332 0.0 
9205 332 0.0 
9205 332 0.0 
9206 247 0.00739763816819 
9206 247 0.00739763816819 
9206 247 0.0117249786854 
9206 298 0.0 
9207 105 0.0 
9208 128 0.0 
9208 350 0.0 
9209 124 0.0 
9209 124 0.0 
9209 124 0.0 
9210 124 0.0 
9211 199 0.0 
9211 199 0.0 
9212 3 0.0 
9212 260 0.0 
9212 269 0.0 
9212 270 0.0 
9212 340 0.0 
9212 340 0.0 
9212 340 0.0 
9213 350 0.0 
9214 97 0.0 
9215 281 0.0 
9215 305 0.0 
9215 305 0.0 
9215 305 0.0 
9216 350 0.0 
9217 113 0.0 
9218 307 0.0 
9218 308 0.0 
9218 308 0.0 
9218 340 0.0 
9218 340 0.0 
9218 352 0.0 
9219 113 0.0 
9220 25 0.0 
9220 341 0.0 
9221 350 0.0 
9222 97 0.0 
9222 97 0.0 
9222 97 0.0 
9222 97 0.0 
9222 344 0.0 
9222 344 0.0 
9222 344 0.0 
9222 344 0.0 
9223 111 0.00853020045906 
9223 111 0.00853020045906 
9223 336 0.0 
9223 350 0.0 
9224 350 0.0 
9225 260 0.0 
9225 269 0.0 
9226 1 0.0 
9226 61 0.0 
9227 336 0.0 
9227 336 0.0 
9227 336 0.0 
9227 336 0.0 
9228 44 0.0 
9228 299 0.0 
9229 354 0.0 
9230 289 0.0 
9231 24 0.0 
9231 115 0.0190318487585 
9231 115 0.0 
9231 115 0.0190318487585 
9231 218 0.0 
9231 218 0.0 
9231 256 0.0 
9231 308 0.0 
9231 308 0.0 
9231 308 0.0 
9231 308 0.0 
9231 308 0.0 
9231 310 0.0 
9231 310 0.0 
9231 310 0.00135160749778 
9231 310 0.0 
9231 310 0.0 
9231 310 0.0 
9231 310 0.0 
9231 313 0.0 
9231 313 0.0 
9231 313 0.0 
9231 313 0.0 
9231 313 0.0 
9231 313 0.00587613787502 
9231 313 0.0 
9232 336 0.0 
9233 302 0.0 
9233 302 0.0 
9234 350 0.0 
9235 291 0.0 
9236 3 0.0 
9236 44 0.0 
9236 44 0.0 
9236 288 0.0 
9236 340 0.0 
9236 350 0.0 
9236 350 0.0 
9236 350 0.0 
9236 350 0.0 
9236 350 0.0 
9237 124 0.0 
9238 17 0.0 
9238 28 0.0 
9238 28 0.0 
9238 28 0.0 
9238 28 0.0 
9238 75 0.0 
9238 75 0.0 
9238 75 0.0 
9238 75 0.0 
9238 75 0.0 
9238 110 0.00178352091461 
9238 110 0.00178352091461 
9238 110 0.00178352091461 
9238 121 0.0 
9238 173 0.0 
9238 204 0.0 
9238 218 0.0 
9238 231 0.0 
9238 231 0.0 
9238 231 0.00739763816819 
9238 231 0.0 
9238 231 0.0 
9238 231 0.0 
9238 251 0.0 
9238 254 0.0 
9238 279 0.0 
9238 282 0.0 
9238 283 0.0 
9238 291 0.0 
9238 293 0.0 
9238 308 0.0 
9238 321 0.0 
9238 321 0.0 
9238 321 0.0 
9238 321 0.0 
9238 321 0.0 
9238 321 0.0 
9238 321 0.0 
9238 321 0.0 
9238 322 0.0 
9238 325 0.00669998768717 
9238 331 0.0 
9238 331 0.0 
9238 331 0.0 
9239 3 0.0 
9239 3 0.0 
9239 3 0.0 
9239 4 0.0 
9239 7 0.0 
9239 7 0.0 
9239 7 0.0 
9239 7 0.0 
9239 7 0.0 
9239 7 0.0 
9239 7 0.0 
9239 25 0.0 
9239 28 0.0 
9239 32 0.0 
9239 83 0.0 
9239 103 0.0 
9239 113 0.0 
9239 113 0.0 
9239 113 0.0301647670567 
9239 113 0.0 
9239 113 0.0 
9239 113 0.0 
9239 113 0.0 
9239 113 0.0 
9239 113 0.0190318487585 
9239 113 0.0 
9239 113 0.0 
9239 113 0.0301647670567 
9239 137 0.0 
9239 281 0.0 
9239 281 0.0 
9239 281 0.0 
9239 285 0.0 
9239 291 0.0 
9239 305 0.0 
9239 305 0.0 
9239 305 0.0 
9239 306 0.0 
9239 322 0.0 
9239 330 0.0 
9239 333 0.0 
9239 336 0.0 
9239 336 0.0 
9239 340 0.0 
9239 340 0.0 
9239 340 0.0 
9239 340 0.0 
9239 340 0.0 
9239 340 0.0 
9239 341 0.0 
9239 343 0.0 
9239 345 0.0 
9239 350 0.0 
9239 350 0.0 
9239 350 0.0 
9239 353 0.0 
9239 354 0.0 
9239 354 0.0 
9239 354 0.0 
9239 354 0.0 
9239 354 0.0 
9239 354 0.0 
9239 355 0.0 
9239 355 0.0 
9239 356 -0.0 
9239 356 -0.0 
9240 260 0.0 
9240 269 0.0 
9241 128 0.0 
9241 128 0.0236519183964 
9241 288 0.0 
9241 338 0.0 
9241 338 0.0 
9242 299 0.0 
9243 305 0.0 
9244 113 0.0 
9244 113 0.0 
9244 113 0.0 
9245 285 0.0 
9246 113 0.0 
9246 113 0.0 
9246 113 0.0301647670567 
9247 299 0.0 
9248 113 0.0 
9249 354 0.0 
9250 113 0.0 
9250 340 0.0 
9250 340 0.0 
9250 354 0.0 
9251 305 0.0 
9252 103 0.0 
9253 231 0.0 
9253 340 0.0 
9254 113 0.0 
9255 17 0.0 
9255 17 0.0 
9255 17 0.0 
9255 17 0.00317197502591 
9255 17 0.0 
9255 113 0.0 
9255 113 0.0 
9255 113 0.0 
9256 113 0.0 
9256 113 0.0 
9257 124 0.0 
9257 218 0.0 
9257 328 0.0 
9258 155 0.0 
9259 38 0.0 
9260 299 0.0 
9260 299 0.0 
9260 299 0.0 
9260 299 0.0 
9261 113 0.0 
9261 128 0.0 
9262 105 0.0 
9263 354 0.0 
9264 113 0.0 
9265 38 0.0 
9266 139 0.0 
9266 282 0.0 
9266 351 0.0 
9267 7 0.0 
9267 8 0.0 
9267 8 0.0 
9267 8 0.0 
9267 8 0.0 
9267 8 0.0 
9267 108 0.0 
9267 111 0.0 
9267 113 0.0 
9267 124 0.0 
9267 124 0.0 
9267 124 0.0 
9267 124 0.0 
9267 124 0.0 
9267 124 0.0 
9267 126 0.01367914211 
9267 128 0.0 
9267 128 0.0 
9267 128 0.0 
9267 128 0.0 
9267 128 0.0 
9267 128 0.0 
9267 128 0.0 
9267 158 0.01367914211 
9267 228 0.0 
9267 234 0.0 
9267 234 0.0 
9267 234 0.0 
9267 238 0.0 
9267 238 0.0 
9267 238 0.0 
9267 254 0.0 
9267 293 0.0 
9267 293 0.0 
9267 334 0.0 
9267 334 0.0 
9267 335 0.0 
9267 335 0.0 
9267 337 0.0 
9267 337 0.0 
9267 337 0.0 
9267 338 0.0 
9267 338 0.0 
9267 338 0.0 
9267 338 0.0 
9267 338 0.0 
9267 338 0.0 
9267 338 0.0 
9267 338 0.0 
9267 338 0.0 
9267 338 0.0 
9267 338 0.0 
9267 338 0.0 
9267 338 0.0 
9267 338 0.0 
9267 338 0.0 
9267 338 0.0 
9267 338 0.0 
9267 338 0.0 
9267 338 0.0 
9267 338 0.0 
9267 338 0.0 
9267 338 0.0 
9267 338 0.0 
9267 338 0.0 
9267 338 0.0 
9267 338 0.0 
9267 338 0.0 
9267 338 0.0 
9267 338 0.0 
9267 338 0.0 
9267 338 0.0 
9267 338 0.0 
9267 342 0.00439196499065 
9267 342 0.0 
9267 342 0.0 
9267 350 0.0 
9267 350 0.0 
9268 164 0.0 
9269 113 0.0 
9270 11 0.0 
9271 299 0.0 
9272 13 0.0 
9273 281 0.0 
9273 287 0.0 
9273 287 0.0 
9273 287 0.0 
9273 308 0.0 
9273 312 0.0 
9273 313 0.0 
9274 350 0.0 
9275 282 0.0 
9276 305 0.0 
9277 306 0.0 
9278 350 0.0 
9279 124 0.0 
9279 124 0.0 
9280 350 0.0 
9280 350 0.0 
9281 113 0.0 
9281 113 0.0 
9281 113 0.0 
9281 113 0.0 
9282 231 0.0 
9282 282 0.0 
9282 283 0.0 
9282 283 0.0 
9282 298 0.0 
9282 298 0.0 
9282 309 0.0 
9282 310 0.0 
9282 310 0.0 
9282 334 0.0 
9282 350 0.0 
9283 28 0.0 
9283 67 0.0 
9283 113 0.0 
9283 113 0.0 
9283 113 0.0 
9283 180 0.0 
9283 350 0.0 
9283 350 0.0 
9283 350 0.0 
9283 350 0.0 
9283 350 0.0 
9283 350 0.0 
9283 350 0.0 
9283 350 0.0 
9283 350 0.0 
9284 28 0.0 
9285 113 0.0 
9286 113 0.0 
9286 113 0.0 
9286 113 0.0 
9286 113 0.0 
9286 113 0.0 
9286 340 0.0 
9286 340 0.0 
9287 199 0.0 
9288 113 0.0 
9289 38 0.0 
9290 38 0.0 
9291 103 0.0 
9291 113 0.0 
9291 113 0.0 
9291 113 0.0 
9291 113 0.0 
9291 113 0.0 
9291 180 0.0 
9291 350 0.0 
9292 113 0.0 
9292 305 0.0 
9293 234 0.0 
9293 234 0.0 
9293 238 0.0 
9293 238 0.0 
9294 2 0.000963413331192 
9294 9 0.00282776611857 
9294 254 0.0 
9294 299 0.0 
9294 299 0.0 
9295 350 0.0 
9296 306 0.0 
9297 128 0.0 
9298 113 0.0 
9299 299 0.0 
9300 124 0.0 
9300 124 0.0 
9300 124 0.0 
9300 124 0.0 
9301 185 0.0 
9301 185 0.0 
9301 185 0.0 
9302 70 0.0 
9303 70 0.0 
9304 299 0.0 
9305 350 0.0 
9305 350 0.0 
9306 28 0.0 
9306 30 0.0 
9306 58 0.0 
9306 64 0.164149701595 
9306 66 0.0 
9306 70 0.0 
9306 82 0.0 
9306 83 0.0 
9306 128 0.0 
9306 128 0.0 
9306 217 0.0 
9306 217 0.0 
9306 217 0.0 
9306 217 0.0 
9306 263 0.0 
9306 280 0.0 
9306 299 0.0 
9306 299 0.0 
9306 299 0.0 
9306 299 0.0 
9306 319 0.00613729981706 
9306 336 0.0 
9306 336 0.0 
9306 336 0.0 
9306 336 0.0 
9306 336 0.0 
9306 336 0.0 
9306 336 0.0 
9306 336 0.0 
9306 336 0.0 
9306 336 0.0 
9307 307 0.0 
9308 350 0.0 
9309 113 0.0 
9310 124 0.0 
9311 212 0.0 
9311 212 0.0 
9311 212 0.0 
9312 336 0.0 
9313 1 0.0 
9313 61 0.0 
9313 350 0.0 
9314 7 0.0 
9315 124 0.0 
9316 340 0.0 
9317 355 0.0 
9318 38 0.0 
9319 25 0.0 
9319 330 0.0 
9319 333 0.0 
9319 341 0.0 
9319 343 0.0 
9319 345 0.0 
9319 353 0.0 
9319 354 0.0 
9319 355 0.0 
9319 356 -0.0 
9320 336 0.0 
9321 28 0.0 
9322 34 0.0 
9323 25 0.0 
9323 330 0.0 
9323 333 0.0 
9323 341 0.0 
9323 343 0.0 
9323 345 0.0 
9323 353 0.0 
9323 354 0.0 
9323 355 0.0 
9323 356 -0.0 
9324 25 0.0 
9324 330 0.0 
9324 333 0.0 
9324 341 0.0 
9324 343 0.0 
9324 345 0.0 
9324 353 0.0 
9324 354 0.0 
9324 355 0.0 
9324 356 -0.0 
9325 25 0.0 
9325 330 0.0 
9325 333 0.0 
9325 341 0.0 
9325 343 0.0 
9325 345 0.0 
9325 353 0.0 
9325 354 0.0 
9325 355 0.0 
9325 356 -0.0 
9326 128 0.0 
9327 299 0.0 
9328 128 0.0 
9328 128 0.0 
9328 128 0.0 
9328 128 0.0 
9328 128 0.0 
9328 128 0.0 
9328 128 0.0 
9328 128 0.0 
9328 128 0.0 
9328 128 0.0 
9328 279 0.0 
9329 339 0.0 
9329 350 0.0 
9330 113 0.0 
9330 113 0.0 
9330 113 0.0 
9330 124 0.0 
9330 124 0.0 
9330 299 0.0 
9331 113 0.0 
9331 299 0.0 
9332 335 0.0 
9332 335 0.0 
9332 335 0.0 
9333 332 0.0 
9333 332 0.0 
9334 5 0.0 
9334 170 0.0 
9334 210 0.0 
9334 212 0.0 
9335 128 0.0 
9335 173 0.0 
9336 103 0.0 
9336 311 0.0 
9336 354 0.0 
9337 243 0.0 
9338 336 0.0 
9339 24 0.0 
9339 256 0.0 
9340 100 0.0 
9340 115 0.0 
9340 115 0.0 
9340 118 0.0 
9340 118 0.0 
9340 118 0.0 
9340 118 0.0 
9340 220 0.0 
9340 222 0.00733217224479 
9341 220 0.0 
9341 221 0.00287685915828 
9342 1 0.0193117279559 
9342 5 0.0 
9342 61 0.187599658966 
9342 113 0.0 
9342 290 0.0 
9342 291 0.0 
9342 291 0.0 
9342 340 0.0 
9343 124 0.0 
9343 124 0.0 
9343 350 0.0 
9344 355 0.0 
9345 243 0.0 
9346 24 0.0 
9346 256 0.0 
9347 162 0.0 
9347 162 0.0 
9347 162 0.0 
9347 162 0.0 
9347 162 0.0 
9347 162 0.0 
9347 162 0.0 
9347 211 0.0 
9347 211 0.0 
9347 211 0.0 
9347 211 0.0 
9347 211 0.0 
9347 211 0.0 
9347 211 0.0 
9347 211 0.0 
9347 211 0.0 
9347 211 0.0 
9348 299 0.0 
9348 299 0.0 
9349 48 0.0 
9350 264 0.0 
9351 253 0.0 
9351 271 0.0 
9351 271 0.0 
9352 332 0.0 
9353 254 0.0 
9353 254 0.0 
9353 254 0.0 
9354 254 0.0 
9355 28 0.0 
9355 340 0.0 
9355 340 0.0 
9355 340 0.0 
9355 340 0.0 
9356 160 0.0 
9357 199 0.0 
9358 28 0.0 
9358 226 0.00779538881034 
9358 226 0.00491834292188 
9358 299 0.0 
9359 113 0.0 
9360 8 0.00825910456479 
9360 8 0.00825910456479 
9360 8 0.0 
9360 113 0.0 
9361 113 0.0 
9361 124 0.0 
9361 124 0.0 
9361 124 0.0 
9361 124 0.0 
9361 124 0.0 
9361 124 0.0 
9361 124 0.0 
9361 124 0.0 
9361 299 0.0 
9361 299 0.0 
9362 260 0.0 
9362 269 0.0 
9362 332 0.0 
9363 299 0.0 
9364 1 0.0193117279559 
9364 4 0.0 
9364 7 0.0 
9364 28 0.0 
9364 28 0.0 
9364 61 0.187599658966 
9364 83 0.0 
9364 93 0.011519276537 
9364 112 0.0 
9364 128 0.0 
9364 173 0.0 
9364 173 0.0 
9364 173 0.0 
9364 212 0.0 
9364 307 0.0 
9364 331 0.0 
9364 331 0.0 
9364 331 0.0 
9364 336 0.0 
9364 336 0.0 
9364 336 0.0 
9364 350 0.0 
9364 355 0.0 
9365 306 0.0 
9366 14 0.0 
9366 14 0.0 
9366 103 0.0 
9366 103 0.0 
9366 103 0.0 
9366 103 0.0 
9366 103 0.0 
9366 218 0.0 
9366 219 0.0 
9366 219 0.0 
9366 223 0.0 
9366 224 0.0 
9366 225 0.0 
9366 226 0.0 
9366 232 0.0 
9366 233 0.0 
9366 237 0.0 
9366 240 0.0 
9366 241 0.0 
9366 242 0.0 
9366 245 0.0 
9366 246 0.0 
9366 247 0.0 
9366 248 0.0 
9366 249 0.0 
9366 250 0.0 
9366 268 0.0 
9366 303 0.0 
9366 321 0.0 
9366 329 0.0 
9366 329 0.0 
9366 331 0.0 
9366 332 0.0 
9366 336 0.0 
9366 336 0.0 
9366 351 0.0 
9366 351 0.0 
9366 352 0.0 
9367 18 0.0 
9367 121 0.0 
9367 128 0.0 
9367 225 0.00739763816819 
9367 225 0.00739763816819 
9367 225 0.0117249786854 
9368 13 0.0 
9368 103 0.0 
9369 113 0.0 
9370 350 0.0 
9371 1 0.0193117279559 
9371 3 0.0 
9371 5 0.0 
9371 7 0.0 
9371 7 0.0 
9371 8 0.0 
9371 8 0.0 
9371 25 0.0 
9371 28 0.0 
9371 28 0.0 
9371 48 0.0 
9371 61 0.187599658966 
9371 113 0.0 
9371 113 0.0 
9371 113 0.0 
9371 113 0.0 
9371 128 0.0 
9371 128 0.0 
9371 154 0.0 
9371 166 0.0 
9371 166 0.0 
9371 173 0.0 
9371 189 0.0 
9371 192 0.0 
9371 210 0.0 
9371 228 0.0 
9371 228 0.0 
9371 243 0.0 
9371 260 0.0 
9371 269 0.0 
9371 270 0.0 
9371 284 0.0 
9371 284 0.0 
9371 287 0.0 
9371 288 0.0 
9371 288 0.0 
9371 288 0.0 
9371 292 0.0 
9371 292 0.0 
9371 292 0.0 
9371 292 0.00198689545505 
9371 298 0.0 
9371 298 0.0 
9371 299 0.0 
9371 299 0.0 
9371 307 0.0 
9371 308 0.0 
9371 308 0.0 
9371 313 0.0 
9371 319 0.00613729981706 
9371 330 0.0 
9371 333 0.0 
9371 334 0.0 
9371 336 0.0 
9371 336 0.0 
9371 340 0.0 
9371 341 0.0 
9371 343 0.0 
9371 345 0.0 
9371 350 0.0 
9371 350 0.0 
9371 350 0.0 
9371 350 0.0 
9371 350 0.0 
9371 350 0.0 
9371 353 0.0 
9371 354 0.0 
9371 354 0.0 
9371 355 0.0 
9371 355 0.0 
9371 355 0.0 
9371 355 0.0 
9371 356 -0.0 
9372 299 0.0 
9373 354 0.0 
9374 209 0.0 
9375 243 0.0 
9376 209 0.0 
9377 154 0.0 
9377 154 0.0 
9377 176 0.0 
9377 186 0.0 
9378 307 0.0 
9379 290 0.0 
9379 290 0.0 
9380 106 0.0 
9380 111 0.00853020045906 
9380 111 0.00853020045906 
9380 113 0.0 
9380 336 0.0 
9380 336 0.0 
9380 336 0.0 
9381 305 0.0 
9382 185 0.0 
9383 113 0.0 
9384 355 0.0 
9384 355 0.0 
9385 299 0.0 
9386 113 0.0301647670567 
9386 113 0.0301647670567 
9387 336 0.0 
9388 340 0.0 
9389 350 0.0 
9390 350 0.0 
9391 212 0.0 
9391 212 0.0 
9391 340 0.0 
9391 340 0.0 
9391 340 0.0 
9391 340 0.0 
9392 25 0.0 
9392 330 0.0 
9392 333 0.0 
9392 341 0.0 
9392 343 0.0 
9392 345 0.0 
9392 353 0.0 
9392 354 0.0 
9392 355 0.0 
9392 356 -0.0 
9393 299 0.0 
9393 336 0.0 
9393 336 0.0 
9394 113 0.0 
9394 113 0.0 
9394 113 0.0 
9394 113 0.0 
9394 113 0.0 
9394 113 0.0 
9394 113 0.0 
9394 113 0.0 
9394 351 0.0 
9395 14 0.0 
9396 124 0.0 
9397 8 0.0 
9397 8 0.0 
9397 8 0.0 
9398 227 0.0 
9398 340 0.0 
9398 350 0.0 
9398 355 0.0 
9399 350 0.0 
9400 24 0.0 
9400 128 0.0 
9400 228 0.0 
9400 256 0.0 
9400 258 0.00328783900477 
9400 258 0.0 
9400 283 0.0 
9400 354 0.0 
9401 293 0.0 
9402 310 0.0 
9403 7 0.0 
9403 7 0.0 
9403 7 0.0 
9403 9 0.00282776611857 
9403 18 0.0 
9403 28 0.0 
9403 28 0.0 
9403 28 0.0 
9403 28 0.0 
9403 28 0.0 
9403 28 0.0 
9403 28 0.0 
9403 28 0.0 
9403 28 0.0 
9403 28 0.0 
9403 112 0.0 
9403 112 0.0 
9403 113 0.0 
9403 128 0.0 
9403 128 0.0 
9403 139 0.0 
9403 139 0.0 
9403 139 0.0 
9403 139 0.0 
9403 139 0.0 
9403 139 0.0 
9403 139 0.0 
9403 139 0.0 
9403 166 0.0 
9403 166 0.0 
9403 166 0.0 
9403 166 0.0 
9403 166 0.0 
9403 173 0.0 
9403 189 0.0 
9403 189 0.0 
9403 189 0.0 
9403 217 0.0 
9403 217 0.0 
9403 217 0.0 
9403 228 0.0 
9403 260 0.0 
9403 269 0.0 
9403 282 0.0 
9403 290 0.0 
9403 290 0.0 
9403 299 0.0 
9403 306 0.0 
9403 308 0.0 
9403 331 0.0 
9403 335 0.0 
9403 335 0.0 
9403 335 0.0 
9403 337 0.0 
9403 337 0.0 
9403 338 0.0 
9403 350 0.0 
9403 350 0.0 
9403 350 0.0 
9403 355 0.0 
9404 103 0.0 
9404 103 0.0 
9404 128 0.0 
9404 219 0.0 
9404 254 0.0 
9404 254 0.0 
9404 254 0.0 
9404 332 0.0 
9404 332 0.0 
9404 339 0.0 
9405 10 0.0 
9405 10 0.0 
9405 10 0.0 
9405 14 0.00837753992528 
9405 16 0.0046983496286 
9405 17 0.00502746133134 
9405 19 0.00426362873986 
9405 20 0.0 
9405 20 0.0 
9405 20 0.0 
9405 21 0.00442154100165 
9405 24 0.00316433166154 
9405 41 0.0 
9405 44 0.0 
9405 44 0.0 
9405 75 0.0 
9405 75 0.0 
9405 85 0.0 
9405 85 0.00322387344204 
9405 85 0.0 
9405 85 0.0 
9405 86 0.0 
9405 86 0.0 
9405 86 0.0 
9405 86 0.0 
9405 86 0.0 
9405 86 0.0 
9405 86 0.0 
9405 86 0.0 
9405 91 0.0162457935512 
9405 91 0.0 
9405 91 0.0 
9405 93 0.0 
9405 93 0.00726785464212 
9405 93 0.0 
9405 93 0.0 
9405 95 0.00986351724714 
9405 95 0.00986351724714 
9405 104 0.0051497942768 
9405 106 0.00573379872367 
9405 107 0.00484039308503 
9405 108 0.00367733021267 
9405 109 0.00612167315558 
9405 111 0.00853020045906 
9405 112 0.000252838770393 
9405 113 0.0301647670567 
9405 114 0.0106764035299 
9405 116 0.0104222027585 
9405 119 0.0 
9405 119 0.0 
9405 119 0.0231263209134 
9405 119 0.0 
9405 120 0.0 
9405 120 0.00264805206098 
9405 120 0.0 
9405 120 0.0 
9405 121 0.0277515854686 
9405 122 0.0231263209134 
9405 123 0.0 
9405 123 0.0 
9405 123 0.000307037087623 
9405 123 0.0 
9405 124 0.0 
9405 124 0.0 
9405 124 0.0 
9405 124 0.0 
9405 124 0.0 
9405 124 0.0 
9405 125 0.0216809269041 
9405 126 0.0 
9405 126 0.0 
9405 126 0.0216809269041 
9405 126 0.0 
9405 127 0.000317960424582 
9405 127 0.0 
9405 127 0.0 
9405 127 0.0 
9405 128 0.0236519183964 
9405 129 0.0 
9405 129 0.0204055774957 
9405 129 0.0 
9405 129 0.0 
9405 130 0.0 
9405 130 0.0 
9405 130 0.0 
9405 130 0.020207464695 
9405 131 0.0 
9405 131 0.0 
9405 131 0.0 
9405 131 0.00809871219099 
9405 132 0.0 
9405 132 0.0 
9405 132 0.0 
9405 132 0.0289079025388 
9405 132 0.0 
9405 134 0.0 
9405 134 0.0 
9405 134 0.00800526514649 
9405 134 0.0 
9405 135 0.0289079025388 
9405 135 0.0 
9405 135 0.0 
9405 135 0.0 
9405 135 0.0 
9405 138 0.0 
9405 138 0.00260496744886 
9405 138 0.0 
9405 138 0.0 
9405 138 0.0 
9405 140 0.0 
9405 140 0.0 
9405 140 0.0 
9405 140 0.0175093002617 
9405 142 0.00809871219099 
9405 142 0.0 
9405 142 0.0 
9405 142 0.0 
9405 142 0.0 
9405 143 0.00809871219099 
9405 143 0.0 
9405 143 0.0 
9405 143 0.0 
9405 143 0.0 
9405 144 0.0 
9405 144 0.0 
9405 144 0.0 
9405 144 0.0 
9405 144 0.019271934405 
9405 145 0.0 
9405 145 0.0 
9405 145 0.00809871219099 
9405 145 0.0 
9405 146 0.0 
9405 146 0.0228721853346 
9405 146 0.0 
9405 146 0.0 
9405 146 0.0 
9405 147 0.0 
9405 147 0.0 
9405 147 0.018751071766 
9405 147 0.0 
9405 148 0.0179428346455 
9405 148 0.0 
9405 148 0.0 
9405 148 0.0 
9405 149 0.0242019649595 
9405 149 0.0 
9405 149 0.0 
9405 149 0.0 
9405 150 0.0 
9405 150 0.0 
9405 150 0.0 
9405 150 0.0080361738801 
9405 151 0.0 
9405 151 0.011190155521 
9405 151 0.0 
9405 151 0.0 
9405 151 0.0 
9405 156 0.0 
9405 156 0.0 
9405 156 0.0 
9405 156 0.0 
9405 156 0.0114992754534 
9405 158 0.0 
9405 158 0.0 
9405 158 0.0216809269041 
9405 158 0.0 
9405 159 0.00386153790168 
9405 159 0.0 
9405 159 0.0 
9405 159 0.0 
9405 161 0.0 
9405 161 0.0 
9405 161 0.0 
9405 162 0.0 
9405 162 0.0 
9405 162 0.00551763689145 
9405 162 0.0 
9405 165 0.0022284463048 
9405 167 0.0 
9405 167 0.0 
9405 167 0.0210239291191 
9405 168 0.0 
9405 168 0.0 
9405 168 0.0 
9405 168 0.0107287056744 
9405 169 0.0 
9405 169 0.0 
9405 169 0.0 
9405 171 0.0 
9405 171 0.0 
9405 171 0.0 
9405 174 0.0136932171881 
9405 174 0.0 
9405 174 0.0 
9405 174 0.0 
9405 175 0.0 
9405 175 0.0 
9405 175 0.0 
9405 175 0.00426510022953 
9405 177 0.0 
9405 177 0.0 
9405 177 0.0 
9405 177 0.0108972201124 
9405 178 0.0 
9405 178 0.0 
9405 178 0.0 
9405 180 0.0 
9405 180 0.0 
9405 180 0.0 
9405 181 0.0 
9405 181 0.0 
9405 181 0.0 
9405 182 0.0 
9405 182 0.0 
9405 182 0.0 
9405 184 0.0 
9405 184 0.0 
9405 184 0.0 
9405 187 0.00656583253294 
9405 188 0.0 
9405 188 0.0 
9405 188 0.0 
9405 192 0.0167852342129 
9405 193 0.00920594949275 
9405 193 0.0145910847932 
9405 195 0.0060681309551 
9405 195 0.0 
9405 195 0.0 
9405 195 0.0 
9405 196 0.0145910847932 
9405 198 0.0 
9405 198 0.0 
9405 198 0.0 
9405 200 0.0 
9405 200 0.0 
9405 200 0.0 
9405 201 0.0 
9405 201 0.0 
9405 201 0.0 
9405 207 0.00431972881779 
9405 208 0.0 
9405 208 0.0 
9405 208 0.00345223094337 
9405 208 0.0 
9405 211 0.00356398802251 
9405 211 0.0 
9405 211 0.0 
9405 211 0.0 
9405 212 0.00839261710644 
9405 213 0.0 
9405 213 0.0 
9405 213 0.0 
9405 235 0.0 
9405 235 0.0 
9405 235 0.0 
9405 236 0.0 
9405 236 0.0 
9405 236 0.0 
9405 239 0.020844405517 
9405 239 0.0 
9405 239 0.0 
9405 239 0.0 
9405 252 0.0 
9405 252 0.0 
9405 252 0.0 
9405 256 0.00828535389155 
9405 256 0.00828535389155 
9405 262 0.0 
9405 262 0.0 
9405 262 0.0 
9405 267 0.0 
9405 267 0.0 
9405 267 0.0 
9405 274 0.0 
9405 274 0.0 
9405 274 0.0 
9405 277 0.0107287056744 
9405 277 0.0 
9405 277 0.0 
9405 277 0.0 
9405 278 0.0 
9405 278 0.0 
9405 278 0.0 
9405 286 0.0 
9405 286 0.0 
9405 286 0.0 
9405 295 0.0 
9405 295 0.0 
9405 295 0.0 
9405 297 0.0 
9405 297 0.0 
9405 297 0.0 
9405 300 0.0 
9405 300 0.0 
9405 300 0.0 
9405 301 0.0 
9405 301 0.0 
9405 301 0.0 
9405 301 0.00441904226318 
9405 302 0.00746428314596 
9405 326 0.0 
9405 326 0.0 
9405 326 0.0 
9405 341 0.00163419218734 
9405 346 0.0 
9405 346 0.0 
9405 346 0.0 
9405 348 0.0 
9405 348 0.0 
9405 348 0.0 
9405 349 0.0 
9405 349 0.00025013287086 
9405 349 0.0 
9405 349 0.0 
9405 356 -0.0 
9406 354 0.0 
9406 354 0.0 
9407 121 0.0 
9408 113 0.0 
9408 113 0.0 
9408 113 0.0 
9408 113 0.0 
9409 199 0.0 
9409 199 0.0 
9410 350 0.0 
9411 97 0.0 
9411 344 0.0 
9412 128 0.0236519183964 
9413 7 0.0 
9413 28 0.0 
9414 1 0.0193117279559 
9414 4 0.0 
9414 14 0.00837753992528 
9414 16 0.0046983496286 
9414 17 0.00502746133134 
9414 19 0.00426362873986 
9414 21 0.00442154100165 
9414 22 0.0 
9414 24 0.00316433166154 
9414 61 0.187599658966 
9414 75 0.0 
9414 75 0.0 
9414 83 0.0 
9414 85 0.00322387344204 
9414 86 0.0 
9414 86 0.0 
9414 95 0.00986351724714 
9414 95 0.00986351724714 
9414 104 0.0051497942768 
9414 106 0.00573379872367 
9414 107 0.00484039308503 
9414 108 0.00367733021267 
9414 109 0.00612167315558 
9414 109 0.0 
9414 111 0.00853020045906 
9414 112 0.000252838770393 
9414 113 0.0 
9414 113 0.0 
9414 113 0.0 
9414 113 0.0 
9414 113 0.0301647670567 
9414 114 0.0106764035299 
9414 116 0.0104222027585 
9414 119 0.0231263209134 
9414 120 0.00264805206098 
9414 121 0.0277515854686 
9414 121 0.0 
9414 121 0.0 
9414 122 0.0231263209134 
9414 123 0.000307037087623 
9414 124 0.0 
9414 125 0.0216809269041 
9414 126 0.0216809269041 
9414 127 0.000317960424582 
9414 128 0.0236519183964 
9414 129 0.0204055774957 
9414 130 0.020207464695 
9414 131 0.00809871219099 
9414 132 0.0289079025388 
9414 132 0.0 
9414 134 0.00800526514649 
9414 135 0.0289079025388 
9414 135 0.0 
9414 137 0.0 
9414 138 0.0 
9414 138 0.00260496744886 
9414 139 0.0 
9414 140 0.0175093002617 
9414 142 0.00809871219099 
9414 142 0.0 
9414 143 0.00809871219099 
9414 143 0.0 
9414 144 0.0 
9414 144 0.019271934405 
9414 145 0.00809871219099 
9414 146 0.0 
9414 146 0.0228721853346 
9414 147 0.018751071766 
9414 148 0.0179428346455 
9414 149 0.0242019649595 
9414 150 0.0080361738801 
9414 151 0.0 
9414 151 0.011190155521 
9414 156 0.0 
9414 156 0.0114992754534 
9414 158 0.0216809269041 
9414 159 0.00386153790168 
9414 162 0.00551763689145 
9414 165 0.0022284463048 
9414 167 0.0 
9414 167 0.0210239291191 
9414 168 0.0107287056744 
9414 174 0.0136932171881 
9414 175 0.00426510022953 
9414 177 0.0108972201124 
9414 187 0.00656583253294 
9414 192 0.0167852342129 
9414 193 0.0145910847932 
9414 193 0.00920594949275 
9414 195 0.0060681309551 
9414 196 0.0145910847932 
9414 207 0.00431972881779 
9414 208 0.00345223094337 
9414 211 0.00356398802251 
9414 212 0.00839261710644 
9414 232 0.0118306083605 
9414 232 0.00746428314596 
9414 239 0.020844405517 
9414 248 0.011320669204 
9414 248 0.00714254705235 
9414 248 0.011320669204 
9414 248 0.00714254705235 
9414 256 0.00828535389155 
9414 256 0.00828535389155 
9414 259 0.0 
9414 259 0.0 
9414 277 0.0107287056744 
9414 299 0.0 
9414 301 0.00441904226318 
9414 302 0.00746428314596 
9414 332 0.0 
9414 340 0.0 
9414 341 0.00163419218734 
9414 349 0.00025013287086 
9415 243 0.0 
9415 243 0.0 
9416 66 0.0 
9416 70 0.0 
9416 75 0.0 
9416 75 0.138089239597 
9416 75 0.138089239597 
9416 82 0.0 
9416 83 0.0 
9416 83 0.207133859396 
9416 113 0.0 
9416 124 0.0 
9416 124 0.0 
9416 124 0.0 
9416 221 0.0 
9416 279 0.0 
9416 279 0.0 
9416 299 0.0 
9416 328 0.00720465555787 
9416 328 0.0 
9416 328 0.0 
9416 328 0.00720465555787 
9416 350 0.0 
9416 350 0.0 
9416 350 0.0 
9416 350 0.0 
9416 350 0.0 
9416 350 0.0 
9417 111 0.0 
9417 111 0.0 
9417 219 0.0 
9417 219 0.00746428314596 
9417 219 0.00746428314596 
9417 219 0.0118306083605 
9418 170 0.0 
9419 124 0.0 
9420 350 0.0 
9421 281 0.0 
9422 350 0.0 
9422 350 0.0 
9423 113 0.0 
9424 170 0.0 
9424 289 0.0 
9425 44 0.0 
9425 289 0.0 
9426 113 0.0 
9426 222 0.0 
9427 209 0.0 
9427 255 0.0 
9427 257 0.0 
9427 280 0.0 
9427 321 0.0 
9427 321 0.0 
9427 321 0.0 
9427 321 0.0 
9427 321 0.0 
9427 321 0.0 
9427 321 0.0 
9427 321 0.0 
9427 321 0.0 
9427 321 0.0 
9427 321 0.0 
9427 321 0.0 
9427 350 0.0 
9428 210 0.0 
9428 212 0.0 
9428 212 0.0 
9428 212 0.0 
9428 212 0.0 
9428 212 0.0 
9428 212 0.0 
9429 160 0.0 
9429 336 0.0 
9430 285 0.0 
9431 18 0.0 
9432 27 0.0 
9433 350 0.0 
9434 54 0.0 
9434 113 0.0 
9434 113 0.0 
9434 128 0.0 
9434 128 0.0 
9434 164 0.0 
9434 173 0.0 
9434 222 0.0 
9434 299 0.0 
9434 299 0.0 
9434 308 0.0 
9434 340 0.0 
9434 340 0.0 
9434 340 0.0 
9434 340 0.0 
9434 340 0.0 
9434 340 0.0 
9435 1 0.0193117279559 
9435 1 0.0193117279559 
9435 1 0.0193117279559 
9435 61 0.187599658966 
9435 61 0.187599658966 
9435 61 0.187599658966 
9435 113 0.0 
9436 113 0.0 
9436 113 0.0 
9437 13 0.0 
9437 124 0.0 
9437 299 0.0 
9437 305 0.0 
9437 350 0.0 
9437 354 0.0 
9437 354 0.0 
9438 334 0.0 
9438 335 0.0 
9438 337 0.0 
9438 338 0.0 
9439 299 0.0 
9439 337 0.0 
9439 350 0.0 
9440 350 0.0 
9441 299 0.0 
9441 299 0.0 
9442 113 0.0 
9443 3 0.0 
9443 98 0.0 
9443 113 0.0 
9443 113 0.0 
9443 113 0.0 
9443 217 0.0 
9443 234 0.0 
9443 234 0.0 
9443 238 0.0 
9443 238 0.0 
9443 299 0.0 
9443 305 0.0 
9443 309 0.0 
9443 335 0.0 
9443 337 0.0 
9443 350 0.0 
9443 350 0.0 
9443 351 0.0 
9444 1 0.0193117279559 
9444 1 0.0 
9444 4 0.0 
9444 5 0.0 
9444 8 0.0 
9444 8 0.00521091464907 
9444 8 0.0 
9444 8 0.0 
9444 8 0.0 
9444 8 0.0 
9444 8 0.0 
9444 8 0.0 
9444 8 0.0 
9444 9 0.0 
9444 10 0.0 
9444 10 0.0 
9444 10 0.00220335158519 
9444 11 0.0 
9444 18 0.0 
9444 18 0.0 
9444 18 0.0 
9444 22 0.0656598731875 
9444 22 0.0 
9444 22 0.0 
9444 22 0.0 
9444 22 0.0656598731875 
9444 22 0.0 
9444 22 0.0 
9444 22 0.0 
9444 28 0.0 
9444 30 0.0 
9444 54 0.0 
9444 54 0.0 
9444 54 0.0 
9444 54 0.0 
9444 61 0.187599658966 
9444 61 0.0 
9444 66 0.0 
9444 66 0.0 
9444 70 0.0 
9444 70 0.0 
9444 75 0.0 
9444 75 0.0 
9444 77 0.0 
9444 77 0.0 
9444 77 0.118362210691 
9444 80 0.0 
9444 82 0.0 
9444 82 0.0 
9444 85 0.0051097185351 
9444 85 0.0 
9444 85 0.0 
9444 86 0.0 
9444 86 0.0 
9444 86 0.0 
9444 91 0.0 
9444 93 0.0 
9444 93 0.0 
9444 93 0.0 
9444 93 0.0 
9444 99 0.00854160264134 
9444 99 0.0 
9444 107 0.0 
9444 107 0.0 
9444 107 0.0 
9444 108 0.0 
9444 108 0.0 
9444 111 0.0 
9444 111 0.0 
9444 111 0.0 
9444 111 0.0 
9444 112 0.0 
9444 113 0.0 
9444 121 0.0 
9444 124 0.0 
9444 124 0.0 
9444 124 0.0 
9444 124 0.0 
9444 124 0.0 
9444 124 0.0 
9444 124 0.0 
9444 128 0.0 
9444 133 0.0152697404847 
9444 139 0.0 
9444 139 0.0 
9444 141 0.0051097185351 
9444 141 0.0 
9444 153 0.0 
9444 164 0.0 
9444 176 0.0 
9444 176 0.0 
9444 176 0.0 
9444 176 0.0 
9444 176 0.0 
9444 176 0.0 
9444 176 0.0 
9444 176 0.0 
9444 176 0.0 
9444 176 0.0 
9444 212 0.0 
9444 212 0.0 
9444 217 0.0 
9444 217 0.0 
9444 217 0.0 
9444 217 0.0 
9444 217 0.0 
9444 217 0.0 
9444 221 0.0 
9444 227 0.0 
9444 227 0.0 
9444 228 0.00347406766377 
9444 228 0.0 
9444 228 0.0 
9444 228 0.0 
9444 228 0.0 
9444 228 0.0 
9444 229 0.0 
9444 229 0.0 
9444 229 0.0034925469663 
9444 230 0.00127001700457 
9444 230 0.0 
9444 230 0.0 
9444 231 0.0 
9444 231 0.0 
9444 231 0.00739763816819 
9444 231 0.0 
9444 234 0.0 
9444 234 0.0 
9444 234 0.00687537994236 
9444 238 0.0 
9444 238 0.0 
9444 238 0.00841793324798 
9444 243 0.0 
9444 243 0.0 
9444 243 0.0 
9444 243 0.00278219813481 
9444 244 0.0 
9444 244 0.0 
9444 244 0.0 
9444 244 0.0 
9444 244 0.00733217224479 
9444 251 0.00650097802281 
9444 251 0.0 
9444 251 0.0 
9444 251 0.0 
9444 251 0.0 
9444 253 0.0 
9444 253 0.0 
9444 253 0.000800730253104 
9444 253 0.0 
9444 254 0.0 
9444 254 0.0 
9444 254 0.0 
9444 254 0.0 
9444 254 0.0 
9444 254 0.00429293001071 
9444 254 0.0 
9444 254 0.0 
9444 254 0.0 
9444 263 0.0 
9444 267 0.0162457935512 
9444 270 0.0 
9444 271 0.0 
9444 280 0.0 
9444 288 0.0 
9444 291 0.0 
9444 296 0.00659898295999 
9444 296 0.0 
9444 299 0.0 
9444 299 0.0 
9444 302 0.0 
9444 309 0.0 
9444 311 0.0 
9444 327 0.0 
9444 336 0.0 
9444 336 0.0 
9444 336 0.0 
9444 347 0.0 
9444 347 0.00663231126964 
9444 354 0.0 
9445 306 0.0 
9446 128 0.0 
9446 336 0.0 
9447 8 0.0 
9447 11 0.0 
9447 11 0.0 
9447 11 0.0 
9447 11 0.0 
9447 11 0.0 
9447 11 0.0 
9447 128 0.0236519183964 
9447 128 0.0236519183964 
9447 306 0.0 
9447 321 0.0 
9447 327 0.0 
9447 337 0.0 
9448 212 0.0 
9448 212 0.0 
9448 212 0.0 
9448 212 0.0 
9448 212 0.0 
9448 212 0.0 
9448 332 0.0 
9449 44 0.0 
9449 124 0.0 
9449 124 0.0 
9450 106 0.0 
9450 107 0.0 
9450 108 0.0 
9450 111 0.00853020045906 
9450 176 0.0 
9450 212 0.0 
9450 212 0.0 
9450 212 0.0 
9450 331 0.0 
9450 336 0.0 
9450 336 0.0 
9450 352 0.0 
9451 103 0.0 
9451 270 0.0 
9451 322 0.0 
9451 332 0.0 
9452 54 0.0 
9452 54 0.0 
9452 228 0.0 
9452 228 0.0 
9452 228 0.0 
9452 228 0.0 
9452 228 0.0 
9452 228 0.0 
9452 228 0.0 
9452 306 0.0 
9452 351 0.0 
9453 107 0.0 
9453 111 0.00853020045906 
9454 67 0.0 
9455 222 0.0 
9455 222 0.0 
9455 299 0.0 
9455 340 0.0 
9456 154 0.0 
9456 204 0.0 
9457 299 0.0 
9458 28 0.0 
9458 28 0.0 
9458 28 0.0 
9458 28 0.0 
9458 103 0.0 
9458 103 0.0 
9458 103 0.0 
9458 103 0.0 
9458 103 0.0 
9458 103 0.0 
9458 103 0.0 
9458 217 0.0 
9458 217 0.0 
9458 217 0.0 
9458 217 0.0 
9458 217 0.0 
9459 336 0.0 
9460 38 0.0 
9461 16 0.0 
9461 16 0.0 
9461 16 0.0 
9461 16 0.0 
9461 16 0.0 
9461 17 0.0 
9461 17 0.0 
9461 17 0.0 
9461 17 0.0 
9461 17 0.0 
9461 19 0.0 
9461 19 0.0 
9461 19 0.0 
9461 19 0.0 
9461 19 0.0 
9461 132 0.0 
9461 132 0.0 
9461 132 0.0 
9461 132 0.0 
9461 132 0.0 
9461 135 0.0 
9461 135 0.0 
9461 135 0.0 
9461 135 0.0 
9461 135 0.0 
9461 138 0.0 
9461 138 0.0 
9461 138 0.0 
9461 138 0.0 
9461 138 0.0 
9461 142 0.0 
9461 142 0.0 
9461 142 0.0 
9461 142 0.0 
9461 142 0.0 
9461 143 0.0 
9461 143 0.0 
9461 143 0.0 
9461 143 0.0 
9461 143 0.0 
9461 144 0.0 
9461 144 0.0 
9461 144 0.0 
9461 144 0.0 
9461 144 0.0 
9461 146 0.0 
9461 146 0.0 
9461 146 0.0 
9461 146 0.0 
9461 146 0.0 
9461 151 0.0 
9461 151 0.0 
9461 151 0.0 
9461 151 0.0 
9461 151 0.0 
9461 156 0.0 
9461 156 0.0 
9461 156 0.0 
9461 156 0.0 
9461 156 0.0 
9461 167 0.0 
9461 167 0.0 
9461 167 0.0 
9461 167 0.0 
9461 167 0.0 
9461 192 0.0 
9461 192 0.0 
9461 192 0.0 
9461 192 0.0 
9461 192 0.0 
9461 196 0.0 
9461 196 0.0 
9461 196 0.0 
9461 196 0.0 
9461 196 0.0 
9461 207 0.0 
9461 207 0.0 
9461 207 0.0 
9461 207 0.0 
9461 207 0.0 
9461 212 0.0 
9461 212 0.0 
9461 212 0.0 
9461 212 0.0 
9461 212 0.0 
9462 185 0.0 
9463 289 0.0 
9463 305 0.0 
9463 305 0.0 
9463 340 0.0 
9463 340 0.0 
9463 340 0.0 
9464 113 0.0 
9464 128 0.0 
9464 128 0.0 
9464 128 0.0 
9464 166 0.0 
9465 1 0.0193117279559 
9465 48 0.0 
9465 61 0.187599658966 
9465 160 0.0 
9466 113 0.0 
9466 113 0.0 
9466 113 0.0 
9466 113 0.0 
9466 113 0.0 
9466 113 0.0 
9466 113 0.0 
9466 113 0.0 
9466 124 0.0 
9467 350 0.0 
9468 1 0.0 
9468 1 0.0 
9468 4 0.0 
9468 8 0.0 
9468 8 0.0 
9468 28 0.0 
9468 28 0.0 
9468 61 0.0 
9468 61 0.0 
9468 103 0.0 
9468 113 0.0 
9468 113 0.0 
9468 128 0.0 
9468 128 0.0 
9468 128 0.0 
9468 128 0.0 
9468 222 0.0 
9468 231 0.0 
9468 247 0.00739763816819 
9468 247 0.0117249786854 
9468 250 0.00173703383189 
9468 250 0.0027531334199 
9468 261 0.0 
9468 271 0.0 
9468 279 0.0 
9468 282 0.0 
9468 283 0.0 
9468 285 0.0 
9468 285 0.0 
9468 285 0.0 
9468 289 0.0 
9468 289 0.0 
9468 298 0.0 
9468 298 0.0 
9468 298 0.0 
9468 298 0.0 
9468 298 0.0 
9468 305 0.0 
9468 305 0.0 
9468 305 0.0 
9468 305 0.0 
9468 305 0.0 
9468 305 0.0 
9468 305 0.0 
9468 305 0.000634893018287 
9468 305 0.0 
9468 305 0.0 
9468 306 0.0 
9468 306 0.0 
9468 306 0.0 
9468 306 0.0 
9468 306 0.0 
9468 306 0.0 
9468 306 0.0 
9468 306 0.0 
9468 306 0.0 
9468 306 0.0 
9468 306 0.0 
9468 306 0.0 
9468 306 0.0 
9468 306 0.0 
9468 306 0.0 
9468 306 0.000806753116194 
9468 306 0.000806753116194 
9468 307 0.0 
9468 308 0.0 
9468 308 0.0 
9468 308 0.0 
9468 308 0.0 
9468 308 0.0 
9468 308 0.0 
9468 321 0.0 
9468 321 0.0 
9468 322 0.0 
9468 332 0.0 
9468 332 0.0 
9468 336 0.0 
9468 340 0.0 
9468 340 0.0 
9468 340 0.0 
9468 340 0.0 
9468 340 0.0 
9468 340 0.0 
9468 340 0.0 
9468 340 0.0 
9468 340 0.0 
9468 340 0.0 
9468 350 0.0 
9468 351 0.0 
9468 351 0.0 
9468 351 0.0 
9468 352 0.0 
9468 354 0.0 
9468 354 0.0 
9468 355 0.0 
9469 340 0.0 
9470 306 0.0 
9470 350 0.0 
9471 1 0.0193117279559 
9471 61 0.187599658966 
9471 124 0.0 
9471 217 0.0 
9471 289 0.0 
9471 289 0.0 
9471 305 0.0 
9472 299 0.0 
9473 336 0.0 
9474 13 0.0 
9474 111 0.0 
9474 128 0.0 
9474 170 0.0 
9474 170 0.0 
9474 210 0.0 
9475 8 0.0 
9475 8 0.0 
9475 8 0.0 
9475 22 0.0 
9475 28 0.0 
9475 67 0.0 
9475 113 0.0 
9475 121 0.0 
9475 128 0.0 
9475 128 0.0 
9475 128 0.0 
9475 166 0.0 
9475 234 0.0 
9475 234 0.0 
9475 234 0.0 
9475 238 0.0 
9475 238 0.0 
9475 238 0.0 
9475 270 0.0 
9475 282 0.0 
9475 311 0.0 
9475 338 0.0 
9475 339 0.0 
9476 124 0.0 
9476 124 0.0 
9476 128 0.0 
9476 128 0.0 
9476 128 0.0 
9476 128 0.0 
9476 279 0.0 
9476 293 0.0 
9476 299 0.0 
9476 307 0.0 
9476 331 0.0 
9477 4 0.0 
9477 113 0.0 
9477 113 0.0 
9478 44 0.0 
9479 1 0.0193117279559 
9479 61 0.187599658966 
9479 110 0.00178352091461 
9479 253 0.0 
9479 253 0.0 
9479 253 0.0 
9479 253 0.0 
9480 44 0.0 
9480 44 0.0 
9481 305 0.0 
9481 305 0.000634893018287 
9482 176 0.0 
9482 176 0.0 
9482 210 0.0 
9483 170 0.0 
9484 8 0.0 
9484 8 0.0 
9484 8 0.0 
9484 44 0.0 
9484 103 0.0 
9484 113 0.0 
9484 113 0.0 
9484 124 0.0 
9484 124 0.0 
9484 124 0.0 
9484 124 0.0 
9484 253 0.0 
9484 331 0.0 
9484 350 0.0 
9485 336 0.0 
9485 336 0.0 
9486 11 0.0 
9486 113 0.0 
9486 113 0.0 
9486 299 0.0 
9486 299 0.0 
9486 299 0.0 
9486 299 0.0 
9486 336 0.0 
9486 336 0.0 
9486 336 0.0 
9486 336 0.0 
9487 128 0.0 
9487 128 0.0 
9487 128 0.0 
9487 128 0.0 
9488 12 0.0 
9488 15 0.0 
9488 21 0.0 
9488 22 0.0 
9488 24 0.0 
9488 35 0.0 
9488 44 0.0 
9488 44 0.0 
9488 44 0.0 
9488 44 0.0 
9488 57 0.0 
9488 58 0.0 
9488 66 0.0 
9488 67 0.0 
9488 75 0.0 
9488 82 0.0 
9488 89 0.0 
9488 95 0.0 
9488 96 0.0 
9488 98 0.0 
9488 100 0.0 
9488 102 0.0 
9488 115 0.0 
9488 117 0.0 
9488 118 0.0 
9488 133 0.0 
9488 136 0.0 
9488 163 0.0 
9488 191 0.0 
9488 194 0.0 
9488 197 0.0 
9488 202 0.0 
9488 205 0.0 
9488 206 0.0 
9488 209 0.0 
9488 210 0.0 
9488 218 0.0 
9488 219 0.0 
9488 220 0.0 
9488 221 0.0 
9488 222 0.0 
9488 223 0.0 
9488 224 0.0 
9488 225 0.0 
9488 226 0.0 
9488 232 0.0 
9488 233 0.0 
9488 245 0.0 
9488 246 0.0 
9488 247 0.0 
9488 248 0.0 
9488 249 0.0 
9488 250 0.0 
9488 256 0.0 
9488 258 0.0 
9488 264 0.0 
9488 272 0.0 
9488 273 0.0 
9488 275 0.0 
9488 279 0.0 
9488 282 0.0 
9488 283 0.0 
9488 285 0.0 
9488 289 0.0 
9488 291 0.0 
9488 293 0.0 
9488 294 0.0 
9488 299 0.0 
9488 302 0.0 
9488 302 0.0 
9488 302 0.0 
9488 302 0.0 
9488 302 0.0 
9488 304 0.0 
9488 305 0.0 
9488 306 0.0 
9488 307 0.0 
9488 308 0.0 
9488 309 0.0 
9488 310 0.0 
9488 311 0.0 
9488 312 0.0 
9488 313 0.0 
9488 314 0.0 
9488 315 0.0 
9488 316 0.0 
9488 317 0.0 
9488 318 0.0 
9488 319 0.0 
9488 320 0.0 
9488 321 0.0 
9488 322 0.0 
9488 323 0.0 
9488 324 0.0 
9488 325 0.0 
9488 327 0.0 
9488 328 0.0 
9488 331 0.0 
9488 332 0.0 
9488 334 0.0 
9488 335 0.0 
9488 336 0.0 
9488 337 0.0 
9488 338 0.0 
9488 339 0.0 
9488 340 0.0 
9488 342 0.0 
9488 350 0.0 
9488 351 0.0 
9488 352 0.0 
9489 154 0.0 
9489 154 0.0 
9489 176 0.0 
9489 176 0.0 
9489 176 0.0 
9490 113 0.0 
9491 106 0.0 
9491 111 0.00853020045906 
9491 111 0.00853020045906 
9492 113 0.0 
9492 243 0.0 
9492 285 0.0 
9493 8 0.00825910456479 
9493 8 0.0 
9493 8 0.0 
9493 8 0.0 
9493 8 0.0 
9493 8 0.0 
9493 8 0.0 
9493 8 0.0 
9493 8 0.0 
9493 8 0.0 
9493 8 0.0 
9493 8 0.0 
9493 8 0.0 
9493 108 0.0 
9493 111 0.0 
9493 228 0.0 
9493 309 0.0 
9494 44 0.0 
9494 44 0.0 
9494 103 0.0 
9494 336 0.0 
9494 336 0.0 
9495 124 0.0 
9495 124 0.0 
9495 124 0.0 
9495 124 0.0 
9495 210 0.0 
9495 261 0.0 
9495 336 0.0 
9495 336 0.0 
9495 350 0.0 
9495 350 0.0 
9495 350 0.0 
9496 83 0.0 
9497 128 0.0 
9498 212 0.0 
9498 336 0.0 
9499 124 0.0 
9499 124 0.0 
9499 154 0.0 
9500 321 0.0 
9501 16 0.0 
9501 16 0.0 
9501 16 0.0 
9501 16 0.0 
9501 16 0.0 
9501 16 0.0 
9501 16 0.0 
9501 16 0.0 
9501 30 0.0 
9501 113 0.0 
9501 113 0.0 
9501 189 0.0 
9501 243 0.0 
9501 354 0.00120809336659 
9501 354 0.0 
9501 354 0.0 
9501 354 0.0 
9501 354 0.0 
9501 354 0.0 
9501 354 0.0 
9501 354 0.0 
9501 354 0.0 
9501 354 0.0 
9501 354 0.0 
9501 354 0.0 
9501 354 0.0 
9501 354 0.00120809336659 
9501 354 0.0 
9501 354 0.0 
9501 354 0.0 
9501 354 0.0 
9501 354 0.0 
9501 354 0.0 
9501 354 0.0 
9502 113 0.0 
9502 113 0.0 
9502 113 0.0 
9502 113 0.0301647670567 
9502 113 0.0 
9502 113 0.0 
9502 299 0.0 
9502 340 0.0 
9502 350 0.0 
9503 199 0.0 
9504 9 0.00282776611857 
9504 11 0.0 
9504 11 0.0 
9504 38 0.0 
9504 38 0.0 
9504 38 0.0 
9504 38 0.0 
9504 38 0.0 
9504 38 0.0 
9504 75 0.0 
9504 83 0.0 
9504 97 0.0 
9504 97 0.0 
9504 97 0.0 
9504 124 0.0 
9504 124 0.0 
9504 124 0.0 
9504 124 0.0 
9504 124 0.0 
9504 124 0.0 
9504 124 0.0 
9504 124 0.0 
9504 124 0.0 
9504 124 0.0 
9504 129 0.0 
9504 129 0.0 
9504 134 0.0 
9504 134 0.0 
9504 140 0.0 
9504 140 0.0 
9504 145 0.0 
9504 145 0.0 
9504 150 0.0 
9504 150 0.0 
9504 156 0.0 
9504 156 0.0 
9504 167 0.0 
9504 167 0.0 
9504 167 0.0 
9504 167 0.0 
9504 167 0.0 
9504 167 0.0 
9504 167 0.0 
9504 167 0.0 
9504 167 0.0 
9504 167 0.0 
9504 167 0.0 
9504 167 0.0 
9504 167 0.0 
9504 167 0.0 
9504 167 0.0 
9504 167 0.0 
9504 167 0.0 
9504 167 0.0 
9504 167 0.0 
9504 236 0.0 
9504 236 0.0 
9504 330 0.0 
9504 353 0.000691156659741 
9504 353 0.0 
9505 350 0.0 
9506 97 0.0 
9506 97 0.0 
9506 97 0.0 
9506 97 0.0 
9506 97 0.0 
9506 344 0.0 
9506 344 0.0 
9506 344 0.0 
9506 344 0.0 
9506 344 0.0 
9507 44 0.0 
9508 113 0.0 
9508 113 0.0 
9508 270 0.0 
9509 354 0.0 
9510 8 0.0 
9510 124 0.0 
9510 124 0.0 
9510 124 0.0 
9510 337 0.0 
9510 338 0.0 
9510 350 0.0 
9510 350 0.0 
9510 350 0.0 
9510 350 0.0 
9510 350 0.0 
9510 350 0.0 
9511 124 0.0 
9512 336 0.0 
9513 299 0.0 
9514 24 0.0 
9514 28 0.0 
9514 28 0.0 
9514 54 0.0 
9514 54 0.0 
9514 77 0.0 
9514 113 0.0 
9514 113 0.0 
9514 124 0.0 
9514 124 0.0 
9514 124 0.0 
9514 124 0.0 
9514 124 0.0 
9514 124 0.0 
9514 124 0.0 
9514 124 0.0 
9514 124 0.0 
9514 124 0.0 
9514 124 0.0 
9514 124 0.0 
9514 124 0.0 
9514 124 0.0 
9514 124 0.0 
9514 124 0.0 
9514 124 0.0 
9514 124 0.0 
9514 139 0.0 
9514 139 0.0 
9514 166 0.0 
9514 166 0.0 
9514 256 0.0 
9514 258 0.0 
9514 264 0.0 
9514 272 0.0 
9514 273 0.0 
9514 275 0.0 
9514 279 0.0 
9514 282 0.0 
9514 282 0.0 
9514 283 0.0 
9514 285 0.0 
9514 289 0.0 
9514 291 0.0 
9514 293 0.0 
9514 299 0.0 
9514 299 0.0 
9514 304 0.0 
9514 305 0.0 
9514 306 0.0 
9514 307 0.0 
9514 308 0.0 
9514 309 0.0 
9514 310 0.0 
9514 311 0.0 
9514 312 0.0 
9514 313 0.0 
9514 314 0.0 
9514 315 0.0 
9514 316 0.0 
9514 317 0.0 
9514 318 0.0 
9514 319 0.0 
9514 320 0.0 
9514 321 0.0 
9514 322 0.0 
9514 323 0.0 
9514 324 0.0 
9514 325 0.0 
9514 327 0.0 
9514 328 0.0 
9514 331 0.0 
9514 331 0.0 
9514 332 0.0 
9514 334 0.0 
9514 335 0.0 
9514 336 0.0 
9514 337 0.0 
9514 338 0.0 
9514 339 0.0 
9514 340 0.0 
9514 342 0.0 
9514 350 0.0 
9514 350 0.0 
9514 351 0.0 
9514 352 0.0 
9515 18 0.0 
9515 48 0.0 
9515 48 0.0 
9515 48 0.0 
9515 48 0.0 
9515 54 0.0 
9515 113 0.0 
9515 113 0.0 
9515 113 0.0 
9515 113 0.0 
9515 113 0.0 
9515 124 0.0 
9515 124 0.0 
9515 124 0.0 
9515 189 0.0 
9515 190 0.0 
9515 196 0.0 
9515 199 0.0 
9515 204 0.0 
9515 263 0.0 
9515 299 0.0 
9515 299 0.0 
9515 299 0.0 
9515 354 0.0 
9516 24 0.0 
9516 256 0.0 
9517 124 0.0 
9517 124 0.0 
9517 124 0.0 
9517 124 0.0 
9517 124 0.0 
9517 228 0.0 
9517 228 0.0 
9517 251 0.0 
9517 289 0.0 
9517 307 0.0 
9517 307 0.0 
9517 308 0.0 
9517 355 0.0 
9518 113 0.0 
9518 113 0.0 
9518 305 0.0 
9518 305 0.0 
9519 299 0.0 
9520 183 0.0 
9521 8 0.0 
9521 8 0.0 
9521 8 0.0 
9521 8 0.0 
9521 113 0.0 
9521 113 0.0 
9521 113 0.0 
9521 124 0.0 
9521 153 0.0 
9521 227 0.0 
9521 255 0.0 
9521 299 0.0 
9521 312 0.0 
9521 321 0.0 
9521 336 0.0 
9521 336 0.0 
9521 336 0.0 
9521 336 0.0 
9521 338 0.0 
9521 350 0.0 
9522 350 0.0 
9523 199 0.0 
9524 19 0.0 
9524 124 0.0 
9524 124 0.0 
9524 124 0.0 
9524 124 0.0 
9524 207 0.0 
9524 212 0.0 
9524 212 0.0 
9524 212 0.0 
9524 212 0.0 
9524 212 0.0 
9524 212 0.0 
9524 212 0.0 
9525 332 0.0 
9526 34 0.0 
9527 305 0.0 
9527 305 0.0 
9528 113 0.0 
9528 113 0.0 
9529 28 0.0 
9530 67 0.0 
9531 28 0.0 
9531 121 0.0 
9532 113 0.0 
9533 283 0.0 
9533 283 0.0 
9533 283 0.0 
9533 283 0.0 
9533 283 0.0 
9534 83 0.0 
9534 113 0.0 
9534 113 0.0 
9535 185 0.0 
9536 272 0.00484523642808 
9536 298 0.0 
9536 299 0.0 
9536 299 0.0 
9536 303 0.0 
9536 308 0.0 
9536 308 0.0 
9536 308 0.0 
9536 312 0.00175909860991 
9536 312 0.0 
9536 312 0.0 
9536 312 0.00175909860991 
9536 312 0.0 
9536 312 0.0 
9536 312 0.0 
9536 312 0.0 
9536 312 0.0 
9536 352 0.0 
9537 299 0.0 
9538 103 0.0 
9539 14 0.0 
9539 28 0.0 
9540 342 0.0 
9541 113 0.0 
9541 113 0.0 
9541 124 0.0 
9541 124 0.0 
9541 217 0.0 
9541 291 0.0 
9541 299 0.0 
9541 340 0.0 
9541 350 0.0 
9541 350 0.0 
9541 350 0.0 
9541 350 0.0 
9541 350 0.0 
9542 336 0.0 
9542 336 0.0 
9542 336 0.0 
9542 336 0.0 
9542 336 0.0 
9542 336 0.0 
9543 281 0.0 
9543 354 0.0 
9543 354 0.0 
9543 354 0.0 
9543 354 0.0 
9544 44 0.0 
9545 107 0.0 
9545 108 0.0 
9545 128 0.0 
9545 163 0.0 
9545 227 0.00140750012361 
9545 334 0.0 
9545 337 0.0 
9545 338 0.0 
9545 338 0.0 
9545 338 0.0 
9545 338 0.0 
9545 338 0.0 
9546 28 0.0 
9547 128 0.0 
9547 299 0.0 
9547 307 0.0 
9547 332 0.0 
9548 10 0.0 
9548 12 0.0 
9548 12 0.0 
9548 18 0.0 
9548 24 0.0 
9548 24 0.0 
9548 24 0.0 
9548 30 0.0 
9548 30 0.0 
9548 34 0.0 
9548 54 0.0 
9548 64 0.164149701595 
9548 66 0.0 
9548 70 0.0 
9548 70 0.0 
9548 70 0.0 
9548 70 0.0 
9548 70 0.0 
9548 70 0.0 
9548 77 0.0 
9548 82 0.0 
9548 83 0.0 
9548 85 0.0 
9548 86 0.0 
9548 103 0.0 
9548 103 0.0 
9548 124 0.0 
9548 128 0.0 
9548 139 0.0 
9548 139 0.0 
9548 166 0.0 
9548 166 0.0 
9548 173 0.0 
9548 180 0.0 
9548 189 0.0 
9548 189 0.0 
9548 204 0.0 
9548 209 0.0 
9548 209 0.0 
9548 217 0.0 
9548 217 0.0 
9548 217 0.0 
9548 217 0.0 
9548 217 0.0 
9548 217 0.0 
9548 217 0.0 
9548 217 0.0 
9548 217 0.0 
9548 221 0.0 
9548 221 0.0 
9548 228 0.0 
9548 256 0.0 
9548 256 0.0 
9548 256 0.0 
9548 258 0.0 
9548 258 0.0 
9548 259 0.0 
9548 259 0.0 
9548 263 0.0 
9548 264 0.0 
9548 264 0.0 
9548 272 0.0 
9548 272 0.0 
9548 273 0.0 
9548 273 0.0 
9548 275 0.0 
9548 275 0.0 
9548 279 0.0 
9548 279 0.0 
9548 280 0.0 
9548 282 0.0 
9548 282 0.0 
9548 283 0.0 
9548 283 0.0 
9548 285 0.0 
9548 285 0.0 
9548 289 0.0 
9548 289 0.0 
9548 291 0.0 
9548 291 0.0 
9548 293 0.0 
9548 293 0.0 
9548 299 0.0 
9548 299 0.0 
9548 299 0.0 
9548 299 0.0 
9548 299 0.0 
9548 299 0.0 
9548 299 0.0 
9548 302 0.0 
9548 304 0.0 
9548 304 0.0 
9548 305 0.0 
9548 305 0.0 
9548 306 0.0 
9548 306 0.0 
9548 307 0.0 
9548 307 0.0 
9548 307 0.0 
9548 308 0.0 
9548 308 0.0 
9548 309 0.0 
9548 309 0.0 
9548 310 0.0 
9548 310 0.0 
9548 311 0.0 
9548 311 0.0 
9548 312 0.0 
9548 312 0.0 
9548 312 0.0 
9548 312 0.0 
9548 313 0.0 
9548 313 0.0 
9548 314 0.0 
9548 314 0.0 
9548 315 0.0 
9548 315 0.0 
9548 316 0.0 
9548 316 0.0 
9548 317 0.0 
9548 317 0.0 
9548 318 0.0 
9548 318 0.0 
9548 319 0.00613729981706 
9548 319 0.0 
9548 319 0.0 
9548 320 0.0 
9548 320 0.0 
9548 321 0.0 
9548 321 0.0 
9548 322 0.0 
9548 322 0.0 
9548 323 0.0 
9548 323 0.0 
9548 324 0.0 
9548 324 0.0 
9548 325 0.0 
9548 325 0.0 
9548 327 0.0 
9548 327 0.0 
9548 328 0.0 
9548 328 0.0 
9548 331 0.0 
9548 331 0.0 
9548 332 0.0 
9548 332 0.0 
9548 334 0.0 
9548 334 0.0 
9548 335 0.0 
9548 335 0.0 
9548 336 0.0 
9548 336 0.0 
9548 336 0.0 
9548 336 0.0 
9548 336 0.0 
9548 336 0.0 
9548 336 0.0 
9548 336 0.0 
9548 337 0.0 
9548 337 0.0 
9548 338 0.0 
9548 338 0.0 
9548 339 0.0 
9548 339 0.0 
9548 340 0.0 
9548 340 0.0 
9548 342 0.0 
9548 342 0.0 
9548 350 0.0 
9548 350 0.0 
9548 350 0.0 
9548 351 0.0 
9548 351 0.0 
9548 352 0.0 
9548 352 0.0 
9548 355 0.0 
9548 355 0.0 
9549 106 0.0 
9549 107 0.0 
9549 108 0.0 
9549 111 0.00853020045906 
9550 4 0.0 
9550 4 0.0 
9550 5 0.0 
9550 7 0.0 
9550 7 0.0 
9550 7 0.0 
9550 8 0.0 
9550 54 0.0 
9550 54 0.0 
9550 113 0.0 
9550 113 0.0 
9550 113 0.0 
9550 124 0.0 
9550 124 0.0 
9550 124 0.0 
9550 124 0.0 
9550 124 0.0 
9550 124 0.0 
9550 124 0.0 
9550 124 0.0 
9550 124 0.0 
9550 124 0.0 
9550 124 0.0 
9550 124 0.0 
9550 124 0.0 
9550 124 0.0 
9550 124 0.0 
9550 124 0.0 
9550 124 0.0 
9550 124 0.0 
9550 124 0.0 
9550 124 0.0 
9550 128 0.0236519183964 
9550 164 0.0 
9550 166 0.0 
9550 173 0.0 
9550 173 0.0 
9550 173 0.0 
9550 173 0.0 
9550 181 0.0 
9550 243 0.0 
9550 260 0.0 
9550 269 0.0 
9550 279 0.0 
9550 283 0.0 
9550 284 0.0 
9550 285 0.0 
9550 289 0.0 
9550 289 0.0 
9550 290 0.0 
9550 293 0.0 
9550 299 0.0 
9550 299 0.0 
9550 299 0.0 
9550 299 0.0 
9550 299 0.0 
9550 299 0.0 
9550 305 0.0 
9550 305 0.0 
9550 306 0.0 
9550 311 0.0 
9550 340 0.0 
9550 350 0.0 
9550 350 0.0 
9550 350 0.0 
9550 350 0.0 
9550 350 0.0 
9550 350 0.0 
9550 350 0.0 
9550 350 0.0 
9550 350 0.0 
9550 350 0.0 
9550 350 0.0 
9550 350 0.0 
9550 350 0.0 
9550 350 0.0 
9550 354 0.0 
9550 354 0.0 
9550 354 0.0 
9551 170 0.0 
9551 212 0.0 
9551 212 0.0 
9552 113 0.0 
9552 261 0.0 
9553 217 0.0 
9554 340 0.0 
9554 340 0.0 
9554 340 0.0 
9554 340 0.0 
9554 340 0.0 
9554 340 0.0 
9554 340 0.0 
9554 340 0.0 
9554 340 0.0 
9554 340 0.0 
9554 340 0.0 
9554 340 0.0 
9554 340 0.0 
9554 340 0.0 
9554 340 0.0 
9554 340 0.0 
9554 340 0.0 
9554 340 0.0 
9554 340 0.0 
9554 340 0.0 
9554 340 0.0 
9554 340 0.0 
9554 340 0.0 
9554 351 0.0 
9555 48 0.0 
9556 124 0.0 
9556 124 0.0 
9556 291 0.0 
9556 305 0.0 
9556 305 0.0 
9556 305 0.0 
9556 306 0.0 
9556 306 0.0 
9556 350 0.0 
9556 350 0.0 
9556 350 0.0 
9556 350 0.0 
9556 350 0.0 
9556 350 0.0 
9556 354 0.0 
9556 354 0.0 
9556 354 0.0 
9557 124 0.0 
9558 124 0.0 
9559 30 0.0 
9559 70 0.0 
9559 113 0.0 
9559 113 0.0 
9559 318 0.00583475688472 
9560 306 0.0 
9560 312 0.0 
9560 313 0.0 
9560 350 0.0 
9561 16 0.0 
9562 299 0.0 
9563 103 0.0 
9564 306 0.0 
9565 299 0.0 
9565 350 0.0 
9566 128 0.0 
9566 128 0.0 
9566 128 0.0 
9566 128 0.0236519183964 
9566 128 0.0236519183964 
9566 128 0.0 
9566 128 0.0 
9566 128 0.0 
9566 128 0.0 
9566 210 0.0 
9566 218 0.0 
9566 222 0.0 
9566 244 0.0 
9566 260 0.0 
9566 269 0.0 
9566 270 0.0 
9566 281 0.0 
9566 282 0.0 
9566 282 0.0 
9566 283 0.0 
9566 283 0.0 
9566 284 0.0 
9566 284 0.0 
9566 284 0.0 
9566 284 0.0015933373943 
9566 287 0.0 
9566 288 0.0 
9566 289 0.0 
9566 298 0.0 
9566 298 0.0 
9566 298 0.0 
9566 298 0.0 
9566 298 0.0 
9566 298 0.0 
9566 298 0.0 
9566 298 0.000213815597817 
9566 308 0.0 
9566 308 0.0 
9566 308 0.0 
9566 308 0.0 
9566 308 0.0 
9566 322 0.0 
9566 340 0.0 
9566 340 0.00315672485158 
9566 340 0.0 
9566 340 0.0 
9567 113 0.0 
9568 351 0.0 
9569 113 0.0 
9569 128 0.0 
9570 113 0.0 
9570 199 0.0 
9570 199 0.00691156601533 
9570 212 0.0 
9570 212 0.0 
9570 299 0.0 
9570 299 0.0 
9571 8 0.0 
9571 110 0.0 
9571 110 0.00178352091461 
9571 110 0.00178352091461 
9571 234 0.0 
9571 238 0.0 
9571 251 0.00650097802281 
9571 251 0.0 
9572 199 0.0 
9573 299 0.0 
9574 299 0.0 
9574 350 0.0 
9575 75 0.0 
9575 75 0.0 
9575 75 0.0 
9576 24 0.0 
9576 256 0.0 
9576 257 0.0 
9576 257 0.00511441659182 
9576 259 0.0 
9576 259 0.00309154996648 
9576 261 0.0 
9576 261 0.00680413236842 
9576 263 0.00531112449244 
9576 263 0.0 
9576 265 0.0552356950939 
9576 265 0.0 
9576 266 0.00663231126964 
9576 280 0.0 
9576 280 0.00142605067231 
9576 321 0.0 
9577 15 0.0 
9577 124 0.0 
9577 128 0.0 
9578 128 0.0 
9578 353 0.0 
9579 15 0.0 
9579 93 0.011519276537 
9579 93 0.011519276537 
9579 93 0.011519276537 
9579 128 0.0 
9579 128 0.0 
9579 281 0.0 
9579 299 0.0 
9579 350 0.0 
9579 351 0.0 
9580 8 0.0 
9580 254 0.0 
9581 112 0.0 
9581 170 0.0 
9581 336 0.0 
9581 336 0.0 
9582 113 0.0 
9582 212 0.0 
9582 331 0.0 
9583 48 0.0 
9583 196 0.0 
9583 305 0.0 
9583 332 0.0 
9583 338 0.0 
9583 350 0.0 
9584 13 0.0 
9584 13 0.0 
9584 15 0.0 
9584 124 0.0 
9584 299 0.0 
9584 299 0.0 
9584 299 0.0 
9584 299 0.0 
9584 299 0.0 
9584 299 0.0 
9584 299 0.0 
9584 299 0.0 
9584 299 0.0 
9584 299 0.0 
9584 299 0.0 
9584 305 0.0 
9584 305 0.0 
9584 305 0.0 
9584 305 0.0 
9584 305 0.0 
9584 306 0.0 
9584 308 0.0 
9584 350 0.0 
9584 350 0.0 
9584 354 0.0 
9584 354 0.0 
9584 354 0.0 
9585 124 0.0 
9585 350 0.0 
9586 3 0.0 
9586 5 0.0 
9586 7 0.0 
9586 7 0.0 
9586 7 0.0 
9586 8 0.0 
9586 14 0.0 
9586 14 0.0 
9586 14 0.00528563931584 
9586 14 0.0 
9586 14 0.0 
9586 16 0.0 
9586 16 0.0 
9586 16 0.0 
9586 16 0.0 
9586 16 0.0 
9586 16 0.0 
9586 18 0.0 
9586 18 0.00375199317932 
9586 22 0.0 
9586 28 0.0 
9586 28 0.0 
9586 28 0.0 
9586 28 0.0 
9586 28 0.0 
9586 28 0.0 
9586 28 0.0 
9586 28 0.0 
9586 28 0.0 
9586 83 0.0 
9586 83 0.0 
9586 107 0.0 
9586 107 0.0 
9586 108 0.0 
9586 109 0.0 
9586 111 0.0 
9586 111 0.0 
9586 111 0.0 
9586 111 0.0 
9586 113 0.0 
9586 113 0.0 
9586 113 0.0 
9586 113 0.0 
9586 113 0.0 
9586 113 0.0 
9586 113 0.0 
9586 113 0.0301647670567 
9586 113 0.0 
9586 113 0.0 
9586 113 0.0 
9586 113 0.0 
9586 113 0.0 
9586 113 0.0 
9586 113 0.0 
9586 113 0.0 
9586 113 0.0 
9586 113 0.0 
9586 113 0.0 
9586 113 0.0 
9586 113 0.0 
9586 113 0.0 
9586 113 0.0 
9586 113 0.0 
9586 113 0.0 
9586 119 0.0145910838619 
9586 121 0.0 
9586 121 0.0 
9586 121 0.0 
9586 121 0.0 
9586 121 0.0 
9586 121 0.0 
9586 121 0.0 
9586 121 0.0 
9586 121 0.0 
9586 121 0.0 
9586 124 0.0 
9586 128 0.0 
9586 128 0.0 
9586 128 0.0 
9586 128 0.0 
9586 128 0.0 
9586 128 0.0 
9586 138 0.00164355151355 
9586 138 0.0 
9586 139 0.0 
9586 139 0.0 
9586 160 0.0106192296371 
9586 160 0.0 
9586 160 0.0 
9586 160 0.0 
9586 160 0.0 
9586 160 0.0 
9586 160 0.0 
9586 160 0.0 
9586 166 0.0 
9586 166 0.0 
9586 166 0.0 
9586 173 0.0 
9586 173 0.0 
9586 173 0.0 
9586 173 0.0 
9586 173 0.0 
9586 173 0.0 
9586 173 0.0 
9586 176 0.0106764025986 
9586 180 0.0 
9586 180 0.0 
9586 189 0.0 
9586 189 0.0 
9586 189 0.0 
9586 189 0.00452826777473 
9586 189 0.0 
9586 190 0.0 
9586 192 0.0 
9586 204 0.0 
9586 204 0.0 
9586 204 0.00910478550941 
9586 228 0.0 
9586 228 0.0 
9586 228 0.0 
9586 228 0.0 
9586 228 0.0 
9586 243 0.0 
9586 243 0.0 
9586 259 0.0 
9586 259 0.0 
9586 259 0.0 
9586 259 0.0 
9586 265 0.0 
9586 270 0.0 
9586 279 0.0 
9586 281 0.0 
9586 288 0.0 
9586 290 0.0 
9586 292 0.0 
9586 299 0.0 
9586 302 0.0 
9586 302 0.0 
9586 307 0.0 
9586 308 0.0 
9586 310 0.0 
9586 334 0.0 
9586 336 0.0 
9586 336 0.0 
9586 336 0.0 
9586 336 0.0 
9586 336 0.0 
9586 337 0.0 
9586 338 0.0 
9586 340 0.0 
9586 340 0.0 
9586 340 0.0 
9586 340 0.0 
9586 350 0.0 
9586 350 0.0 
9586 350 0.0 
9586 350 0.0 
9586 351 0.0 
9586 354 0.0 
9586 355 0.0 
9587 121 0.0 
9587 121 0.0 
9588 260 0.0 
9588 269 0.0 
9589 113 0.0 
9590 336 0.0 
9591 28 0.0 
9591 192 0.0 
9592 299 0.0 
9593 299 0.0 
9594 25 0.0 
9594 192 0.0 
9594 330 0.0 
9594 333 0.0 
9594 341 0.0 
9594 343 0.0 
9594 345 0.0 
9594 353 0.0 
9594 354 0.0 
9594 355 0.0 
9594 356 -0.0 
9595 299 0.0 
9595 299 0.0 
9596 350 0.0 
9596 350 0.0 
9597 7 0.0 
9598 113 0.0 
9599 28 0.0 
9599 247 0.00739763816819 
9599 247 0.0117249786854 
9600 296 0.0 
9600 296 0.0 
9600 296 0.0 
9600 296 0.0 
9601 309 0.0 
9601 312 0.0 
9601 312 0.0 
9601 312 0.0 
9602 5 0.0 
9602 83 0.0 
9602 113 0.0 
9602 113 0.0 
9603 350 0.0 
9604 113 0.0301647670567 
9605 32 0.0 
9605 83 0.0 
9605 83 0.0 
9605 83 0.0 
9605 83 0.0 
9605 83 0.0 
9605 304 0.000737131165806 
9605 304 0.000737131165806 
9605 304 0.0 
9605 305 0.0 
9605 305 0.0 
9605 305 0.0 
9605 305 0.0 
9605 305 0.0 
9605 305 0.0 
9605 305 0.0 
9605 305 0.0 
9605 305 0.0 
9605 305 0.0 
9605 305 0.0 
9605 305 0.0 
9605 305 0.000634893018287 
9605 305 0.0 
9605 305 0.0 
9605 305 0.0 
9605 305 0.0 
9605 305 0.0 
9605 305 0.0 
9605 306 0.0 
9605 306 0.0 
9605 306 0.0 
9605 306 0.0 
9605 306 0.0 
9605 306 0.0 
9605 306 0.0 
9605 306 0.0 
9605 306 0.0 
9605 306 0.0 
9605 306 0.0 
9605 306 0.0 
9605 306 0.0 
9605 306 0.000806753116194 
9605 306 0.0 
9605 306 0.0 
9605 306 0.0 
9605 306 0.0 
9605 306 0.0 
9605 306 0.0 
9605 306 0.0 
9605 306 0.0 
9605 306 0.0 
9605 306 0.0 
9605 306 0.0 
9605 306 0.000806753116194 
9605 306 0.0 
9605 306 0.0 
9605 306 0.0 
9605 306 0.0 
9605 306 0.0 
9605 306 0.0 
9605 306 0.0 
9605 306 0.0 
9605 306 0.0 
9605 306 0.000806753116194 
9606 70 0.0 
9607 113 0.0 
9608 170 0.0 
9609 113 0.0 
9609 113 0.0 
9609 113 0.0 
9609 354 0.0 
9610 354 0.0 
9611 306 0.0 
9611 350 0.0 
9612 77 0.0 
9613 25 0.0 
9613 341 0.0 
9613 354 0.0 
9613 355 0.0 
9614 355 0.0 
9615 128 0.0 
9615 128 0.0 
9615 219 0.0 
9615 228 0.0 
9615 287 0.0 
9615 308 0.0 
9615 313 0.0 
9615 334 0.000772167230025 
9615 334 0.000772167230025 
9615 334 0.0 
9616 299 0.0 
9616 299 0.00656598806381 
9616 299 0.0 
9616 299 0.00656598806381 
9617 155 0.00773743074387 
9618 25 0.0 
9618 341 0.0 
9618 354 0.0 
9618 355 0.0 
9619 8 0.0 
9619 8 0.0 
9619 8 0.00825910456479 
9619 103 0.0 
9619 124 0.0 
9619 124 0.0 
9619 128 0.0 
9619 128 0.0 
9619 260 0.0 
9619 269 0.0 
9619 281 0.0 
9619 308 0.0 
9619 308 0.0 
9619 308 0.0 
9619 308 0.0 
9619 308 0.0 
9619 310 0.0 
9619 310 0.0 
9619 313 0.0 
9619 313 0.0 
9619 313 0.00587613787502 
9619 313 0.0 
9619 313 0.0 
9619 313 0.00587613787502 
9619 313 0.0 
9619 332 0.0 
9619 334 0.0 
9619 336 0.0 
9619 337 0.0 
9619 338 0.0 
9619 340 0.0 
9619 352 0.0 
9620 113 0.0 
9620 292 0.0 
9620 338 0.0 
9620 350 0.0 
9621 128 0.0 
9621 298 0.0 
9622 337 0.0 
9622 337 0.0 
9622 338 0.0 
9622 338 0.0 
9622 338 0.0 
9622 338 0.0 
9622 338 0.0 
9622 338 0.0 
9622 338 0.0 
9622 338 0.0 
9622 350 0.0 
9623 185 0.0 
9624 128 0.0 
9624 217 0.0 
9624 279 0.0 
9624 279 0.0 
9624 279 0.0 
9624 279 0.0 
9624 279 0.00473448820412 
9624 279 0.0 
9624 279 0.0 
9624 279 0.00473448820412 
9624 279 0.00473448820412 
9624 282 0.0 
9624 282 0.0 
9624 283 0.0 
9624 285 0.00659898295999 
9624 285 0.0 
9624 285 0.00659898295999 
9624 285 0.0 
9624 285 0.0 
9624 289 0.0 
9624 298 0.0 
9624 298 0.0 
9624 298 0.0 
9624 298 0.0 
9624 298 0.0 
9624 298 0.0 
9624 309 0.0 
9624 309 0.0 
9624 309 0.0 
9624 309 0.0 
9624 309 0.0 
9624 309 0.0 
9624 309 0.0 
9624 309 0.0 
9624 311 0.0 
9624 311 0.0 
9624 311 0.0 
9624 311 0.0 
9624 311 0.0 
9624 311 0.0 
9624 311 0.0 
9624 311 0.0 
9624 311 0.0 
9624 331 0.0 
9624 339 0.0 
9624 339 0.0 
9624 339 0.0 
9624 339 0.0 
9624 339 0.0 
9624 342 0.0 
9624 352 0.0 
9624 352 0.0 
9625 70 0.0 
9626 113 0.0 
9627 5 0.0 
9627 5 0.0 
9627 8 0.0 
9627 13 0.0 
9627 103 0.0 
9627 299 0.0 
9627 306 0.0 
9627 350 0.0 
9627 350 0.0 
9628 113 0.0 
9628 113 0.0 
9628 305 0.0 
9628 340 0.0 
9628 340 0.0 
9628 340 0.0 
9628 340 0.0 
9628 340 0.0 
9628 340 0.0 
9629 3 0.0 
9629 3 0.0 
9629 3 0.0 
9629 4 0.0 
9629 4 0.0 
9629 4 0.0 
9629 5 0.0 
9629 7 0.0 
9629 8 0.0 
9629 8 0.0 
9629 8 0.0 
9629 8 0.0 
9629 8 0.0 
9629 8 0.0 
9629 8 0.0 
9629 8 0.0 
9629 8 0.0 
9629 8 0.0 
9629 15 0.0 
9629 28 0.0 
9629 28 0.0 
9629 103 0.0 
9629 103 0.0 
9629 103 0.0 
9629 113 0.0 
9629 113 0.0 
9629 113 0.0 
9629 113 0.0 
9629 113 0.0 
9629 113 0.0 
9629 113 0.0 
9629 113 0.0 
9629 113 0.0 
9629 113 0.0 
9629 113 0.0 
9629 113 0.0 
9629 113 0.0 
9629 113 0.0 
9629 113 0.0 
9629 113 0.0 
9629 113 0.0 
9629 113 0.0 
9629 113 0.0 
9629 113 0.0 
9629 113 0.0 
9629 113 0.0 
9629 113 0.0 
9629 113 0.0 
9629 113 0.0 
9629 124 0.0 
9629 128 0.0 
9629 128 0.0 
9629 128 0.0 
9629 128 0.0 
9629 128 0.0 
9629 128 0.0 
9629 128 0.0 
9629 128 0.0 
9629 128 0.0 
9629 128 0.0 
9629 128 0.0 
9629 128 0.0 
9629 128 0.0 
9629 128 0.0 
9629 128 0.0 
9629 139 0.0 
9629 173 0.0 
9629 228 0.0 
9629 251 0.0 
9629 254 0.0 
9629 282 0.0 
9629 288 0.0 
9629 290 0.0 
9629 291 0.0 
9629 292 0.0 
9629 293 0.0 
9629 294 0.0 
9629 294 0.0 
9629 298 0.0 
9629 299 0.0 
9629 305 0.0 
9629 306 0.0 
9629 309 0.0 
9629 309 0.0 
9629 309 0.0 
9629 310 0.0 
9629 310 0.0 
9629 310 0.0 
9629 310 0.0 
9629 311 0.0 
9629 321 0.0 
9629 321 0.0 
9629 322 0.0 
9629 332 0.0 
9629 335 0.0 
9629 339 0.0 
9629 339 0.0 
9629 340 0.0 
9629 340 0.0 
9629 350 0.0 
9629 350 0.0 
9629 351 0.0 
9629 354 0.0 
9630 1 0.0193117279559 
9630 10 0.00220335158519 
9630 61 0.187599658966 
9630 85 0.0051097185351 
9631 337 0.0 
9632 299 0.0 
9632 299 0.0 
9633 113 0.0 
9633 128 0.0 
9633 128 0.0 
9633 128 0.0 
9633 128 0.0 
9633 128 0.0 
9633 128 0.0 
9633 128 0.0 
9633 128 0.0 
9633 128 0.0 
9633 166 0.0 
9633 166 0.0 
9633 173 0.0 
9633 231 0.0 
9634 299 0.0 
9635 113 0.0 
9635 113 0.0 
9635 299 0.0 
9635 299 0.0 
9635 299 0.0 
9635 308 0.0 
9636 160 0.0 
9636 160 0.0 
9636 173 0.0 
9637 113 0.0 
9637 128 0.0 
9638 350 0.0 
9639 8 0.0 
9639 8 0.0 
9639 164 0.0 
9639 292 0.0 
9639 307 0.0 
9639 338 0.0 
9639 338 0.0 
9639 350 0.0 
9639 350 0.0 
9639 350 0.0 
9639 350 0.0 
9639 350 0.0 
9640 1 0.0193117279559 
9640 1 0.0193117279559 
9640 1 0.0193117279559 
9640 7 0.0 
9640 30 0.0 
9640 54 0.0 
9640 61 0.187599658966 
9640 61 0.187599658966 
9640 61 0.187599658966 
9640 110 0.00178352091461 
9640 110 0.00178352091461 
9640 121 0.0 
9640 124 0.0 
9640 124 0.0 
9640 128 0.0 
9640 128 0.0 
9640 128 0.0 
9640 128 0.0 
9640 128 0.0 
9640 128 0.0 
9640 128 0.0 
9640 128 0.0 
9640 128 0.0 
9640 128 0.0 
9640 128 0.0 
9640 128 0.0 
9640 128 0.0 
9640 128 0.0 
9640 128 0.0 
9640 128 0.0 
9640 128 0.0 
9640 128 0.0 
9640 128 0.0 
9640 128 0.0 
9640 128 0.0 
9640 128 0.0 
9640 128 0.0 
9640 128 0.0 
9640 128 0.0 
9640 128 0.0 
9640 128 0.0 
9640 128 0.0 
9640 128 0.0 
9640 128 0.0 
9640 128 0.0 
9640 128 0.0 
9640 128 0.0 
9640 128 0.0 
9640 128 0.0 
9640 128 0.0 
9640 128 0.0 
9640 128 0.0 
9640 128 0.0 
9640 128 0.0 
9640 128 0.0 
9640 128 0.0 
9640 128 0.0 
9640 128 0.0 
9640 128 0.0 
9640 128 0.0 
9640 128 0.0 
9640 128 0.0 
9640 128 0.0 
9640 128 0.0 
9640 128 0.0236519183964 
9640 128 0.0 
9640 128 0.0 
9640 128 0.0 
9640 128 0.0 
9640 128 0.0 
9640 128 0.0 
9640 128 0.0 
9640 128 0.0 
9640 128 0.0 
9640 128 0.0 
9640 128 0.0 
9640 128 0.0 
9640 128 0.0 
9640 128 0.0 
9640 128 0.0 
9640 128 0.0 
9640 128 0.0 
9640 128 0.0 
9640 128 0.0 
9640 128 0.0 
9640 128 0.0 
9640 128 0.0 
9640 128 0.0 
9640 128 0.0 
9640 128 0.0 
9640 128 0.0 
9640 128 0.0 
9640 128 0.0 
9640 128 0.0 
9640 128 0.0 
9640 128 0.0 
9640 128 0.0 
9640 128 0.0 
9640 128 0.0 
9640 128 0.0 
9640 128 0.0 
9640 128 0.0 
9640 128 0.0 
9640 128 0.0 
9640 128 0.0 
9640 128 0.0 
9640 128 0.0 
9640 128 0.0 
9640 128 0.0 
9640 128 0.0 
9640 128 0.0 
9640 128 0.0236519183964 
9640 128 0.0 
9640 128 0.0 
9640 128 0.0 
9640 128 0.0 
9640 128 0.0 
9640 128 0.0 
9640 128 0.0236519183964 
9640 128 0.0 
9640 128 0.0 
9640 139 0.0 
9640 227 0.0 
9640 282 0.00133634754457 
9640 282 0.0 
9640 282 0.00133634754457 
9640 282 0.0 
9640 291 0.0 
9640 309 0.0 
9640 309 0.0 
9640 311 0.0 
9640 311 0.0 
9640 311 0.0 
9640 311 0.0 
9640 311 0.00146643444896 
9640 311 0.0 
9640 311 0.00146643444896 
9640 311 0.0 
9640 321 0.0 
9640 325 0.00669998768717 
9640 328 0.0 
9640 331 0.0 
9640 331 0.0 
9640 331 0.0 
9640 331 0.0 
9640 352 0.0 
9640 352 0.0 
9640 352 0.0 
9640 352 0.0 
9640 352 0.0 
9640 352 0.00366814946756 
9640 352 0.0 
9640 352 0.0 
9640 352 0.0 
9640 352 0.0 
9641 160 0.0 
9642 1 0.0193117279559 
9642 10 0.00220335158519 
9642 61 0.187599658966 
9642 85 0.0051097185351 
9643 113 0.0 
9644 128 0.0 
9644 332 0.0 
9645 350 0.0 
9646 308 0.0 
9647 3 0.0 
9647 7 0.0 
9647 28 0.0 
9647 32 0.0 
9647 83 0.0 
9647 83 0.0 
9648 128 0.0 
9648 350 0.0 
9649 91 0.0257489737123 
9650 350 0.0 
9651 350 0.0 
9652 113 0.0 
9652 113 0.0 
9652 113 0.0 
9652 113 0.0 
9653 207 0.0 
9653 207 0.00272544543259 
9653 207 0.0 
9654 105 0.0 
9655 70 0.0 
9656 124 0.0 
9656 124 0.0 
9656 124 0.0 
9656 124 0.0 
9656 124 0.0 
9656 350 0.0 
9657 5 0.0 
9657 38 0.0 
9657 299 0.0 
9658 211 0.0 
9658 211 0.0 
9659 289 0.0 
9659 289 0.0 
9660 8 0.0 
9660 282 0.0 
9660 331 0.0 
9660 350 0.0 
9661 337 0.0 
9662 354 0.0 
9663 113 0.0 
9663 113 0.0 
9663 113 0.0 
9663 113 0.0 
9663 113 0.0 
9663 113 0.0 
9663 113 0.0 
9663 113 0.0 
9663 113 0.0 
9663 113 0.0 
9663 113 0.0 
9663 113 0.0 
9663 113 0.0 
9663 113 0.0 
9663 113 0.0 
9663 113 0.0 
9663 113 0.0 
9663 113 0.0 
9663 113 0.0 
9663 113 0.0 
9663 113 0.0 
9663 350 0.0 
9663 350 0.0 
9663 350 0.0 
9663 355 0.0 
9664 243 0.0 
9665 350 0.0 
9666 1 0.0193117279559 
9666 1 0.0193117279559 
9666 10 0.00220335158519 
9666 15 0.00277631613426 
9666 15 0.0 
9666 32 0.0 
9666 32 0.0 
9666 34 0.0 
9666 34 0.0 
9666 34 0.0 
9666 34 0.0 
9666 34 0.0 
9666 34 0.0 
9666 34 0.0 
9666 48 0.0 
9666 61 0.187599658966 
9666 61 0.187599658966 
9666 83 0.0 
9666 83 0.0 
9666 83 0.0 
9666 83 0.0 
9666 85 0.0051097185351 
9666 109 0.0 
9666 113 0.0 
9666 113 0.0301647670567 
9666 113 0.0 
9666 113 0.0 
9666 113 0.0 
9666 113 0.0 
9666 113 0.0 
9666 113 0.0 
9666 124 0.0 
9666 133 0.0 
9666 136 0.0 
9666 173 0.0 
9666 173 0.0 
9666 186 0.0 
9666 188 0.0 
9666 254 0.0 
9666 260 0.0 
9666 269 0.0 
9666 294 0.0 
9666 299 0.0 
9666 308 0.0 
9666 331 0.0 
9666 332 0.0 
9666 332 0.0 
9666 337 0.0 
9666 351 0.0 
9667 8 0.0 
9667 113 0.0 
9667 113 0.0 
9667 340 0.0 
9667 340 0.0 
9668 124 0.0 
9669 2 0.0 
9669 10 0.0 
9669 10 0.0 
9669 15 0.0 
9669 43 0.0 
9669 44 0.0 
9669 66 0.0 
9669 85 0.0 
9669 85 0.0 
9669 86 0.0 
9669 86 0.0 
9669 91 0.0 
9669 91 0.0 
9669 93 0.0 
9669 93 0.0 
9669 162 0.0 
9669 162 0.0 
9669 162 0.0 
9669 162 0.0 
9669 162 0.0 
9669 162 0.0 
9669 162 0.0 
9669 211 0.0 
9669 211 0.0 
9669 211 0.0 
9669 211 0.0 
9669 211 0.0 
9669 211 0.0 
9669 211 0.0 
9669 211 0.0 
9669 211 0.0 
9669 211 0.0 
9669 356 -0.0 
9670 350 0.0 
9671 17 0.0 
9672 231 0.0 
9673 10 0.00220335158519 
9673 20 0.00426362873986 
9673 85 0.0051097185351 
9673 208 0.00547165656462 
9673 277 0.0 
9674 237 0.0 
9675 22 0.0 
9676 350 0.0 
9676 350 0.0 
9677 110 0.0 
9678 110 0.0 
9679 54 0.0 
9680 54 0.0 
9680 164 0.0 
9680 355 0.0 
9681 121 0.0 
9682 28 0.0 
9683 83 0.0 
9683 164 0.0 
9684 19 0.0 
9685 136 0.0 
9686 133 0.0 
9687 28 0.0 
9687 240 0.0 
9688 139 0.0 
9688 175 0.0 
9689 121 0.0 
9690 54 0.0 
9690 111 0.00853020045906 
9690 111 0.00853020045906 
9691 111 0.00853020045906 
9692 212 0.0 
9693 54 0.0 
9694 3 0.0 
9694 7 0.0 
9694 28 0.0 
9694 290 0.0 
9695 8 0.0 
9695 113 0.0 
9695 128 0.0 
9695 128 0.0 
9695 128 0.0 
9695 128 0.0236519183964 
9695 128 0.0 
9695 293 0.0 
9695 331 0.0 
9696 7 0.0 
9697 17 0.0 
9697 196 0.0 
9698 111 0.00853020045906 
9698 302 0.0 
9699 54 0.0 
9699 164 0.0 
9699 164 0.0 
9700 91 0.0257489737123 
9700 113 0.0 
9700 113 0.0 
9700 128 0.0 
9700 322 0.0 
9700 332 0.0 
9700 332 0.0 
9700 336 0.0 
9700 336 0.0 
9700 336 0.0 
9700 336 0.0 
9700 355 0.0 
9700 355 0.0 
9700 355 0.0 
9701 331 0.0 
9702 111 0.00853020045906 
9703 93 0.011519276537 
9703 93 0.011519276537 
9704 77 0.0 
9705 77 0.0 
9706 77 0.0 
9707 77 0.0 
9708 77 0.0 
9709 164 0.0 
9710 28 0.0 
9711 28 0.0 
9711 139 0.0 
9712 7 0.0 
9713 336 0.0 
9714 97 0.0 
9715 28 0.0 
9716 48 0.0 
9717 24 0.0 
9717 256 0.0 
9717 258 0.0 
9717 264 0.0 
9717 272 0.0 
9717 273 0.0 
9717 275 0.0 
9717 279 0.0 
9717 282 0.0 
9717 283 0.0 
9717 285 0.0 
9717 289 0.0 
9717 291 0.0 
9717 293 0.0 
9717 299 0.0 
9717 304 0.0 
9717 305 0.0 
9717 306 0.0 
9717 307 0.0 
9717 308 0.0 
9717 309 0.0 
9717 310 0.0 
9717 311 0.0 
9717 312 0.0 
9717 313 0.0 
9717 314 0.0 
9717 315 0.0 
9717 316 0.0 
9717 317 0.0 
9717 318 0.0 
9717 319 0.0 
9717 320 0.0 
9717 321 0.0 
9717 322 0.0 
9717 323 0.0 
9717 324 0.0 
9717 325 0.0 
9717 327 0.0 
9717 328 0.0 
9717 331 0.0 
9717 332 0.0 
9717 334 0.0 
9717 335 0.0 
9717 336 0.0 
9717 337 0.0 
9717 338 0.0 
9717 339 0.0 
9717 340 0.0 
9717 342 0.0 
9717 350 0.0 
9717 351 0.0 
9717 352 0.0 
9718 340 0.0 
9719 291 0.0023740271572 
9719 291 0.0023740271572 
9719 291 0.0 
9719 291 0.0 
9719 291 0.0 
9720 336 0.0 
9721 113 0.0 
9722 164 0.0 
9723 1 0.0 
9723 7 0.0 
9723 61 0.0 
9723 128 0.0 
9723 128 0.0 
9723 166 0.0 
9723 217 0.0 
9723 332 0.0 
9723 332 0.0 
9723 332 0.0 
9723 355 0.0 
9724 8 0.0 
9724 113 0.0 
9725 83 0.0 
9726 139 0.0 
9727 139 0.0 
9728 113 0.0 
9728 164 0.0 
9729 16 0.0 
9729 16 0.0 
9729 16 0.0 
9729 16 0.0 
9729 16 0.0 
9729 17 0.0 
9729 17 0.0 
9729 17 0.0 
9729 17 0.0 
9729 17 0.0 
9729 19 0.0 
9729 19 0.0 
9729 19 0.0 
9729 19 0.0 
9729 19 0.0 
9729 132 0.0 
9729 132 0.0 
9729 132 0.0 
9729 132 0.0 
9729 132 0.0 
9729 135 0.0 
9729 135 0.0 
9729 135 0.0 
9729 135 0.0 
9729 135 0.0 
9729 138 0.0 
9729 138 0.0 
9729 138 0.0 
9729 138 0.0 
9729 138 0.0 
9729 142 0.0 
9729 142 0.0 
9729 142 0.0 
9729 142 0.0 
9729 142 0.0 
9729 143 0.0 
9729 143 0.0 
9729 143 0.0 
9729 143 0.0 
9729 143 0.0 
9729 144 0.0 
9729 144 0.0 
9729 144 0.0 
9729 144 0.0 
9729 144 0.0 
9729 146 0.0 
9729 146 0.0 
9729 146 0.0 
9729 146 0.0 
9729 146 0.0 
9729 151 0.0 
9729 151 0.0 
9729 151 0.0 
9729 151 0.0 
9729 151 0.0 
9729 156 0.0 
9729 156 0.0 
9729 156 0.0 
9729 156 0.0 
9729 156 0.0 
9729 167 0.0 
9729 167 0.0 
9729 167 0.0 
9729 167 0.0 
9729 167 0.0 
9729 192 0.0 
9729 192 0.0 
9729 192 0.0 
9729 192 0.0 
9729 192 0.0 
9729 196 0.0 
9729 196 0.0 
9729 196 0.0 
9729 196 0.0 
9729 196 0.0 
9729 207 0.0 
9729 207 0.0 
9729 207 0.0 
9729 207 0.0 
9729 207 0.0 
9729 212 0.0 
9729 212 0.0 
9729 212 0.0 
9729 212 0.0 
9729 212 0.0 
9730 4 0.0 
9730 5 0.0 
9730 7 0.0 
9730 336 0.0 
9730 350 0.0 
9731 1 0.0193117279559 
9731 4 0.0 
9731 5 0.0 
9731 61 0.187599658966 
9731 86 0.0625332221389 
9731 91 0.0257489737123 
9731 91 0.0257489737123 
9731 103 0.0 
9731 124 0.0 
9731 124 0.0 
9731 124 0.0 
9731 124 0.0 
9731 124 0.0 
9731 124 0.0 
9731 124 0.0 
9731 124 0.0 
9731 124 0.0 
9731 124 0.0 
9731 124 0.0 
9731 124 0.0 
9731 124 0.0 
9731 124 0.0 
9731 124 0.0 
9731 124 0.0 
9731 124 0.0 
9731 221 0.0 
9731 228 0.0 
9731 228 0.0 
9731 281 0.0 
9731 281 0.0 
9731 291 0.0 
9731 292 0.0 
9731 293 0.0 
9731 293 0.0 
9731 307 0.0 
9731 307 0.0 
9731 309 0.0 
9731 311 0.0 
9732 239 0.0 
9733 340 0.0 
9734 164 0.0 
9735 166 0.0 
9736 113 0.0 
9737 124 0.0 
9737 241 0.0 
9738 22 0.0 
9738 128 0.0 
9738 255 0.0 
9738 257 0.0 
9738 279 0.0 
9738 279 0.0 
9738 281 0.0 
9738 288 0.0 
9738 289 0.0 
9738 290 0.0026636866387 
9738 290 0.0026636866387 
9738 298 0.0 
9738 298 0.0 
9738 336 0.0 
9739 293 0.0 
9740 288 0.0 
9741 105 0.0 
9742 222 0.0 
9743 128 0.0 
9743 128 0.0 
9743 128 0.0 
9743 283 0.0 
9743 305 0.0 
9743 306 0.0 
9743 350 0.0 
9744 350 0.0 
9745 326 0.0 
9746 299 0.0 
9747 336 0.0 
9747 336 0.0 
9747 336 0.0 
9747 336 0.0 
9747 336 0.0 
9747 336 0.0 
9748 340 0.0 
9748 340 0.0 
9748 340 0.0 
9748 340 0.0 
9749 162 0.0 
9750 148 0.0 
9751 301 0.0 
9752 162 0.0 
9753 8 0.0 
9753 113 0.0 
9753 340 0.0 
9754 1 0.0193117279559 
9754 4 0.0 
9754 4 0.0 
9754 7 0.0 
9754 7 0.0 
9754 8 0.0 
9754 8 0.0 
9754 8 0.0 
9754 8 0.0 
9754 8 0.0 
9754 8 0.0 
9754 8 0.0 
9754 54 0.0 
9754 61 0.187599658966 
9754 75 0.0 
9754 75 0.0 
9754 75 0.0 
9754 103 0.0 
9754 103 0.0 
9754 108 0.0 
9754 111 0.0 
9754 111 0.0 
9754 113 0.0 
9754 113 0.0 
9754 113 0.0 
9754 113 0.0 
9754 113 0.0 
9754 113 0.0 
9754 113 0.0 
9754 113 0.0 
9754 113 0.0 
9754 113 0.0 
9754 124 0.0 
9754 124 0.0 
9754 124 0.0 
9754 124 0.0 
9754 124 0.0 
9754 128 0.0 
9754 128 0.0 
9754 128 0.0 
9754 128 0.0 
9754 128 0.0 
9754 128 0.0 
9754 128 0.0 
9754 128 0.0 
9754 128 0.0 
9754 128 0.0 
9754 173 0.0 
9754 218 0.0 
9754 231 0.0 
9754 231 0.0 
9754 231 0.0 
9754 254 0.0 
9754 261 0.0 
9754 261 0.0 
9754 263 0.0 
9754 263 0.0 
9754 270 0.0 
9754 270 0.0 
9754 270 0.0 
9754 270 0.0 
9754 270 0.0 
9754 270 0.0 
9754 279 0.0 
9754 279 0.0 
9754 282 0.0 
9754 290 0.0 
9754 292 0.0 
9754 294 0.0 
9754 294 0.0 
9754 299 0.0 
9754 299 0.0 
9754 305 0.0 
9754 307 0.0 
9754 310 0.0 
9754 311 0.0 
9754 311 0.0 
9754 312 0.0 
9754 312 0.0 
9754 312 0.0 
9754 321 0.0 
9754 322 0.0 
9754 322 0.0 
9754 327 0.0 
9754 327 0.0 
9754 327 0.00330093805678 
9754 329 0.0042775166221 
9754 329 0.0 
9754 329 0.0 
9754 329 0.00677970331162 
9754 331 0.0 
9754 331 0.0 
9754 331 0.0 
9754 334 0.0 
9754 334 0.0 
9754 334 0.0 
9754 334 0.0 
9754 334 0.0 
9754 334 0.0 
9754 334 0.0 
9754 334 0.0 
9754 334 0.0 
9754 335 0.0 
9754 335 0.0 
9754 335 0.0 
9754 335 0.0 
9754 335 0.0 
9754 335 0.0 
9754 335 0.0 
9754 335 0.0 
9754 335 0.0 
9754 335 0.0 
9754 335 0.0 
9754 335 0.0 
9754 335 0.0 
9754 335 0.0 
9754 335 0.0 
9754 336 0.0 
9754 336 0.0 
9754 337 0.0 
9754 337 0.0 
9754 337 0.0 
9754 338 0.0 
9754 338 0.0 
9754 338 0.0 
9754 338 0.0 
9754 338 0.0 
9754 338 0.0 
9754 338 0.0 
9754 338 0.0 
9754 338 0.0 
9754 339 0.0 
9754 339 0.0 
9754 339 0.0 
9754 342 0.0 
9754 350 0.0 
9754 350 0.0 
9754 350 0.0 
9754 350 0.0 
9755 254 0.0 
9755 254 0.0 
9755 254 0.0 
9756 161 0.0 
9757 25 0.0 
9757 109 0.0 
9757 113 0.0 
9757 121 0.0 
9757 121 0.0 
9757 121 0.0 
9757 330 0.0 
9757 333 0.0 
9757 336 0.0 
9757 336 0.0 
9757 336 0.0 
9757 336 0.0 
9757 336 0.0 
9757 336 0.0 
9757 336 0.0 
9757 336 0.0 
9757 341 0.0 
9757 343 0.0 
9757 345 0.0 
9757 353 0.0 
9757 354 0.0 
9757 355 0.0 
9757 356 -0.0 
9758 299 0.0 
