940 38 0.0 
940 38 0.0 
941 338 0.0 
941 338 0.0 
941 338 0.0 
941 338 0.0 
941 350 0.0 
942 113 0.0 
942 113 0.0 
942 113 0.0 
942 113 0.0 
943 332 0.0 
944 16 0.0 
944 17 0.0 
944 19 0.0 
944 132 0.0 
944 135 0.0 
944 138 0.0 
944 142 0.0 
944 143 0.0 
944 144 0.0 
944 146 0.0 
944 151 0.0 
944 156 0.0 
944 167 0.0 
944 192 0.0 
944 196 0.0 
944 207 0.0 
944 212 0.0 
945 58 0.0 
945 113 0.0 
945 113 0.0 
945 113 0.0 
945 279 0.0 
945 279 0.0 
945 279 0.0 
945 279 0.0 
945 279 0.0 
945 279 0.0 
945 279 0.0 
945 279 0.0 
945 279 0.00473448820412 
945 279 0.0 
945 279 0.0 
945 279 0.0 
945 279 0.0 
945 279 0.0 
945 279 0.0 
945 279 0.0 
945 285 0.0 
946 188 0.0 
947 58 0.0 
947 245 0.00733217224479 
947 245 0.0116212181747 
947 245 0.00733217224479 
948 281 0.0 
948 281 0.0 
949 228 0.0 
950 124 0.0 
950 354 0.0 
951 3 0.0 
951 113 0.0 
951 113 0.0 
951 113 0.0 
951 113 0.0 
951 113 0.0301647670567 
951 128 0.0 
951 331 0.0 
952 4 0.0 
952 8 0.0 
952 8 0.0 
952 28 0.0 
952 34 0.0 
952 113 0.0 
952 113 0.0 
952 113 0.0 
952 113 0.0 
952 113 0.0 
952 113 0.0 
952 113 0.0 
952 124 0.0 
952 124 0.0 
952 128 0.0 
952 128 0.0 
952 128 0.0 
952 128 0.0 
952 128 0.0 
952 139 0.0 
952 160 0.0 
952 166 0.0 
952 173 0.0 
952 180 0.0 
952 188 0.0 
952 217 0.0 
952 217 0.0 
952 228 0.0 
952 234 0.0 
952 238 0.0 
952 279 0.0 
952 281 0.0 
952 282 0.0 
952 282 0.0 
952 285 0.0 
952 287 0.0 
952 290 0.0 
952 290 0.0 
952 292 0.0 
952 294 0.0 
952 298 0.0 
952 299 0.0 
952 299 0.0 
952 299 0.0 
952 305 0.0 
952 306 0.0 
952 307 0.0 
952 307 0.0 
952 307 0.0 
952 308 0.0 
952 308 0.0 
952 311 0.0 
952 311 0.0 
952 312 0.0 
952 331 0.0 
952 338 0.0 
952 340 0.0 
952 340 0.0 
952 350 0.0 
952 350 0.0 
952 350 0.0 
952 351 0.0 
953 199 0.0 
953 199 0.0 
953 199 0.0 
953 199 0.0 
953 199 0.0 
953 199 0.0 
954 1 0.0 
954 4 0.0 
954 28 0.0 
954 61 0.0 
954 103 0.0 
954 113 0.0 
954 113 0.0 
954 113 0.0 
954 113 0.0 
954 128 0.0 
954 128 0.0 
954 128 0.0 
954 128 0.0 
954 128 0.0 
954 128 0.0 
954 128 0.0 
954 128 0.0 
954 139 0.0 
954 222 0.0 
954 228 0.0 
954 231 0.0 
954 283 0.0 
954 284 0.0 
954 289 0.0 
954 289 0.0 
954 290 0.0 
954 291 0.0 
954 292 0.0 
954 299 0.0 
954 306 0.0 
954 307 0.0 
954 308 0.0 
954 308 0.0 
954 308 0.0 
954 331 0.0 
954 340 0.0 
954 340 0.0 
954 340 0.0 
954 340 0.0 
954 340 0.0 
955 350 0.0 
955 350 0.0 
956 185 0.0 
957 199 0.0 
957 199 0.0 
957 199 0.0 
957 199 0.0 
957 199 0.0 
958 25 0.0 
958 330 0.0 
958 333 0.0 
958 341 0.0 
958 343 0.0 
958 345 0.0 
958 353 0.0 
958 354 0.0 
958 355 0.0 
958 356 -0.0 
959 185 0.0 
960 355 0.0 
961 48 0.0 
961 48 0.0 
962 113 0.0 
963 305 0.0 
963 306 0.0 
964 336 0.0 
965 7 0.0 
965 7 0.0 
965 8 0.0 
965 8 0.0 
965 8 0.0 
965 28 0.0 
965 28 0.0 
965 28 0.0 
965 103 0.0 
965 139 0.0 
965 139 0.0 
965 166 0.0 
965 173 0.0 
965 173 0.0 
965 180 0.0 
965 221 0.0 
965 243 0.0 
965 254 0.0 
965 291 0.0 
965 307 0.0 
965 308 0.0 
965 311 0.0 
965 311 0.0 
965 340 0.0 
965 340 0.0 
965 340 0.0 
965 340 0.0 
965 354 0.0 
965 355 0.0 
966 289 0.0 
967 113 0.0 
967 113 0.0 
967 113 0.0 
967 231 0.0 
967 288 0.0 
967 308 0.0 
967 331 0.0 
967 331 0.0 
967 340 0.0 
967 340 0.0 
967 340 0.0 
968 113 0.0 
969 289 0.0 
970 299 0.0 
971 5 0.0 
971 5 0.0 
971 13 0.0 
971 103 0.0 
971 124 0.0 
972 105 0.0 
973 244 0.0 
974 199 0.0 
975 44 0.0 
975 111 0.0 
975 111 0.0 
975 111 0.0 
975 111 0.00853020045906 
975 111 0.00853020045906 
975 111 0.00853020045906 
975 111 0.00853020045906 
975 111 0.00853020045906 
975 111 0.00853020045906 
975 111 0.00853020045906 
975 111 0.00853020045906 
975 111 0.00853020045906 
975 111 0.00853020045906 
975 160 0.0 
975 196 0.0 
975 217 0.0 
975 354 0.0 
975 354 0.0 
975 354 0.0 
976 44 0.0 
977 128 0.0 
977 128 0.0 
978 350 0.0 
979 128 0.0 
979 254 0.0 
979 254 0.0 
979 254 0.0 
980 113 0.0 
980 113 0.0 
980 113 0.0 
980 113 0.0 
980 113 0.0 
980 113 0.0 
980 231 0.0 
980 231 0.0 
980 231 0.0 
980 231 0.0 
980 331 0.0 
981 16 0.0 
981 17 0.0 
981 19 0.0 
981 132 0.0 
981 135 0.0 
981 138 0.0 
981 142 0.0 
981 143 0.0 
981 144 0.0 
981 146 0.0 
981 151 0.0 
981 156 0.0 
981 167 0.0 
981 192 0.0 
981 196 0.0 
981 207 0.0 
981 212 0.0 
982 217 0.0 
982 284 0.0 
982 298 0.0 
982 306 0.0 
982 340 0.0 
982 340 0.0 
982 355 0.0 
983 7 0.0 
984 16 0.0 
984 17 0.0 
984 19 0.0 
984 132 0.0 
984 135 0.0 
984 138 0.0 
984 142 0.0 
984 143 0.0 
984 144 0.0 
984 146 0.0 
984 151 0.0 
984 156 0.0 
984 167 0.0 
984 192 0.0 
984 196 0.0 
984 207 0.0 
984 212 0.0 
985 105 0.0 
986 199 0.0 
987 28 0.0 
987 124 0.0 
987 189 0.0 
987 231 0.0 
988 299 0.0 
989 311 0.0 
990 246 0.0 
991 306 0.0 
991 331 0.0 
992 275 0.0 
993 352 0.0 
994 336 0.0 
995 332 0.0 
996 306 0.0 
997 223 0.0 
997 226 0.0 
997 327 0.0 
998 113 0.0 
998 228 0.0 
998 299 0.0 
999 248 0.0 
1000 355 0.0 
1001 279 0.0 
1002 128 0.0 
1002 128 0.0 
1002 173 0.0 
1002 173 0.0 
1002 181 0.0 
1003 308 0.0 
1004 351 0.0 
1005 283 0.0 
1005 291 0.0 
1005 321 0.0 
1005 334 0.0 
1006 273 0.0 
1006 282 0.0 
1006 285 0.0 
1006 305 0.0 
1006 311 0.0 
1006 337 0.0 
1007 335 0.0 
1007 340 0.0 
1008 310 0.0 
1008 312 0.0 
1008 342 0.0 
1009 293 0.0 
1009 299 0.0 
1009 304 0.0 
1009 309 0.0 
1009 313 0.0 
1009 322 0.0 
1009 339 0.0 
1010 289 0.0 
1010 338 0.0 
1010 350 0.0 
1011 350 0.0 
1011 350 0.0 
1011 350 0.0 
1011 350 0.0 
1012 350 0.0 
1013 213 0.0 
1014 44 0.0 
1014 259 0.0 
1014 259 0.0 
1014 265 0.0 
1014 265 0.0 
1014 321 0.0 
1015 113 0.0 
1015 113 0.0 
1015 113 0.0 
1015 113 0.0 
1015 173 0.0 
1015 181 0.0 
1015 299 0.0 
1015 306 0.0 
1015 350 0.0 
1015 350 0.0 
1016 38 0.0 
1016 38 0.0 
1016 38 0.0 
1016 38 0.0 
1016 38 0.0 
1016 38 0.0 
1016 38 0.0 
1016 38 0.0 
1016 38 0.0 
1016 38 0.0 
1017 16 0.0 
1018 14 0.00837753992528 
1018 104 0.0051497942768 
1018 106 0.00573379872367 
1018 107 0.00484039308503 
1018 108 0.00367733021267 
1018 109 0.00612167315558 
1018 111 0.00853020045906 
1018 112 0.000252838770393 
1018 113 0.0301647670567 
1018 114 0.0106764035299 
1018 116 0.0104222027585 
1018 119 0.0231263209134 
1018 120 0.00264805206098 
1018 121 0.0277515854686 
1018 122 0.0231263209134 
1018 123 0.000307037087623 
1018 125 0.0216809269041 
1018 126 0.0216809269041 
1018 127 0.000317960424582 
1018 128 0.0236519183964 
1018 129 0.0204055774957 
1018 130 0.020207464695 
1018 131 0.00809871219099 
1018 134 0.00800526514649 
1018 140 0.0175093002617 
1018 145 0.00809871219099 
1018 147 0.018751071766 
1018 148 0.0179428346455 
1018 149 0.0242019649595 
1018 150 0.0080361738801 
1018 158 0.0216809269041 
1018 159 0.00386153790168 
1018 162 0.00551763689145 
1018 165 0.0022284463048 
1018 168 0.0107287056744 
1018 174 0.0136932171881 
1018 175 0.00426510022953 
1018 177 0.0108972201124 
1018 187 0.00656583253294 
1018 193 0.0145910847932 
1018 195 0.0060681309551 
1018 211 0.00224862620234 
1018 211 0.00356398802251 
1018 239 0.020844405517 
1018 277 0.0107287056744 
1018 301 0.00441904226318 
1018 349 0.00025013287086 
1019 113 0.0 
1019 299 0.0 
1019 299 0.0 
1019 299 0.0 
1019 299 0.0 
1020 221 0.0 
1021 245 0.0 
1022 34 0.0 
1022 34 0.0 
1022 34 0.0 
1022 305 0.0 
1023 247 0.0 
1023 249 0.0 
1024 328 0.0 
1025 222 0.0 
1025 232 0.0 
1026 350 0.0 
1027 97 0.0 
1028 192 0.0 
1028 307 0.0 
1029 113 0.0 
1029 113 0.0 
1029 113 0.0 
1029 113 0.0 
1029 113 0.0 
1029 113 0.0 
1029 113 0.0 
1030 5 0.0 
1030 5 0.0 
1030 8 0.0 
1030 128 0.0 
1030 128 0.0 
1030 128 0.0 
1030 128 0.0 
1030 128 0.0 
1030 128 0.0 
1030 281 0.0 
1030 292 0.0 
1030 299 0.0 
1030 340 0.0 
1030 340 0.0 
1031 14 0.0 
1031 14 0.00528563931584 
1031 14 0.0 
1031 93 0.011519276537 
1032 154 0.0 
1032 154 0.0 
1033 16 0.0 
1033 250 0.0 
1034 166 0.0 
1035 355 0.0 
1036 124 0.0 
1037 350 0.0 
1038 340 0.0 
1038 354 0.0 
1039 282 0.0 
1039 331 0.0 
1039 331 0.0 
1039 338 0.0 
1040 124 0.0 
1040 124 0.0 
1040 299 0.0 
1040 299 0.0 
1040 299 0.0 
1041 1 0.0193117279559 
1041 61 0.187599658966 
1041 91 0.0257489737123 
1041 110 0.00178352091461 
1041 253 0.0 
1041 253 0.0 
1041 253 0.0 
1041 271 0.0 
1041 271 0.0 
1041 271 0.00609217211604 
1042 3 0.0 
1042 28 0.0 
1042 48 0.0 
1042 83 0.0 
1042 113 0.0 
1042 121 0.0 
1042 279 0.0 
1043 113 0.0 
1044 299 0.0 
1045 113 0.0 
1046 38 0.0 
1046 43 0.0 
1046 75 0.0 
1046 75 0.0 
1046 75 0.0 
1046 133 0.0 
1046 136 0.0 
1047 105 0.0 
1048 8 0.0 
1048 103 0.0 
1048 113 0.0 
1048 217 0.0 
1048 217 0.0 
1048 290 0.0 
1049 18 0.0 
1049 139 0.0 
1049 152 0.0 
1049 153 0.0 
1049 154 0.0 
1049 155 0.0 
1049 157 0.0 
1049 160 0.0 
1049 161 0.0 
1049 164 0.0 
1049 166 0.0 
1049 169 0.0 
1049 170 0.0 
1049 171 0.0 
1049 172 0.0 
1049 173 0.0 
1049 176 0.0 
1049 178 0.0 
1049 179 0.0 
1049 180 0.0 
1049 181 0.0 
1049 182 0.0 
1049 183 0.0 
1049 184 0.0 
1049 188 0.0 
1049 189 0.0 
1049 190 0.0 
1049 198 0.0 
1049 199 0.0 
1049 200 0.0 
1049 201 0.0 
1049 203 0.0 
1049 204 0.0 
1049 213 0.0 
1049 216 0.0 
1049 217 0.0 
1049 227 0.0 
1049 235 0.0 
1049 236 0.0 
1049 252 0.0 
1049 262 0.0 
1049 267 0.0 
1049 274 0.0 
1049 278 0.0 
1049 286 0.0 
1049 295 0.0 
1049 297 0.0 
1049 300 0.0 
1049 302 0.0 
1049 326 0.0 
1049 346 0.0 
1049 348 0.0 
1050 139 0.0 
1050 173 0.0 
1051 350 0.0 
1052 5 0.0 
1052 8 0.0 
1052 8 0.0 
1052 10 0.0 
1052 20 0.0 
1052 28 0.0 
1052 38 0.0 
1052 48 0.0 
1052 85 0.0 
1052 91 0.0 
1052 93 0.0 
1052 109 0.0 
1052 109 0.0 
1052 110 0.0 
1052 110 0.0 
1052 110 0.0 
1052 110 0.00178352091461 
1052 110 0.0 
1052 110 0.0 
1052 110 0.00178352091461 
1052 110 0.0 
1052 110 0.00178352091461 
1052 110 0.0 
1052 111 0.0 
1052 111 0.0 
1052 111 0.0 
1052 117 0.0 
1052 118 0.0 
1052 121 0.0 
1052 124 0.0 
1052 124 0.0 
1052 166 0.0 
1052 166 0.0 
1052 175 0.0 
1052 175 0.0 
1052 176 0.0 
1052 180 0.0 
1052 208 0.0 
1052 213 0.0 
1052 239 0.0 
1052 254 0.0 
1052 254 0.0 
1052 265 0.0 
1052 275 0.0 
1052 277 0.0 
1052 329 0.0 
1053 30 0.0 
1053 113 0.0 
1054 113 0.0 
1055 3 0.0 
1055 5 0.0 
1055 28 0.0 
1055 111 0.0 
1055 113 0.0 
1055 113 0.0 
1055 113 0.0 
1055 128 0.0 
1055 223 0.00739763816819 
1055 223 0.0117249786854 
1055 226 0.00491834292188 
1055 226 0.00779538881034 
1055 232 0.00746428314596 
1055 232 0.0118306083605 
1055 249 0.00739763816819 
1055 249 0.0117249786854 
1055 250 0.00173703383189 
1055 250 0.00173703383189 
1055 250 0.0027531334199 
1055 307 0.0 
1055 307 0.0 
1055 307 0.0 
1055 308 0.0 
1055 308 0.0 
1055 340 0.0 
1055 340 0.0 
1055 340 0.0 
1055 340 0.0 
1055 340 0.0 
1055 340 0.0 
1055 340 0.0 
1055 340 0.0 
1055 340 0.0 
1055 340 0.0 
1055 340 0.0 
1055 340 0.0 
1055 340 0.0 
1055 340 0.0 
1055 340 0.0 
1055 340 0.0 
1055 340 0.0 
1055 340 0.0 
1055 340 0.0 
1055 350 0.0 
1055 352 0.0 
1055 354 0.0 
1056 299 0.0 
1056 355 0.0 
1057 18 0.0 
1057 139 0.0 
1058 48 0.0 
1059 70 0.0 
1060 113 0.0 
1060 113 0.0 
1060 113 0.0 
1061 350 0.0 
1062 105 0.0 
1062 105 0.0 
1063 299 0.0 
1064 128 0.0 
1064 279 0.0 
1064 279 0.0 
1064 291 0.0 
1064 291 0.0 
1064 307 0.0 
1064 307 0.0 
1064 308 0.0 
1064 308 0.0 
1064 308 0.0 
1064 310 0.0 
1064 312 0.0 
1064 312 0.0 
1064 331 0.0 
1064 331 0.0 
1064 331 0.0 
1064 332 0.0 
1064 332 0.0 
1064 332 0.0 
1064 332 0.0 
1064 332 0.0 
1064 336 0.0 
1064 336 0.0 
1064 336 0.0 
1064 336 0.0 
1064 336 0.0 
1064 336 0.0 
1064 336 0.00098517886363 
1064 338 0.0 
1064 339 0.0 
1064 340 0.0 
1064 340 0.0 
1064 340 0.0 
1064 340 0.0 
1064 340 0.0 
1064 352 0.0 
1065 70 0.0 
1066 19 0.0 
1067 28 0.0 
1068 279 0.0 
1069 70 0.0 
1070 173 0.0 
1070 176 0.0 
1070 176 0.0 
1071 54 0.0 
1071 54 0.0 
1072 311 0.0 
1073 54 0.0 
1073 155 0.00773743074387 
1073 299 0.0 
1074 311 0.0 
1074 331 0.0 
1075 199 0.0 
1075 199 0.0 
1075 199 0.0 
1076 16 0.0 
1076 16 0.0 
1076 16 0.0 
1076 16 0.0 
1076 16 0.0 
1076 17 0.0 
1076 17 0.0 
1076 17 0.0 
1076 17 0.0 
1076 17 0.0 
1076 19 0.0 
1076 19 0.0 
1076 19 0.0 
1076 19 0.0 
1076 19 0.0 
1076 132 0.0 
1076 132 0.0 
1076 132 0.0 
1076 132 0.0 
1076 132 0.0 
1076 135 0.0 
1076 135 0.0 
1076 135 0.0 
1076 135 0.0 
1076 135 0.0 
1076 138 0.0 
1076 138 0.0 
1076 138 0.0 
1076 138 0.0 
1076 138 0.0 
1076 142 0.0 
1076 142 0.0 
1076 142 0.0 
1076 142 0.0 
1076 142 0.0 
1076 143 0.0 
1076 143 0.0 
1076 143 0.0 
1076 143 0.0 
1076 143 0.0 
1076 144 0.0 
1076 144 0.0 
1076 144 0.0 
1076 144 0.0 
1076 144 0.0 
1076 146 0.0 
1076 146 0.0 
1076 146 0.0 
1076 146 0.0 
1076 146 0.0 
1076 151 0.0 
1076 151 0.0 
1076 151 0.0 
1076 151 0.0 
1076 151 0.0 
1076 156 0.0 
1076 156 0.0 
1076 156 0.0 
1076 156 0.0 
1076 156 0.0 
1076 167 0.0 
1076 167 0.0 
1076 167 0.0 
1076 167 0.0 
1076 167 0.0 
1076 192 0.0 
1076 192 0.0 
1076 192 0.0 
1076 192 0.0 
1076 192 0.0 
1076 196 0.0 
1076 196 0.0 
1076 196 0.0 
1076 196 0.0 
1076 196 0.0 
1076 207 0.0 
1076 207 0.0 
1076 207 0.0 
1076 207 0.0 
1076 207 0.0 
1076 212 0.0 
1076 212 0.0 
1076 212 0.0 
1076 212 0.0 
1076 212 0.0 
1077 299 0.0 
1077 299 0.0 
1078 354 0.0 
1079 124 0.0 
1079 124 0.0 
1079 124 0.0 
1079 124 0.0 
1079 124 0.0 
1079 124 0.0 
1079 124 0.0 
1079 124 0.0 
1079 124 0.0 
1079 124 0.0 
1079 124 0.0 
1079 128 0.0 
1079 290 0.0 
1079 335 0.0 
1079 338 0.0 
1079 338 0.0 
1079 338 0.0 
1079 350 0.0 
1080 1 0.0193117279559 
1080 61 0.187599658966 
1080 83 0.0 
1081 3 0.0 
1081 4 0.0 
1081 5 0.0 
1081 7 0.0 
1081 7 0.0 
1081 28 0.0 
1081 28 0.0 
1081 28 0.0 
1081 32 0.0 
1081 54 0.0 
1081 75 0.0 
1081 75 0.0 
1081 75 0.0 
1081 75 0.0 
1081 75 0.0 
1081 75 0.0 
1081 83 0.0 
1081 83 0.0 
1081 83 0.0 
1081 121 0.0 
1081 283 0.0 
1081 351 0.0 
1081 352 0.0 
1082 113 0.0 
1082 113 0.0 
1083 105 0.0 
1084 270 0.0 
1085 217 0.0 
1086 166 0.0 
1087 77 0.0 
1088 28 0.0 
1088 44 0.0 
1088 124 0.0 
1088 124 0.0 
1088 124 0.0 
1088 124 0.0 
1088 340 0.0 
1088 354 0.0 
1089 354 0.0 
1090 113 0.0 
1090 342 0.0 
1091 219 0.0 
1092 299 0.0 
1092 299 0.0 
1092 299 0.0 
1092 299 0.0 
1092 299 0.0 
1092 299 0.0 
1092 299 0.0 
1092 299 0.0 
1092 299 0.0 
1092 299 0.0 
1092 299 0.0 
1093 124 0.0 
1093 124 0.0 
1094 113 0.0 
1094 113 0.0 
1094 113 0.0 
1094 113 0.0 
1094 113 0.0 
1095 54 0.0 
1095 54 0.0 
1096 97 0.0 
1096 97 0.0 
1096 344 0.0 
1096 344 0.0 
1097 54 0.0 
1097 113 0.0 
1097 124 0.0 
1097 124 0.0 
1097 124 0.0 
1097 128 0.0 
1097 128 0.0 
1097 128 0.0 
1097 128 0.0 
1097 128 0.0 
1097 128 0.0 
1097 128 0.0 
1097 128 0.0 
1097 128 0.0 
1097 128 0.0 
1097 128 0.0 
1097 128 0.0 
1097 128 0.0 
1097 128 0.0 
1097 332 0.0 
1097 334 0.0 
1097 334 0.0 
1097 334 0.0 
1097 334 0.0 
1097 335 0.0 
1097 335 0.0 
1097 336 0.0 
1097 337 0.0 
1097 337 0.0 
1097 338 0.0 
1097 338 0.0 
1097 340 0.0 
1097 340 0.0 
1098 299 0.0 
1098 299 0.0 
1099 14 0.0 
1099 350 0.0 
1099 350 0.0 
1100 3 0.0 
1100 24 0.0 
1100 70 0.0 
1100 75 0.0 
1100 75 0.0 
1100 75 0.0 
1100 75 0.0 
1100 89 0.0 
1100 110 0.00178352091461 
1100 253 0.0 
1100 254 0.0 
1100 254 0.0 
1100 254 0.0 
1100 256 0.0 
1100 291 0.0 
1100 293 0.0 
1100 312 0.0 
1100 312 0.0 
1100 351 0.0 
1101 334 0.0 
1101 338 0.0 
1102 199 0.0 
1103 75 0.0 
1103 251 0.0 
1103 251 0.0 
1103 254 0.0 
1103 284 0.0 
1103 321 0.0 
1104 4 0.0 
1105 113 0.0 
1105 113 0.0 
1105 113 0.0 
1105 113 0.0 
1105 113 0.0 
1105 113 0.0 
1105 113 0.0 
1105 113 0.0 
1105 113 0.0 
1105 124 0.0 
1105 124 0.0 
1105 173 0.0 
1105 181 0.0 
1105 283 0.0 
1105 291 0.0 
1105 299 0.0 
1105 299 0.0 
1105 299 0.0 
1105 350 0.0 
1106 16 0.0 
1106 17 0.0 
1106 19 0.0 
1106 132 0.0 
1106 135 0.0 
1106 138 0.0 
1106 142 0.0 
1106 143 0.0 
1106 144 0.0 
1106 146 0.0 
1106 151 0.0 
1106 156 0.0 
1106 167 0.0 
1106 192 0.0 
1106 196 0.0 
1106 207 0.0 
1106 212 0.0 
1107 340 0.0 
1108 199 0.0 
1109 354 0.0 
1110 8 0.0 
1110 8 0.0 
1110 8 0.0 
1110 113 0.0 
1111 299 0.0 
1111 354 0.0 
1112 285 0.0 
1112 305 0.0 
1113 18 0.0 
1113 189 0.0 
1113 204 0.0 
1114 41 0.0 
1115 253 0.0 
1116 299 0.0 
1117 124 0.0 
1118 293 0.0 
1119 4 0.0 
1119 5 0.0 
1119 7 0.0 
1119 8 0.0 
1119 164 0.0 
1120 48 0.0 
1120 113 0.0 
1120 124 0.0 
1120 228 0.0 
1120 308 0.0 
1120 340 0.0 
1121 48 0.0 
1122 91 0.0257489737123 
1122 306 0.0 
1123 124 0.0 
1123 350 0.0 
1124 34 0.0 
1125 350 0.0 
1126 1 0.0193117279559 
1126 9 0.00448190327734 
1126 10 0.00220335158519 
1126 10 0.00220335158519 
1126 11 0.0 
1126 61 0.187599658966 
1126 80 0.656598806381 
1126 85 0.0051097185351 
1126 85 0.0051097185351 
1126 86 0.0625332221389 
1126 86 0.0625332221389 
1126 228 0.0 
1126 271 0.0 
1126 276 0.0 
1126 276 0.0 
1126 280 0.0 
1126 280 0.0 
1126 312 0.0 
1126 313 0.0 
1126 329 0.0 
1127 3 0.0 
1127 3 0.0 
1127 7 0.0 
1127 28 0.0 
1127 28 0.0 
1127 32 0.0 
1127 83 0.0 
1127 121 0.0 
1127 340 0.0 
1127 340 0.0 
1127 340 0.0 
1127 340 0.0 
1127 340 0.0 
1127 340 0.0 
1127 340 0.0 
1127 350 0.0 
1127 354 0.0 
1127 354 0.0 
1127 354 0.0 
1127 354 0.0 
1127 354 0.0 
1127 354 0.0 
1127 354 0.0 
1128 199 0.0 
1129 113 0.0 
1130 350 0.0 
1131 128 0.0 
1131 128 0.0 
1131 306 0.0 
1131 308 0.0 
1131 340 0.0 
1131 340 0.0 
1131 340 0.0 
1131 340 0.0 
1132 19 0.0 
1133 44 0.0 
1133 124 0.0 
1133 124 0.0 
1133 128 0.0 
1134 113 0.0 
1134 113 0.0 
1135 124 0.0 
1135 124 0.0 
1135 124 0.0 
1135 281 0.0 
1135 287 0.0 
1135 350 0.0 
1136 7 0.0 
1137 113 0.0 
1137 350 0.0 
1137 350 0.0 
1138 103 0.0 
1138 110 0.00178352091461 
1138 110 0.00178352091461 
1138 110 0.00178352091461 
1138 244 0.0 
1139 299 0.0 
1140 185 0.0 
1141 299 0.0 
1142 299 0.0 
1143 332 0.0 
1144 124 0.0 
1145 25 0.0 
1145 330 0.0 
1145 333 0.0 
1145 341 0.0 
1145 343 0.0 
1145 345 0.0 
1145 353 0.0 
1145 354 0.0 
1145 355 0.0 
1145 356 -0.0 
1146 128 0.0 
1147 8 0.0 
1147 8 0.0 
1147 13 0.0 
1147 16 0.0 
1147 17 0.0 
1147 19 0.0 
1147 44 0.0 
1147 48 0.0 
1147 109 0.0 
1147 113 0.0 
1147 113 0.0 
1147 113 0.0 
1147 113 0.0 
1147 113 0.0 
1147 113 0.0 
1147 113 0.0 
1147 113 0.0 
1147 113 0.0 
1147 113 0.0 
1147 113 0.0 
1147 113 0.0 
1147 113 0.0 
1147 113 0.0 
1147 113 0.0 
1147 113 0.0 
1147 113 0.0 
1147 113 0.0 
1147 113 0.0 
1147 113 0.0 
1147 113 0.0 
1147 113 0.0 
1147 113 0.0 
1147 113 0.0 
1147 113 0.0 
1147 113 0.0 
1147 113 0.0 
1147 113 0.0 
1147 113 0.0 
1147 113 0.0 
1147 113 0.0 
1147 113 0.0 
1147 113 0.0 
1147 113 0.0 
1147 192 0.0 
1147 196 0.0 
1147 207 0.0 
1147 212 0.0 
1147 212 0.0 
1147 221 0.0 
1147 243 0.0 
1147 299 0.0 
1147 299 0.0 
1147 299 0.0 
1147 309 0.0 
1147 350 0.0 
1147 354 0.0 
1147 354 0.0 
1148 308 0.0 
1149 3 0.0 
1150 8 0.0 
1150 8 0.0 
1150 25 0.0 
1150 44 0.0 
1150 107 0.0 
1150 108 0.0 
1150 108 0.0 
1150 128 0.0 
1150 128 0.0 
1150 128 0.0 
1150 219 0.0118306083605 
1150 219 0.00746428314596 
1150 219 0.00746428314596 
1150 219 0.0 
1150 307 0.0 
1150 310 0.0 
1150 310 0.0 
1150 313 0.0 
1150 313 0.0 
1150 332 0.0 
1150 336 0.0 
1150 337 0.0 
1150 337 0.0 
1150 338 0.0 
1150 338 0.0 
1150 338 0.0 
1150 338 0.0 
1150 338 0.0 
1150 338 0.0 
1150 338 0.0 
1150 341 0.0 
1150 355 0.0 
1151 177 0.0 
1152 97 0.0 
1152 97 0.0 
1152 344 0.0 
1152 344 0.0 
1153 195 0.0 
1154 119 0.0 
1154 148 0.0 
1154 148 0.0 
1154 148 0.0 
1154 148 0.0 
1154 148 0.0 
1154 148 0.0 
1154 174 0.0 
1154 195 0.0 
1154 195 0.0 
1155 3 0.0 
1155 4 0.0 
1155 4 0.0 
1155 5 0.0 
1155 7 0.0 
1155 7 0.0 
1155 70 0.0 
1155 113 0.0 
1155 113 0.0 
1155 113 0.0 
1155 113 0.0 
1155 124 0.0 
1155 124 0.0 
1155 128 0.0 
1155 128 0.0 
1155 128 0.0 
1155 290 0.0 
1155 299 0.0 
1155 338 0.0 
1155 350 0.0 
1156 1 0.0193117279559 
1156 61 0.187599658966 
1156 308 0.0 
1156 313 0.0 
1156 317 0.00591811025515 
1157 308 0.0 
1158 183 0.0 
1159 4 0.0 
1159 4 0.0 
1159 4 0.0 
1159 5 0.0 
1159 7 0.0 
1159 7 0.0 
1159 7 0.0 
1159 16 0.0 
1159 17 0.0 
1159 19 0.0 
1159 124 0.0 
1159 132 0.0 
1159 135 0.0 
1159 138 0.0 
1159 142 0.0 
1159 143 0.0 
1159 144 0.0 
1159 146 0.0 
1159 151 0.0 
1159 156 0.0 
1159 167 0.0 
1159 183 0.010840463452 
1159 192 0.0 
1159 196 0.0 
1159 207 0.0 
1159 212 0.0 
1160 113 0.0 
1161 54 0.0 
1162 54 0.0 
1163 199 0.0 
1164 199 0.0 
1165 93 0.011519276537 
1165 93 0.011519276537 
1166 163 0.0 
1166 163 0.0 
1167 24 0.0 
1167 256 0.0 
1168 173 0.0 
1169 70 0.0 
1170 91 0.0257489737123 
1171 350 0.0 
1172 19 0.0 
1173 155 0.0 
1174 312 0.0 
1174 334 0.0 
1174 334 0.0 
1174 334 0.0 
1175 3 0.0 
1175 7 0.0 
1175 8 0.0 
1175 28 0.0 
1175 28 0.0 
1175 113 0.0 
1175 113 0.0 
1175 113 0.0 
1175 113 0.0 
1175 113 0.0 
1175 113 0.0 
1175 113 0.0 
1175 113 0.0 
1175 113 0.0 
1175 113 0.0 
1175 113 0.0 
1175 113 0.0 
1175 173 0.0 
1175 173 0.0 
1175 173 0.0 
1175 173 0.0 
1175 283 0.0 
1175 287 0.0 
1175 287 0.0 
1175 298 0.0 
1175 299 0.0 
1175 299 0.0 
1175 305 0.0 
1175 305 0.0 
1175 306 0.0 
1175 307 0.0 
1175 321 0.0 
1175 340 0.0 
1175 340 0.0 
1175 340 0.0 
1175 350 0.0 
1175 350 0.0 
1176 8 0.0 
1177 350 0.0 
1178 21 0.0 
1178 21 0.0 
1178 21 0.0 
1178 21 0.0 
1178 21 0.0 
1178 95 0.0 
1178 95 0.0 
1178 95 0.0 
1178 95 0.0 
1178 95 0.0 
1179 306 0.0 
1180 163 0.0 
1180 219 0.0 
1181 352 0.0 
1182 189 0.0 
1183 38 0.0 
1183 38 0.0 
1183 97 0.0 
1184 113 0.0 
1184 113 0.0 
1184 217 0.0 
1184 292 0.0 
1184 340 0.0 
1185 299 0.0 
1186 111 0.0 
1187 1 0.0193117279559 
1187 5 0.0 
1187 7 0.0 
1187 10 0.00220335158519 
1187 28 0.0 
1187 28 0.0 
1187 28 0.0 
1187 28 0.0 
1187 28 0.0 
1187 28 0.0 
1187 61 0.187599658966 
1187 85 0.0051097185351 
1187 86 0.0625332221389 
1187 91 0.0257489737123 
1187 103 0.0 
1187 113 0.0 
1187 113 0.0 
1187 128 0.0 
1187 128 0.0 
1187 128 0.0 
1187 128 0.0 
1187 128 0.0 
1187 128 0.0 
1187 128 0.0 
1187 128 0.0 
1187 128 0.0 
1187 128 0.0 
1187 128 0.0 
1187 128 0.0 
1187 128 0.0 
1187 128 0.0 
1187 217 0.0 
1187 217 0.0 
1187 217 0.0 
1187 217 0.0 
1187 221 0.0 
1187 240 0.0110471388325 
1187 240 0.0 
1187 240 0.0110471388325 
1187 246 0.00746428314596 
1187 246 0.00746428314596 
1187 246 0.0118306083605 
1187 279 0.0 
1187 279 0.00473448820412 
1187 279 0.0 
1187 279 0.0 
1187 279 0.0 
1187 285 0.00659898295999 
1187 285 0.0 
1187 285 0.0 
1187 285 0.00659898295999 
1187 287 0.0 
1187 289 0.0 
1187 289 0.0019179059891 
1187 289 0.0 
1187 289 0.0019179059891 
1187 293 0.0 
1187 293 0.00254933978431 
1187 293 0.0 
1187 299 0.0 
1187 305 0.0 
1187 307 0.0 
1187 307 0.0 
1187 307 0.0 
1187 307 0.0 
1187 307 0.0 
1187 307 0.0 
1187 308 0.0 
1187 308 0.0 
1187 308 0.0 
1187 309 0.00182899646461 
1187 309 0.0 
1187 309 0.00182899646461 
1187 309 0.0 
1187 309 0.0 
1187 309 0.0 
1187 311 0.0 
1187 311 0.0 
1187 311 0.00146643444896 
1187 311 0.0 
1187 311 0.0 
1187 311 0.00146643444896 
1187 311 0.0 
1187 312 0.0 
1187 312 0.0 
1187 332 0.0 
1187 332 0.0 
1187 332 0.00439196499065 
1187 332 0.0 
1187 332 0.0 
1187 332 0.00439196499065 
1187 334 0.0 
1187 334 0.0 
1187 334 0.0 
1187 340 0.0 
1187 340 0.0 
1187 340 0.0 
1187 340 0.0 
1187 350 0.0 
1187 350 0.0 
1187 350 0.0 
1187 352 0.0 
1187 352 0.0 
1187 352 0.0 
1187 352 0.0 
1187 352 0.0 
1187 352 0.0 
1188 338 0.0 
1189 113 0.0 
1189 350 0.0 
1189 350 0.0 
1189 350 0.0 
1189 350 0.0 
1189 350 0.0 
1189 350 0.0 
1189 350 0.0 
1189 350 0.0 
1189 350 0.0 
1189 350 0.0 
1189 350 0.0 
1189 350 0.0 
1189 350 0.0 
1190 251 0.0 
1190 251 0.0 
1190 253 0.0 
1191 4 0.0 
1191 5 0.0 
1191 5 0.0 
1191 5 0.0 
1191 103 0.0 
1191 103 0.0 
1191 103 0.0 
1191 103 0.0 
1191 103 0.0 
1191 103 0.0179890096188 
1191 103 0.0 
1191 103 0.0 
1191 103 0.02851190418 
1191 103 0.0 
1191 103 0.02851190418 
1191 103 0.02851190418 
1191 124 0.0 
1191 299 0.0 
1191 299 0.0 
1192 15 0.0 
1193 155 0.0 
1194 331 0.0 
1195 113 0.0 
1196 16 0.0 
1196 28 0.0 
1196 113 0.0 
1196 113 0.0 
1196 113 0.0 
1196 113 0.0 
1196 113 0.0 
1196 113 0.0 
1196 350 0.0 
1197 34 0.0 
1197 336 0.0 
1198 44 0.0 
1199 113 0.0 
1200 350 0.0 
1201 308 0.0 
1201 340 0.0 
1201 340 0.0 
1201 340 0.0 
1201 340 0.0 
1201 340 0.0 
1201 340 0.0 
1201 340 0.0 
1201 340 0.0 
1201 340 0.0 
1201 340 0.0 
1201 340 0.0 
1201 351 0.0 
1201 352 0.0 
1202 1 0.0 
1202 1 0.0 
1202 1 0.0 
1202 1 0.0 
1202 10 0.0 
1202 10 0.0 
1202 10 0.0 
1202 20 0.0 
1202 20 0.0 
1202 61 0.0 
1202 61 0.0 
1202 61 0.0 
1202 61 0.0 
1202 85 0.0 
1202 85 0.0 
1202 85 0.0 
1202 208 0.0 
1202 208 0.0 
1202 241 0.0162457935512 
1202 241 0.0162457935512 
1202 241 0.0 
1203 1 0.0193117279559 
1203 61 0.187599658966 
1203 332 0.0 
1203 352 0.00366814946756 
1203 352 0.0 
1203 352 0.00366814946756 
1204 8 0.0 
1204 113 0.0 
1204 113 0.0 
1204 113 0.0 
1204 113 0.0 
1204 113 0.0301647670567 
1204 113 0.0 
1204 113 0.0 
1204 113 0.0 
1204 113 0.0 
1204 228 0.0 
1204 284 0.0 
1204 291 0.0 
1204 340 0.0 
1204 340 0.0 
1204 340 0.0 
1204 340 0.0 
1205 93 0.011519276537 
1206 190 0.0147550292313 
1206 190 0.0147550292313 
1207 103 0.0 
1207 254 0.0 
1208 12 0.0 
1208 21 0.0 
1208 22 0.0 
1208 44 0.0 
1208 44 0.0 
1208 95 0.0 
1208 96 0.0 
1208 98 0.0 
1208 100 0.0 
1208 102 0.0 
1208 115 0.0 
1208 117 0.0 
1208 118 0.0 
1208 133 0.0 
1208 136 0.0 
1208 163 0.0 
1208 191 0.0 
1208 194 0.0 
1208 197 0.0 
1208 202 0.0 
1208 205 0.0 
1208 206 0.0 
1208 209 0.0 
1208 210 0.0 
1208 218 0.0 
1208 219 0.0 
1208 220 0.0 
1208 221 0.0 
1208 222 0.0 
1208 223 0.0 
1208 224 0.0 
1208 225 0.0 
1208 226 0.0 
1208 232 0.0 
1208 233 0.0 
1208 245 0.0 
1208 246 0.0 
1208 247 0.0 
1208 248 0.0 
1208 249 0.0 
1208 250 0.0 
1208 294 0.0 
1208 302 0.0 
1209 340 0.0 
1210 44 0.0 
1211 350 0.0 
1212 340 0.0 
1213 354 0.0 
1214 77 0.0 
1215 7 0.0 
1215 7 0.0 
1215 28 0.0 
1215 113 0.0 
1215 113 0.0 
1215 113 0.0 
1215 113 0.0 
1215 166 0.0 
1215 173 0.0 
1215 279 0.0 
1215 281 0.0 
1215 306 0.0 
1216 335 0.0 
1216 338 0.0 
1216 338 0.0 
1217 25 0.0 
1217 28 0.0 
1217 330 0.0 
1217 333 0.0 
1217 341 0.0 
1217 343 0.0 
1217 345 0.0 
1217 353 0.0 
1217 354 0.0 
1217 355 0.0 
1217 356 -0.0 
1218 350 0.0 
1219 279 0.0 
1220 22 0.0 
1220 22 0.0 
1220 38 0.0 
1220 38 0.0 
1221 8 0.0 
1221 8 0.0 
1221 12 0.0 
1221 12 0.00717713404447 
1221 12 0.00452826777473 
1221 12 0.00452826777473 
1221 14 0.0 
1221 14 0.0 
1221 14 0.0 
1221 16 0.0046983496286 
1221 17 0.00502746133134 
1221 19 0.00426362873986 
1221 30 0.0 
1221 57 0.0 
1221 57 0.0202081818134 
1221 57 0.0 
1221 73 0.0 
1221 74 0.0 
1221 103 0.02851190418 
1221 103 0.0 
1221 103 0.0 
1221 103 0.0 
1221 104 0.00324915838428 
1221 107 0.00484039308503 
1221 108 0.00367733021267 
1221 108 0.0 
1221 109 0.0 
1221 111 0.0 
1221 111 0.0 
1221 111 0.0 
1221 111 0.0 
1221 111 0.0 
1221 111 0.0 
1221 111 0.0 
1221 111 0.0 
1221 111 0.0 
1221 112 0.0 
1221 112 0.0 
1221 112 0.0 
1221 113 0.0 
1221 113 0.0 
1221 113 0.0 
1221 113 0.0 
1221 113 0.0 
1221 113 0.0 
1221 113 0.0 
1221 113 0.0 
1221 113 0.0 
1221 113 0.0 
1221 113 0.0 
1221 113 0.0 
1221 113 0.0 
1221 113 0.0 
1221 113 0.0 
1221 113 0.0 
1221 124 0.0 
1221 128 0.0 
1221 128 0.0 
1221 128 0.0 
1221 128 0.0 
1221 128 0.0 
1221 128 0.0 
1221 128 0.0 
1221 128 0.0 
1221 128 0.0 
1221 128 0.0 
1221 128 0.0 
1221 128 0.0 
1221 128 0.014922699891 
1221 128 0.0 
1221 128 0.0 
1221 128 0.0 
1221 128 0.0 
1221 128 0.0 
1221 128 0.0 
1221 128 0.0 
1221 128 0.0 
1221 128 0.0 
1221 128 0.0 
1221 128 0.0 
1221 128 0.0 
1221 128 0.0 
1221 128 0.0 
1221 128 0.0 
1221 128 0.0 
1221 128 0.0 
1221 128 0.0 
1221 128 0.0 
1221 128 0.0236519183964 
1221 128 0.0236519183964 
1221 128 0.0 
1221 128 0.0 
1221 128 0.0236519183964 
1221 128 0.0 
1221 128 0.0 
1221 128 0.0 
1221 128 0.0 
1221 128 0.0 
1221 132 0.0289079025388 
1221 135 0.0289079025388 
1221 138 0.00260496744886 
1221 142 0.00809871219099 
1221 143 0.00809871219099 
1221 144 0.019271934405 
1221 144 0.0 
1221 146 0.0228721853346 
1221 151 0.011190155521 
1221 152 0.0 
1221 154 0.00462393509224 
1221 156 0.0114992754534 
1221 167 0.0210239291191 
1221 173 0.0 
1221 173 0.0 
1221 192 0.0167852342129 
1221 196 0.0145910847932 
1221 207 0.00431972881779 
1221 212 0.00839261710644 
1221 217 0.00253374734893 
1221 217 0.0 
1221 217 0.0 
1221 217 0.0 
1221 217 0.0 
1221 218 0.0 
1221 222 0.00733217224479 
1221 222 0.00733217224479 
1221 222 0.0116212181747 
1221 227 0.0 
1221 259 0.0 
1221 279 0.0 
1221 281 0.0 
1221 281 0.0 
1221 281 0.0 
1221 282 0.0 
1221 282 0.00133634754457 
1221 285 0.0 
1221 285 0.0 
1221 287 0.0 
1221 290 0.0 
1221 291 0.0 
1221 299 0.0 
1221 299 0.0 
1221 299 0.0 
1221 305 0.0 
1221 307 0.0 
1221 307 0.0 
1221 307 0.0 
1221 307 0.0 
1221 307 0.0 
1221 307 0.0 
1221 307 0.000802067224868 
1221 307 0.0 
1221 307 0.000802067224868 
1221 307 0.0 
1221 307 0.0 
1221 307 0.0 
1221 307 0.0 
1221 307 0.0 
1221 307 0.0 
1221 307 0.0 
1221 307 0.0 
1221 307 0.0 
1221 307 0.0 
1221 307 0.0 
1221 308 0.0 
1221 308 0.0 
1221 309 0.00182899646461 
1221 309 0.0 
1221 309 0.0 
1221 309 0.0 
1221 309 0.00182899646461 
1221 309 0.0 
1221 309 0.0 
1221 309 0.0 
1221 309 0.0 
1221 311 0.0 
1221 312 0.0 
1221 312 0.0 
1221 321 0.0013235390652 
1221 321 0.0 
1221 321 0.0 
1221 321 0.0 
1221 321 0.0 
1221 321 0.0 
1221 321 0.0 
1221 321 0.0 
1221 321 0.0 
1221 321 0.0013235390652 
1221 321 0.0 
1221 321 0.0 
1221 321 0.0 
1221 332 0.0 
1221 332 0.00439196499065 
1221 332 0.00439196499065 
1221 332 0.0 
1221 332 0.0 
1221 334 0.0 
1221 334 0.0 
1221 334 0.0 
1221 334 0.0 
1221 334 0.0 
1221 334 0.0 
1221 334 0.0 
1221 334 0.0 
1221 334 0.0 
1221 334 0.0 
1221 334 0.0 
1221 334 0.0 
1221 334 0.0 
1221 335 0.0 
1221 335 0.0 
1221 335 0.0 
1221 335 0.0 
1221 335 0.0 
1221 335 0.0 
1221 335 0.0 
1221 335 0.0 
1221 335 0.0 
1221 335 0.0 
1221 337 0.0 
1221 337 0.0 
1221 337 0.0 
1221 337 0.0 
1221 337 0.0 
1221 337 0.0 
1221 337 0.0 
1221 337 0.0 
1221 337 0.0 
1221 337 0.0 
1221 337 0.0 
1221 338 0.0 
1221 338 0.0 
1221 338 0.0 
1221 338 0.0 
1221 338 0.0 
1221 338 0.0 
1221 338 0.0 
1221 338 0.0 
1221 338 0.0 
1221 338 0.0 
1221 338 0.0 
1221 338 0.0 
1221 338 0.0 
1221 338 0.0 
1221 338 0.0 
1221 338 0.0 
1221 338 0.0 
1221 338 0.0 
1221 338 0.0 
1221 338 0.0 
1221 338 0.0 
1221 338 0.0 
1221 338 0.0 
1221 338 0.0 
1221 340 0.0 
1221 340 0.0 
1221 340 0.0 
1221 340 0.0 
1221 340 0.0 
1221 351 0.0 
1221 352 0.0 
1221 352 0.0 
1221 352 0.0 
1221 352 0.0 
1222 328 0.0 
1223 124 0.0 
1224 299 0.0 
1225 112 0.0 
1225 112 0.0 
1225 113 0.0 
1225 139 0.0 
1225 166 0.0 
1225 173 0.0 
1225 180 0.0 
1226 67 0.0 
1227 160 0.0 
1227 160 0.0 
1227 188 0.0 
1228 289 0.0 
1228 305 0.0 
1229 113 0.0 
1230 113 0.0 
1231 217 0.0 
1231 254 0.0 
1231 254 0.0 
1231 254 0.0 
1231 254 0.0 
1231 254 0.0 
1231 254 0.0 
1231 254 0.0 
1231 254 0.0 
1231 254 0.0 
1231 299 0.0 
1231 336 0.0 
1231 336 0.0 
1232 185 0.0 
1232 185 0.0 
1233 299 0.0 
1234 4 0.0 
1234 5 0.0 
1234 7 0.0 
1234 7 0.0 
1234 54 0.0 
1234 54 0.0 
1234 54 0.0 
1235 290 0.0 
1235 290 0.0 
1236 221 0.0 
1236 222 0.0 
1237 350 0.0 
1238 34 0.0 
1238 124 0.0 
1238 228 0.0 
1238 228 0.0 
1238 228 0.0 
1238 231 0.0 
1238 279 0.0 
1238 282 0.0 
1238 283 0.0 
1238 283 0.0 
1238 285 0.0 
1238 289 0.0 
1238 289 0.0 
1238 307 0.0 
1238 307 0.0 
1238 307 0.0 
1238 307 0.0 
1238 307 0.0 
1238 307 0.0 
1238 308 0.0 
1238 308 0.0 
1238 309 0.0 
1238 350 0.0 
1239 211 0.0 
1240 299 0.0 
1240 299 0.0 
1240 299 0.0 
1240 299 0.0 
1241 113 0.0 
1241 124 0.0 
1241 217 0.0 
1241 283 0.0 
1241 289 0.0 
1241 350 0.0 
1241 350 0.0 
1241 350 0.0 
1241 350 0.0 
1241 350 0.0 
1241 350 0.0 
1241 350 0.0 
1242 305 0.0 
1243 354 0.0 
1244 16 0.0 
1244 17 0.0 
1244 19 0.0 
1244 132 0.0 
1244 135 0.0 
1244 138 0.0 
1244 142 0.0 
1244 143 0.0 
1244 144 0.0 
1244 146 0.0 
1244 151 0.0 
1244 156 0.0 
1244 167 0.0 
1244 192 0.0 
1244 196 0.0 
1244 207 0.0 
1244 212 0.0 
1245 18 0.0 
1245 18 0.00375199317932 
1245 113 0.0 
1245 113 0.0 
1245 322 0.0 
1245 322 0.0 
1246 1 0.0193117279559 
1246 61 0.187599658966 
1246 279 0.0 
1246 279 0.0 
1247 113 0.0 
1247 113 0.0 
1247 299 0.0 
1248 113 0.0 
1249 321 0.0 
1249 321 0.0 
1249 321 0.0 
1249 321 0.0013235390652 
1249 321 0.0013235390652 
1249 321 0.0 
1249 321 0.0 
1250 299 0.0 
1251 299 0.0 
1251 299 0.0 
1251 299 0.0 
1252 113 0.0 
1253 113 0.0 
1254 1 0.0193117279559 
1254 61 0.187599658966 
1255 7 0.0 
1255 7 0.0 
1256 22 0.0 
1256 28 0.0 
1256 28 0.0 
1256 83 0.0 
1256 109 0.0 
1256 124 0.0 
1256 166 0.0 
1256 166 0.0 
1256 173 0.0 
1256 173 0.0 
1256 181 0.0 
1256 279 0.0 
1256 334 0.0 
1256 334 0.0 
1256 337 0.0 
1256 337 0.0 
1256 337 0.0 
1256 337 0.0 
1256 338 0.0 
1256 338 0.0 
1256 338 0.0 
1257 308 0.0 
1258 113 0.0 
1258 160 0.0 
1259 19 0.0 
1260 228 0.0 
1260 307 0.0 
1261 128 0.0 
1261 128 0.0 
1261 128 0.0 
1261 128 0.0 
1261 128 0.0 
1261 128 0.0 
1261 128 0.0 
1261 128 0.0 
1261 128 0.0 
1261 128 0.0 
1261 217 0.0 
1261 228 0.0 
1261 271 0.0 
1261 281 0.0 
1261 283 0.0 
1261 283 0.0 
1261 290 0.0 
1261 303 0.0 
1261 305 0.0 
1261 306 0.0 
1261 307 0.0 
1261 307 0.0 
1261 329 0.0 
1261 331 0.0 
1261 340 0.0 
1262 16 0.0 
1262 16 0.0 
1262 16 0.0 
1262 17 0.0 
1262 19 0.0 
1262 105 0.0 
1262 105 0.0 
1262 105 0.0 
1262 105 0.0 
1262 105 0.0 
1262 105 0.0 
1262 105 0.0 
1262 105 0.0 
1262 105 0.0 
1262 105 0.0 
1262 105 0.0 
1262 105 0.0 
1262 105 0.0 
1262 105 0.0 
1262 105 0.0 
1262 105 0.0 
1262 105 0.0 
1262 132 0.0 
1262 135 0.0 
1262 138 0.0 
1262 142 0.0 
1262 143 0.0 
1262 144 0.0 
1262 146 0.0 
1262 151 0.0 
1262 156 0.0 
1262 167 0.0 
1262 185 0.0 
1262 185 0.0 
1262 185 0.0 
1262 185 0.0 
1262 185 0.0 
1262 185 0.0 
1262 185 0.0 
1262 192 0.0 
1262 196 0.0 
1262 199 0.0 
1262 199 0.0 
1262 199 0.0 
1262 199 0.0 
1262 199 0.0 
1262 199 0.0 
1262 199 0.0 
1262 199 0.0 
1262 199 0.0 
1262 199 0.0 
1262 199 0.0 
1262 199 0.0 
1262 199 0.0 
1262 199 0.0 
1262 199 0.0 
1262 207 0.0 
1262 207 0.0 
1262 207 0.0 
1262 207 0.00272544543259 
1262 211 0.0 
1262 211 0.0 
1262 212 0.0 
1263 299 0.0 
1263 337 0.0 
1264 185 0.0 
1264 185 0.0 
1264 185 0.0 
1265 7 0.0 
1265 8 0.0 
1265 8 0.0 
1265 8 0.00825910456479 
1265 10 0.00220335158519 
1265 85 0.0051097185351 
1265 86 0.0625332221389 
1265 275 0.0 
1265 275 0.0 
1265 275 0.0 
1265 275 0.0 
1265 275 0.0 
1265 275 0.0 
1265 275 0.0 
1265 275 0.0 
1265 275 0.0150642804801 
1265 275 0.0150642804801 
1265 275 0.0 
1265 275 0.0 
1265 335 0.0 
1265 335 0.0 
1265 335 0.0 
1265 335 0.0 
1265 335 0.0 
1265 335 0.0 
1265 335 0.0 
1265 335 0.0 
1265 335 0.0 
1265 337 0.0 
1265 338 0.0 
1265 338 0.0 
1265 338 0.0 
1266 21 0.0 
1266 95 0.0 
1267 124 0.0 
1268 113 0.0 
1268 336 0.0 
1269 299 0.0 
1270 113 0.0 
1271 105 0.0 
1271 199 0.0 
1271 199 0.0 
1272 113 0.0 
1273 105 0.0 
1274 164 0.0 
1275 336 0.0 
1276 4 0.0 
1276 299 0.0 
1276 306 0.0 
1277 105 0.0 
1278 160 0.0 
1279 113 0.0 
1280 299 0.0 
1281 113 0.0 
1282 113 0.0 
1282 310 0.0 
1282 350 0.0 
1283 34 0.0 
1283 34 0.0 
1283 103 0.0 
1283 243 0.0 
1283 282 0.0 
1283 289 0.0 
1283 299 0.0 
1283 338 0.0 
1284 34 0.0 
1285 8 0.0 
1285 321 0.0 
1285 334 0.0 
1285 338 0.0 
1285 350 0.0 
1286 103 0.0 
1286 103 0.0 
1286 103 0.0 
1286 103 0.02851190418 
1286 103 0.02851190418 
1286 103 0.0 
1286 103 0.0 
1286 103 0.0 
1286 103 0.0179890096188 
1286 103 0.02851190418 
1286 103 0.0 
1286 103 0.0 
1286 103 0.0 
1286 103 0.0 
1286 327 0.0 
1286 327 0.0 
1286 327 0.0 
1286 350 0.0 
1287 340 0.0 
1287 340 0.0 
1288 160 0.0106192296371 
1288 160 0.0 
1288 189 0.0 
1288 189 0.0 
1288 228 0.0 
1289 113 0.0 
1289 113 0.0 
1289 128 0.0 
1289 350 0.0 
1289 350 0.0 
1290 185 0.0 
1291 8 0.0 
1291 25 0.0 
1291 113 0.0 
1291 113 0.0 
1291 128 0.0 
1291 128 0.0 
1291 330 0.0 
1291 333 0.0 
1291 341 0.0 
1291 343 0.0 
1291 345 0.0 
1291 353 0.0 
1291 354 0.0 
1291 355 0.0 
1291 356 -0.0 
1292 163 0.0 
1293 199 0.0 
1293 199 0.00691156601533 
1294 48 0.0 
1295 54 0.0 
1296 1 0.0193117279559 
1296 7 0.0 
1296 61 0.187599658966 
1297 28 0.0 
1297 139 0.0 
1297 166 0.0 
1297 189 0.0 
1298 113 0.0 
1298 113 0.0 
1299 350 0.0 
1300 299 0.0 
1301 340 0.0 
1302 24 0.0 
1302 94 0.0 
1302 128 0.0 
1302 128 0.0 
1302 218 0.0 
1302 231 0.0 
1302 231 0.0 
1302 231 0.00739763816819 
1302 256 0.0 
1302 265 0.0 
1302 288 0.0 
1302 299 0.0 
1302 307 0.0 
1302 308 0.0 
1302 310 0.0 
1302 310 0.00135160749778 
1302 310 0.0 
1302 310 0.0 
1302 310 0.0 
1302 310 0.0 
1302 310 0.00135160749778 
1302 310 0.0 
1302 312 0.0 
1302 328 0.0 
1302 339 0.0 
1302 340 0.0 
1303 113 0.0 
1303 299 0.0 
1303 299 0.0 
1303 299 0.0 
1303 307 0.0 
1304 305 0.0 
1304 331 0.0 
1304 331 0.0 
1304 355 0.0 
1305 5 0.0 
1305 8 0.0 
1305 8 0.0 
1305 8 0.0 
1305 8 0.0 
1305 8 0.0 
1305 8 0.0 
1305 8 0.0 
1305 8 0.0 
1305 18 0.0 
1305 113 0.0 
1305 113 0.0 
1305 113 0.0 
1305 128 0.0 
1305 128 0.0 
1305 281 0.0 
1305 290 0.0 
1305 292 0.0 
1305 308 0.0 
1305 313 0.0 
1305 331 0.0 
1305 331 0.0 
1305 334 0.0 
1305 335 0.0 
1305 335 0.0 
1305 337 0.0 
1305 338 0.0 
1306 292 0.0 
1307 340 0.0 
1308 4 0.0 
1308 128 0.0 
1308 128 0.0 
1308 128 0.0 
1308 128 0.0 
1308 128 0.0 
1308 128 0.0 
1308 334 0.0 
1309 336 0.0 
1310 147 0.0 
1310 149 0.0 
1310 195 0.0 
1311 124 0.0 
1312 97 0.0 
1312 97 0.0 
1312 97 0.0 
1312 97 0.0 
1312 344 0.0 
1312 344 0.0 
1312 344 0.0 
1312 344 0.0 
1313 44 0.0 
1314 128 0.0 
1314 128 0.0 
1315 41 0.0 
1315 252 0.0 
1316 177 0.0 
1317 346 0.0 
1318 103 0.0 
1318 113 0.0 
1318 124 0.0 
1318 124 0.0 
1318 124 0.0 
1318 137 0.0 
1318 137 0.0 
1318 137 0.0 
1318 137 0.0 
1318 137 0.0 
1318 137 0.0 
1318 299 0.0 
1318 305 0.0 
1318 350 0.0 
1319 113 0.0 
1320 41 0.0 
1321 41 0.0 
1321 41 0.0 
1321 294 0.0 
1322 41 0.0 
1322 252 0.0 
1323 93 0.011519276537 
1323 93 0.011519276537 
1323 110 0.00178352091461 
1323 110 0.00178352091461 
1323 194 0.0105055812746 
1323 209 0.00383581197821 
1323 209 0.0 
1323 209 0.00383581197821 
1323 209 0.0060796183534 
1323 282 0.0 
1323 320 0.00102541514207 
1323 351 0.0 
1323 351 0.0 
1323 351 0.0 
1324 261 0.0 
1325 113 0.0 
1325 124 0.0 
1325 124 0.0 
1325 350 0.0 
1326 3 0.0 
1326 34 0.0 
1326 113 0.0 
1326 113 0.0 
1326 113 0.0 
1326 285 0.0 
1326 299 0.0 
1326 350 0.0 
1327 4 0.0 
1327 28 0.0 
1327 28 0.0 
1327 113 0.0 
1327 133 0.0 
1327 136 0.0 
1328 303 0.0 
1328 303 0.00460297474638 
1328 303 0.0 
1329 124 0.0 
1329 124 0.0 
1329 124 0.0 
1329 124 0.0 
1329 128 0.0 
1329 249 0.0117249786854 
1329 249 0.00739763816819 
1329 249 0.00739763816819 
1329 283 0.0 
1329 283 0.0 
1329 290 0.0 
1329 290 0.0 
1329 306 0.0 
1329 306 0.0 
1329 306 0.0 
1329 306 0.0 
1329 308 0.0 
1329 308 0.0 
1329 308 0.0 
1329 331 0.0 
1329 331 0.0 
1329 342 0.0 
1330 9 0.0 
1330 80 0.0 
1330 82 0.0 
1330 86 0.0 
1330 111 0.0 
1330 111 0.0 
1330 128 0.0 
1330 128 0.0 
1330 128 0.0 
1330 128 0.0 
1330 128 0.0 
1330 128 0.0 
1330 128 0.0 
1330 257 0.0 
1330 271 0.0 
1330 293 0.0 
1330 308 0.0 
1330 308 0.0 
1330 312 0.00175909860991 
1330 312 0.0 
1330 312 0.0 
1330 312 0.0 
1330 312 0.0 
1330 312 0.0 
1330 312 0.0 
1330 312 0.0 
1330 312 0.0 
1330 315 0.00579395378008 
1330 334 0.0 
1330 334 0.0 
1330 335 0.0 
1330 335 0.000285210146103 
1330 335 0.0 
1330 335 0.0 
1330 335 0.0 
1330 335 0.0 
1330 335 0.0 
1330 335 0.0 
1330 335 0.0 
1330 335 0.0 
1330 335 0.0 
1330 335 0.0 
1330 335 0.0 
1330 335 0.0 
1330 335 0.0 
1330 335 0.0 
1330 335 0.0 
1330 335 0.0 
1330 335 0.0 
1330 337 0.0 
1330 338 0.0 
1330 338 0.0 
1330 338 0.0 
1330 338 0.0 
1331 113 0.0 
1331 113 0.0 
1331 113 0.0 
1331 113 0.0 
1331 113 0.0 
1331 113 0.0 
1331 124 0.0 
1331 124 0.0 
1331 124 0.0 
1331 166 0.0 
1331 173 0.0 
1331 173 0.0 
1331 251 0.0 
1331 289 0.0 
1331 299 0.0 
1331 350 0.0 
1332 124 0.0 
1333 285 0.0 
1334 113 0.0 
1334 113 0.0 
1334 113 0.0 
1334 113 0.0 
1334 113 0.0 
1334 113 0.0 
1334 113 0.0 
1334 113 0.0 
1334 124 0.0 
1334 128 0.0 
1334 228 0.0 
1334 231 0.0 
1334 260 0.0 
1334 269 0.0 
1334 283 0.0 
1334 285 0.0 
1334 289 0.0 
1334 289 0.0 
1334 291 0.0 
1334 291 0.0 
1334 298 0.0 
1334 307 0.0 
1334 350 0.0 
1334 355 0.0 
1334 355 0.0 
1335 110 0.00178352091461 
1336 34 0.0 
1336 336 0.0 
1336 336 0.0 
1337 354 0.0 
1338 299 0.0 
1339 70 0.0 
1340 322 0.0 
1341 22 0.0 
1341 28 0.0 
1341 28 0.0 
1341 83 0.0 
1341 121 0.0 
1341 139 0.0 
1341 166 0.0 
1341 166 0.0 
1341 166 0.0 
1341 166 0.0 
1341 173 0.0 
1341 173 0.0 
1341 180 0.0 
1341 181 0.0 
1341 188 0.0 
1341 188 0.0 
1341 212 0.0 
1341 270 0.0 
1341 354 0.0 
1342 243 0.0 
1343 44 0.0 
1343 299 0.0 
1344 244 0.0 
1345 8 0.0 
1345 128 0.0 
1345 128 0.0 
1345 222 0.0 
1345 228 0.0 
1345 281 0.0 
1345 299 0.0 
1345 331 0.0 
1345 331 0.0 
1345 332 0.0 
1345 334 0.0 
1345 336 0.0 
1345 338 0.0 
1345 340 0.0 
1345 340 0.0 
1345 350 0.0 
1345 350 0.0 
1345 352 0.0 
1345 354 0.0 
1346 113 0.0 
1347 260 0.0 
1347 269 0.0 
1348 97 0.0 
1348 344 0.0 
1349 113 0.0 
1350 124 0.0 
1350 124 0.0 
1351 217 0.0 
1352 243 0.0 
1353 3 0.0 
1353 28 0.0 
1353 113 0.0 
1353 113 0.0 
1353 305 0.0 
1353 305 0.0 
1353 312 0.0 
1353 340 0.0 
1353 340 0.0 
1353 350 0.0 
1353 350 0.0 
1354 4 0.0 
1354 113 0.0 
1354 113 0.0 
1354 113 0.0 
1354 113 0.0 
1354 113 0.0 
1354 113 0.0 
1354 113 0.0 
1354 113 0.0 
1354 113 0.0 
1354 113 0.0 
1354 124 0.0 
1354 124 0.0 
1354 173 0.0 
1354 231 0.0 
1354 243 0.0 
1354 281 0.0 
1354 282 0.0 
1354 282 0.0 
1354 287 0.0 
1354 311 0.0 
1354 312 0.0 
1354 340 0.0 
1354 340 0.0 
1354 355 0.0 
1355 305 0.0 
1355 305 0.0 
1355 305 0.0 
1355 305 0.0 
1355 305 0.0 
1355 305 0.0 
1355 306 0.0 
1355 306 0.0 
1355 306 0.0 
1355 306 0.0 
1356 8 0.0 
1356 9 0.0 
1356 10 0.0 
1356 11 0.0 
1356 20 0.0 
1356 28 0.0 
1356 28 0.0 
1356 80 0.0 
1356 82 0.0 
1356 85 0.0 
1356 86 0.0 
1356 91 0.0 
1356 93 0.0 
1356 109 0.0 
1356 109 0.0 
1356 110 0.0 
1356 110 0.0 
1356 110 0.0 
1356 110 0.0 
1356 110 0.0 
1356 110 0.00178352091461 
1356 110 0.0 
1356 110 0.0 
1356 110 0.00178352091461 
1356 110 0.00178352091461 
1356 111 0.0 
1356 124 0.0 
1356 139 0.0 
1356 139 0.0 
1356 161 0.0 
1356 162 0.0 
1356 176 0.0 
1356 188 0.0 
1356 189 0.0 
1356 208 0.0 
1356 213 0.0 
1356 239 0.0 
1356 258 0.0 
1356 265 0.0 
1356 271 0.0 
1356 275 0.0 
1356 277 0.0 
1356 277 0.0 
1356 326 0.0 
1356 350 0.0 
1356 354 0.0 
1357 350 0.0 
1358 221 0.0 
1358 222 0.0 
1359 38 0.0 
1359 38 0.0 
1360 105 0.0 
1360 185 0.0 
1360 199 0.0 
1360 199 0.0 
1361 199 0.0 
1362 354 0.0 
1363 199 0.0 
1364 106 0.0 
1365 113 0.0 
1366 103 0.0 
1366 103 0.0 
1366 128 0.0 
1366 350 0.0 
1367 336 0.0 
1368 113 0.0 
1369 4 0.0 
1369 8 0.0 
1369 8 0.00825910456479 
1369 8 0.0 
1369 8 0.00825910456479 
1369 8 0.00825910456479 
1369 69 0.00275260931812 
1369 113 0.0 
1369 113 0.0 
1369 113 0.0 
1369 113 0.0 
1369 113 0.0 
1369 113 0.0 
1369 113 0.0 
1369 113 0.0 
1369 113 0.0 
1369 113 0.0301647670567 
1369 113 0.0 
1369 113 0.0301647670567 
1369 113 0.0301647670567 
1369 113 0.0 
1369 113 0.0 
1369 113 0.0 
1369 113 0.0 
1369 113 0.0 
1369 128 0.0 
1369 128 0.0 
1369 128 0.0 
1369 128 0.0236519183964 
1369 128 0.0236519183964 
1369 128 0.0 
1369 128 0.0 
1369 128 0.0 
1369 128 0.0 
1369 128 0.0 
1369 128 0.0 
1369 221 0.0 
1369 221 0.0 
1369 222 0.0 
1369 222 0.0 
1369 222 0.0 
1369 290 0.0 
1369 293 0.0 
1369 299 0.0 
1369 331 0.0 
1369 331 0.0 
1369 331 0.0 
1369 331 0.0 
1369 331 0.0 
1369 331 0.0 
1369 331 0.0 
1369 331 0.0 
1369 331 0.0 
1369 331 0.0 
1369 338 0.0 
1369 340 0.0 
1369 340 0.0 
1369 340 0.0 
1369 340 0.0 
1369 340 0.0 
1369 340 0.0 
1369 340 0.0 
1369 340 0.0 
1369 340 0.0 
1369 340 0.0 
1369 348 0.00881340634078 
1369 350 0.0 
1369 350 0.0 
1370 113 0.0 
1370 113 0.0 
1370 113 0.0 
1370 113 0.0 
1371 1 0.0193117279559 
1371 54 0.0 
1371 61 0.187599658966 
1371 113 0.0 
1371 124 0.0 
1371 124 0.0 
1371 124 0.0 
1372 350 0.0 
1373 124 0.0 
1373 124 0.0 
1374 11 0.0 
1374 11 0.0 
1374 112 0.0 
1374 128 0.0 
1374 128 0.0 
1374 128 0.0236519183964 
1374 128 0.0236519183964 
1374 128 0.0236519183964 
1374 128 0.0236519183964 
1374 265 0.0 
1374 308 0.0 
1374 331 0.0 
1374 334 0.0 
1374 335 0.0 
1374 335 0.0 
1374 337 0.0 
1374 338 0.0 
1375 7 0.0 
1375 11 0.0 
1375 11 0.0 
1375 11 0.0 
1375 11 0.0 
1375 24 0.0 
1375 24 0.0 
1375 28 0.0 
1375 83 0.0 
1375 91 0.0257489737123 
1375 128 0.0236519183964 
1375 128 0.0 
1375 128 0.0236519183964 
1375 128 0.0236519183964 
1375 128 0.0 
1375 128 0.0236519183964 
1375 166 0.0 
1375 166 0.0 
1375 218 0.0 
1375 228 0.0 
1375 228 0.0 
1375 228 0.0 
1375 228 0.0 
1375 228 0.0 
1375 228 0.0 
1375 228 0.0 
1375 228 0.00347406766377 
1375 228 0.0 
1375 228 0.0 
1375 255 0.00251834490336 
1375 255 0.0 
1375 255 0.0 
1375 255 0.0 
1375 256 0.0 
1375 256 0.0 
1375 281 0.0 
1375 282 0.0 
1375 287 0.0 
1375 287 0.0 
1375 287 0.0 
1375 287 0.0 
1375 291 0.0 
1375 299 0.0 
1375 299 0.0 
1375 308 0.0 
1375 308 0.0 
1375 310 0.0 
1375 331 0.0 
1375 332 0.0 
1375 334 0.0 
1375 335 0.0 
1375 336 0.0 
1375 336 0.0 
1375 336 0.0 
1375 337 0.0 
1375 338 0.0 
1375 350 0.0 
1375 350 0.0 
1375 350 0.0 
1375 350 0.0 
1375 350 0.0 
1375 350 0.0 
1375 350 0.0 
1375 350 0.0 
1375 351 0.0 
1376 11 0.0 
1376 128 0.0 
1376 128 0.0 
1376 128 0.0236519183964 
1376 334 0.0 
1376 335 0.0 
1376 337 0.0 
1376 338 0.0 
1377 254 0.0 
1378 340 0.0 
1378 340 0.0 
1379 128 0.0 
1379 128 0.0 
1379 128 0.0236519183964 
1379 334 0.0 
1379 335 0.0 
1379 336 0.0 
1379 337 0.0 
1379 338 0.0 
1380 1 0.0193117279559 
1380 7 0.0 
1380 7 0.0 
1380 7 0.0 
1380 8 0.0 
1380 8 0.0 
1380 11 0.0 
1380 28 0.0 
1380 61 0.187599658966 
1380 83 0.0 
1380 113 0.0 
1380 113 0.0 
1380 113 0.0 
1380 113 0.0 
1380 124 0.0 
1380 124 0.0 
1380 128 0.0 
1380 128 0.0236519183964 
1380 128 0.0236519183964 
1380 128 0.0236519183964 
1380 128 0.0 
1380 128 0.0236519183964 
1380 128 0.0 
1380 139 0.0 
1380 166 0.0 
1380 228 0.0 
1380 228 0.0 
1380 228 0.0 
1380 251 0.00650097802281 
1380 251 0.0 
1380 255 0.0 
1380 284 0.0 
1380 291 0.0 
1380 299 0.0 
1380 299 0.0 
1380 305 0.0 
1380 306 0.0 
1380 308 0.0 
1380 321 0.0 
1380 331 0.0 
1380 334 0.0 
1380 335 0.0 
1380 336 0.0 
1380 336 0.0 
1380 336 0.0 
1380 336 0.0 
1380 337 0.0 
1380 338 0.0 
1380 350 0.0 
1380 350 0.0 
1380 350 0.0 
1380 350 0.0 
1380 350 0.0 
1380 350 0.0 
1380 354 0.0 
1381 1 0.0193117279559 
1381 1 0.0193117279559 
1381 1 0.0193117279559 
1381 44 0.0 
1381 61 0.187599658966 
1381 61 0.187599658966 
1381 61 0.187599658966 
1381 128 0.0 
1381 128 0.0236519183964 
1381 128 0.0236519183964 
1381 128 0.0236519183964 
1381 128 0.0236519183964 
1381 128 0.0 
1381 287 0.0 
1381 308 0.0 
1381 324 0.00600388040766 
1381 331 0.0 
1381 334 0.0 
1381 335 0.0 
1381 337 0.0 
1381 338 0.0 
1381 350 0.0 
1382 7 0.0 
1383 271 0.0 
1384 28 0.0 
1385 38 0.0 
1385 38 0.0 
1385 38 0.0 
1385 38 0.0 
1386 18 0.0 
1387 285 0.0 
1388 128 0.0 
1389 173 0.0 
1390 38 0.0 
1390 38 0.0 
1390 38 0.0 
1391 124 0.0 
1391 124 0.0 
1392 254 0.0 
1393 113 0.0 
1394 103 0.0 
1395 4 0.0 
1395 8 0.0 
1395 8 0.0 
1395 8 0.0 
1395 28 0.0 
1395 28 0.0 
1395 77 0.0 
1395 103 0.0 
1395 103 0.0 
1395 103 0.0 
1395 111 0.0 
1395 111 0.0 
1395 111 0.0 
1395 111 0.0 
1395 111 0.0 
1395 139 0.0 
1395 166 0.0 
1395 172 0.00106764037628 
1395 173 0.0 
1395 173 0.0 
1395 243 0.0 
1395 243 0.0 
1395 254 0.0 
1395 284 0.0 
1395 291 0.0 
1395 308 0.0 
1395 308 0.0 
1395 311 0.0 
1395 311 0.0 
1395 334 0.0 
1395 350 0.0 
1395 350 0.0 
1395 350 0.0 
1395 350 0.0 
1395 350 0.0 
1396 299 0.0 
1397 1 0.0193117279559 
1397 11 0.00366608612239 
1397 11 0.0 
1397 11 0.0 
1397 14 0.0 
1397 61 0.187599658966 
1397 91 0.0257489737123 
1397 93 0.011519276537 
1397 110 0.00178352091461 
1397 110 0.00178352091461 
1397 111 0.0 
1397 111 0.0 
1397 111 0.0 
1397 111 0.0 
1397 111 0.0 
1397 111 0.0 
1397 111 0.0 
1397 111 0.0 
1397 111 0.0 
1397 111 0.0 
1397 111 0.0 
1397 111 0.0 
1397 111 0.0 
1397 112 0.0 
1397 124 0.0 
1397 124 0.0 
1397 124 0.0 
1397 124 0.0 
1397 124 0.0 
1397 124 0.0 
1397 124 0.0 
1397 124 0.0 
1397 124 0.0 
1397 124 0.0 
1397 124 0.0 
1397 128 0.0 
1397 221 0.0 
1397 228 0.0 
1397 251 0.0 
1397 251 0.0 
1397 251 0.0 
1397 253 0.0 
1397 254 0.0 
1397 254 0.0 
1397 265 0.0 
1397 271 0.0 
1397 299 0.0 
1397 299 0.0 
1397 299 0.0 
1397 299 0.0 
1397 299 0.0 
1397 299 0.0 
1397 306 0.0 
1397 312 0.0 
1397 328 0.0 
1397 328 0.0 
1397 331 0.0 
1397 334 0.0 
1397 334 0.0 
1397 338 0.0 
1397 338 0.0 
1397 338 0.0 
1397 338 0.0 
1397 350 0.0 
1397 351 0.0 
1397 354 0.0 
1398 54 0.0 
1399 113 0.0 
1399 113 0.0 
1399 113 0.0 
1399 113 0.0 
1399 113 0.0 
1399 285 0.0 
1400 166 0.0 
1400 173 0.0 
1400 173 0.0 
1400 231 0.0 
1400 231 0.0 
1400 299 0.0 
1400 299 0.0 
1401 340 0.0 
1402 124 0.0 
1402 124 0.0 
1402 299 0.0 
1402 350 0.0 
1402 350 0.0 
1402 350 0.0 
1402 350 0.0 
1402 350 0.0 
1402 350 0.0 
1403 337 0.0 
1403 338 0.0 
1403 338 0.0 
1403 338 0.0 
1403 338 0.0 
1403 338 0.0 
1403 338 0.0 
1403 338 0.0 
1403 338 0.0 
1403 338 0.0 
1403 338 0.0 
1403 338 0.0 
1403 338 0.0 
1403 338 0.0 
1403 338 0.0 
1404 4 0.0 
1404 7 0.0 
1404 28 0.0 
1404 355 0.0 
1405 7 0.0 
1406 254 0.0 
1407 199 0.0 
1408 91 0.0257489737123 
1408 271 0.0 
1408 271 0.0 
1409 111 0.00853020045906 
1410 336 0.0 
1410 336 0.0 
1410 336 0.0 
1410 336 0.0 
1411 299 0.0 
1412 350 0.0 
1412 350 0.0 
1412 350 0.0 
1412 350 0.0 
1412 350 0.0 
1412 350 0.0 
1412 350 0.0 
1412 350 0.0 
1413 48 0.0 
1414 328 0.0 
1415 8 0.0 
1415 28 0.0 
1415 28 0.0 
1415 113 0.0 
1415 113 0.0 
1415 113 0.0 
1415 281 0.0 
1415 305 0.0 
1415 312 0.0 
1416 124 0.0 
1416 128 0.0 
1416 128 0.0 
1416 128 0.0 
1416 128 0.0 
1416 254 0.0 
1417 7 0.0 
1417 7 0.0 
1417 299 0.0 
1418 111 0.0 
1418 124 0.0 
1418 124 0.0 
1418 124 0.0 
1418 124 0.0 
1418 293 0.0 
1419 111 0.0 
1420 54 0.0 
1421 279 0.0 
1421 285 0.0 
1421 306 0.0 
1422 124 0.0 
1422 281 0.0 
1422 287 0.0 
1423 124 0.0 
1424 128 0.0 
1425 3 0.0 
1425 3 0.0 
1425 3 0.0 
1425 3 0.0 
1425 4 0.0 
1425 7 0.0 
1425 7 0.0 
1425 7 0.0 
1425 28 0.0 
1425 28 0.0 
1425 28 0.0 
1425 32 0.0 
1425 32 0.0 
1425 32 0.0 
1425 83 0.0 
1425 83 0.0 
1425 83 0.0 
1425 83 0.0 
1425 83 0.0 
1425 109 0.0 
1425 109 0.0 
1425 113 0.0 
1425 113 0.0 
1425 113 0.0 
1425 113 0.0 
1425 113 0.0 
1425 113 0.0 
1425 113 0.0 
1425 113 0.0 
1425 113 0.0 
1425 113 0.0 
1425 113 0.0 
1425 113 0.0 
1425 113 0.0 
1425 113 0.0 
1425 121 0.0 
1425 121 0.0 
1425 259 0.0 
1425 259 0.0 
1425 281 0.0 
1425 312 0.0 
1425 322 0.0 
1425 322 0.0 
1425 340 0.0 
1425 340 0.0 
1425 342 0.0 
1425 355 0.0 
1426 4 0.0 
1426 5 0.0 
1427 299 0.0 
1428 24 0.0 
1428 256 0.0 
1429 310 0.0 
1429 337 0.0 
1429 337 0.0 
1430 38 0.0 
1431 260 0.00753214024007 
1431 260 0.0 
1431 260 0.0 
1431 260 0.0 
1431 269 0.0 
1431 269 0.0 
1431 269 0.0 
1431 269 0.00268134451471 
1431 288 0.0 
1432 276 0.00858299061656 
1432 276 0.0 
1432 334 0.0 
1432 338 0.0 
1433 111 0.00853020045906 
1434 54 0.0 
1435 16 0.0 
1435 17 0.0 
1435 19 0.0 
1435 105 0.00721537088975 
1435 105 0.0 
1435 105 0.0 
1435 105 0.0 
1435 112 0.0 
1435 132 0.0 
1435 135 0.0 
1435 138 0.0 
1435 142 0.0 
1435 143 0.0 
1435 144 0.0 
1435 146 0.0 
1435 151 0.0 
1435 156 0.0 
1435 167 0.0 
1435 185 0.0 
1435 185 0.0 
1435 185 0.0 
1435 185 0.0 
1435 185 0.0 
1435 185 0.0 
1435 185 0.0 
1435 185 0.0 
1435 192 0.0 
1435 196 0.0 
1435 199 0.0 
1435 207 0.0 
1435 212 0.0 
1436 1 0.0 
1436 3 0.0 
1436 11 0.0 
1436 12 0.0 
1436 21 0.0 
1436 41 0.0 
1436 44 0.0 
1436 44 0.0 
1436 44 0.0 
1436 61 0.0 
1436 70 0.0 
1436 89 0.0 
1436 95 0.0 
1436 96 0.0 
1436 98 0.0 
1436 100 0.0 
1436 102 0.0 
1436 115 0.0 
1436 117 0.0 
1436 118 0.0 
1436 121 0.0 
1436 163 0.0 
1436 191 0.0 
1436 194 0.0 
1436 197 0.0 
1436 202 0.0 
1436 205 0.0 
1436 206 0.0 
1436 209 0.0 
1436 210 0.0 
1436 218 0.0 
1436 219 0.0 
1436 220 0.0 
1436 221 0.0 
1436 222 0.0 
1436 223 0.0 
1436 224 0.0 
1436 225 0.0 
1436 226 0.0 
1436 232 0.0 
1436 233 0.0 
1436 237 0.0 
1436 240 0.0 
1436 241 0.0 
1436 242 0.0 
1436 245 0.0 
1436 246 0.0 
1436 247 0.0 
1436 248 0.0 
1436 249 0.0 
1436 250 0.0 
1436 268 0.0 
1436 294 0.0 
1437 285 0.0 
1438 113 0.0 
1438 113 0.0 
1438 113 0.0 
1438 340 0.0 
1439 113 0.0 
1440 199 0.0 
1441 3 0.0 
1441 7 0.0 
1441 11 0.0 
1441 11 0.0 
1441 28 0.0 
1441 32 0.0 
1441 83 0.0 
1441 83 0.0 
1441 109 0.0 
1441 113 0.0 
1441 121 0.0 
1441 166 0.0 
1441 166 0.0 
1441 166 0.0 
1441 173 0.0 
1441 231 0.0 
1441 294 0.0 
1441 294 0.0101530188695 
1441 294 0.00640584202483 
1441 294 0.00640584202483 
1441 336 0.0 
1441 336 0.0 
1441 336 0.0 
1441 336 0.0 
1441 336 0.0 
1441 336 0.0 
1442 113 0.0 
1443 310 0.0 
1443 313 0.0 
1444 289 0.0 
1444 299 0.0 
1444 299 0.0 
1445 113 0.0 
1446 7 0.0 
1446 83 0.0 
1446 113 0.0 
1446 113 0.0 
1446 113 0.0 
1446 113 0.0 
1446 113 0.0 
1446 113 0.0 
1446 113 0.0 
1446 113 0.0 
1446 113 0.0 
1446 340 0.0 
1447 128 0.0 
1447 128 0.0 
1448 350 0.0 
1449 340 0.0 
1450 113 0.0 
1450 290 0.0 
1451 113 0.0 
1451 113 0.0 
1452 113 0.0 
1453 190 0.0147550292313 
