2723 19 0.0 
2724 285 0.0 
2724 305 0.0 
2725 8 0.0 
2725 14 0.0 
2725 98 0.0 
2726 54 0.0 
2727 113 0.0 
2728 306 0.0 
2729 83 0.0 
2729 124 0.0 
2729 285 0.0 
2730 8 0.0 
2730 8 0.0 
2730 8 0.0 
2730 8 0.0 
2730 8 0.0 
2730 8 0.00825910456479 
2730 8 0.0 
2730 14 0.0 
2730 108 0.0 
2730 111 0.0 
2730 128 0.0 
2730 128 0.0 
2730 128 0.0 
2730 128 0.0 
2730 128 0.0 
2730 128 0.0 
2730 128 0.0 
2730 128 0.0 
2730 128 0.0 
2730 228 0.0 
2730 229 0.0 
2730 230 0.0 
2730 254 0.0 
2730 254 0.0 
2730 254 0.0 
2730 335 0.0 
2730 335 0.0 
2730 338 0.0 
2730 338 0.0 
2730 350 0.0 
2731 7 0.0 
2732 44 0.0 
2732 217 0.0 
2732 260 0.0 
2732 269 0.0 
2732 350 0.0 
2733 25 0.0 
2733 28 0.0 
2733 330 0.0 
2733 333 0.0 
2733 336 0.0 
2733 341 0.0 
2733 343 0.0 
2733 345 0.0 
2733 353 0.0 
2733 354 0.0 
2733 355 0.0 
2733 356 -0.0 
2734 113 0.0 
2735 299 0.0 
2736 228 0.0 
2737 7 0.0 
2737 83 0.0 
2737 121 0.0 
2738 91 0.0257489737123 
2738 103 0.0 
2738 103 0.0 
2738 113 0.0 
2739 217 0.0 
2740 1 0.0193117279559 
2740 61 0.187599658966 
2740 103 0.0 
2740 113 0.0 
2740 113 0.0 
2740 113 0.0 
2740 113 0.0 
2740 228 0.0 
2740 243 0.0 
2740 291 0.0 
2740 299 0.0 
2740 299 0.0 
2740 307 0.0 
2740 309 0.0 
2740 338 0.0 
2740 351 0.0 
2741 299 0.0 
2742 93 0.011519276537 
2742 113 0.0 
2742 204 0.0 
2742 350 0.0 
2742 350 0.0 
2743 113 0.0 
2743 113 0.0 
2744 180 0.0 
2744 259 0.0 
2745 38 0.0 
2745 38 0.0 
2746 113 0.0 
2746 113 0.0 
2746 288 0.0 
2746 288 0.0 
2746 290 0.0 
2746 308 0.0 
2746 308 0.0 
2746 340 0.0 
2746 340 0.0 
2747 124 0.0 
2747 124 0.0 
2747 128 0.0 
2747 128 0.0236519183964 
2747 128 0.0236519183964 
2747 128 0.0 
2747 128 0.0 
2747 128 0.0 
2747 128 0.0 
2747 128 0.0 
2747 128 0.0 
2747 128 0.0 
2747 128 0.0 
2747 128 0.0 
2747 128 0.0 
2747 128 0.0 
2747 128 0.0 
2747 128 0.0 
2747 166 0.0 
2747 305 0.0 
2747 305 0.0 
2748 336 0.0 
2749 103 0.0 
2750 5 0.0 
2750 7 0.0 
2750 7 0.0 
2750 7 0.0 
2750 7 0.0 
2750 113 0.0 
2750 299 0.0 
2750 305 0.0 
2750 305 0.0 
2750 350 0.0 
2750 350 0.0 
2750 350 0.0 
2750 350 0.0 
2751 279 0.0 
2751 279 0.0 
2752 28 0.0 
2753 334 0.0 
2754 113 0.0 
2755 336 0.0 
2756 270 0.0 
2757 199 0.0 
2758 128 0.0 
2758 128 0.0 
2758 128 0.0 
2758 128 0.0 
2758 128 0.0 
2758 128 0.0 
2758 128 0.0 
2758 128 0.0 
2758 128 0.0 
2758 128 0.0 
2758 128 0.0 
2758 128 0.0 
2758 128 0.0 
2758 128 0.0 
2758 128 0.0 
2758 128 0.0 
2758 128 0.0 
2758 128 0.0 
2758 128 0.0 
2758 128 0.0 
2758 128 0.0 
2758 339 0.0 
2758 339 0.0 
2759 3 0.0 
2759 8 0.0 
2759 15 0.0 
2759 98 0.0 
2759 110 0.00178352091461 
2759 128 0.0 
2759 218 0.0 
2759 254 0.0 
2759 254 0.0 
2759 327 0.0 
2759 331 0.0 
2759 334 0.0 
2759 335 0.0 
2759 337 0.0 
2759 339 0.0 
2759 340 0.0 
2759 350 0.0 
2760 1 0.0193117279559 
2760 1 0.0 
2760 1 0.0 
2760 1 0.0 
2760 3 0.0 
2760 3 0.0 
2760 7 0.0 
2760 7 0.0 
2760 7 0.0 
2760 7 0.0 
2760 8 0.0 
2760 16 0.00296432850882 
2760 16 0.0 
2760 17 0.0 
2760 17 0.00317197502591 
2760 17 0.0 
2760 17 0.0 
2760 17 0.0 
2760 17 0.0 
2760 19 0.00269005005248 
2760 19 0.0 
2760 20 0.0 
2760 20 0.0 
2760 20 0.0 
2760 20 0.0 
2760 20 0.0 
2760 20 0.0 
2760 25 0.0 
2760 25 0.0 
2760 25 0.0 
2760 27 0.0 
2760 27 0.0 
2760 27 0.0 
2760 27 0.0 
2760 28 0.0 
2760 30 0.0 
2760 44 0.0394540689886 
2760 53 0.00103956763633 
2760 61 0.0 
2760 61 0.0 
2760 61 0.187599658966 
2760 61 0.0 
2760 70 0.0 
2760 113 0.0 
2760 113 0.0 
2760 113 0.0 
2760 113 0.0 
2760 124 0.0 
2760 124 0.0 
2760 124 0.0 
2760 132 0.0182388555259 
2760 132 0.0 
2760 135 0.0182388555259 
2760 135 0.0 
2760 138 0.0 
2760 138 0.00164355151355 
2760 142 0.0 
2760 142 0.0051097185351 
2760 143 0.0051097185351 
2760 143 0.0 
2760 144 0.0121592376381 
2760 144 0.0 
2760 146 0.0144307417795 
2760 146 0.0 
2760 151 0.00706020230427 
2760 151 0.0 
2760 156 0.00725523522124 
2760 156 0.0 
2760 167 0.0 
2760 167 0.0132646225393 
2760 192 0.0 
2760 192 0.0105903036892 
2760 196 0.0 
2760 196 0.00920594949275 
2760 207 0.0 
2760 207 0.00272544543259 
2760 208 0.0 
2760 208 0.0 
2760 208 0.0 
2760 208 0.0 
2760 208 0.0 
2760 208 0.0 
2760 212 0.00529515184462 
2760 212 0.0 
2760 228 0.0 
2760 243 0.0 
2760 284 0.0 
2760 284 0.0 
2760 288 0.0 
2760 288 0.0 
2760 292 0.0 
2760 299 0.0 
2760 299 0.0 
2760 330 0.0 
2760 330 0.0 
2760 330 0.0 
2760 333 0.0 
2760 333 0.0 
2760 333 0.0 
2760 336 0.0 
2760 336 0.0 
2760 336 0.0 
2760 336 0.0 
2760 341 0.0 
2760 341 0.0 
2760 341 0.0 
2760 343 0.0 
2760 343 0.0 
2760 343 0.0 
2760 345 0.0 
2760 345 0.0 
2760 345 0.0 
2760 350 0.0 
2760 350 0.0 
2760 350 0.0 
2760 350 0.0 
2760 350 0.0 
2760 350 0.0 
2760 350 0.0 
2760 353 0.0 
2760 353 0.0 
2760 353 0.0 
2760 354 0.0 
2760 354 0.0 
2760 354 0.0 
2760 354 0.0 
2760 354 0.0 
2760 355 0.0 
2760 355 0.0 
2760 355 0.0 
2760 356 -0.0 
2760 356 -0.0 
2760 356 -0.0 
2761 199 0.0 
2762 113 0.0 
2762 113 0.0 
2763 111 0.00853020045906 
2764 28 0.0 
2764 336 0.0 
2764 336 0.0 
2765 17 0.0 
2765 17 0.0 
2765 128 0.0 
2765 299 0.0 
2766 3 0.0 
2767 48 0.0 
2768 128 0.0 
2768 128 0.0 
2769 139 0.0 
2769 188 0.0 
2769 217 0.0 
2770 124 0.0 
2770 124 0.0 
2771 128 0.0 
2771 290 0.0 
2771 290 0.0 
2771 292 0.0 
2771 292 0.0 
2771 294 0.0 
2771 351 0.0 
2772 124 0.0 
2773 279 0.0 
2773 350 0.0 
2773 350 0.0 
2773 350 0.0 
2773 350 0.0 
2774 305 0.0 
2775 299 0.0 
2776 124 0.0 
2776 133 0.0 
2776 136 0.0 
2776 164 0.0306083671749 
2777 128 0.0 
2778 38 0.0 
2779 113 0.0 
2779 113 0.0 
2780 70 0.0 
2781 113 0.0 
2781 113 0.0 
2781 113 0.0 
2781 113 0.0 
2781 113 0.0 
2782 124 0.0 
2783 70 0.0 
2784 24 0.0 
2784 70 0.0 
2784 256 0.0 
2784 258 0.0 
2784 264 0.0 
2784 272 0.0 
2784 273 0.0 
2784 275 0.0 
2784 279 0.0 
2784 282 0.0 
2784 283 0.0 
2784 285 0.0 
2784 289 0.0 
2784 291 0.0 
2784 293 0.0 
2784 299 0.0 
2784 304 0.0 
2784 305 0.0 
2784 306 0.0 
2784 307 0.0 
2784 308 0.0 
2784 309 0.0 
2784 310 0.0 
2784 311 0.0 
2784 312 0.0 
2784 313 0.0 
2784 314 0.0 
2784 315 0.0 
2784 316 0.0 
2784 317 0.0 
2784 318 0.0 
2784 319 0.0 
2784 320 0.0 
2784 321 0.0 
2784 322 0.0 
2784 323 0.0 
2784 324 0.0 
2784 325 0.0 
2784 327 0.0 
2784 328 0.0 
2784 331 0.0 
2784 332 0.0 
2784 334 0.0 
2784 335 0.0 
2784 336 0.0 
2784 337 0.0 
2784 338 0.0 
2784 339 0.0 
2784 340 0.0 
2784 342 0.0 
2784 350 0.0 
2784 351 0.0 
2784 352 0.0 
2785 70 0.0 
2786 128 0.0 
2787 7 0.0 
2787 28 0.0 
2787 83 0.0 
2787 166 0.0 
2787 173 0.0 
2787 180 0.0 
2788 124 0.0 
2789 305 0.0 
2790 124 0.0 
2790 124 0.0 
2790 299 0.0 
2790 345 0.00659898295999 
2791 128 0.0 
2792 18 0.0 
2792 139 0.0 
2792 355 0.0 
2793 2 0.0 
2793 8 0.0 
2793 8 0.0 
2793 66 0.0 
2793 228 0.0 
2793 228 0.0 
2793 229 0.0 
2793 229 0.0 
2793 230 0.0 
2793 230 0.0 
2793 231 0.0 
2793 231 0.0 
2793 234 0.0 
2793 234 0.0 
2793 238 0.0 
2793 238 0.0 
2793 243 0.0 
2793 243 0.0 
2793 244 0.0 
2793 244 0.0 
2793 251 0.0 
2793 251 0.0 
2793 253 0.0 
2793 253 0.0 
2793 254 0.0 
2793 254 0.0 
2794 288 0.0 
2795 1 0.0 
2795 61 0.0 
2795 250 0.00173703383189 
2795 250 0.0027531334199 
2795 305 0.0 
2795 306 0.0 
2795 308 0.0 
2795 322 0.0 
2795 340 0.0 
2795 340 0.0 
2795 340 0.0 
2795 340 0.0 
2795 340 0.0 
2795 340 0.0 
2795 340 0.0 
2795 340 0.0 
2795 351 0.0 
2795 351 0.0 
2795 352 0.0 
2795 352 0.0 
2796 11 0.0 
2796 11 0.0 
2796 113 0.0 
2796 113 0.0 
2796 340 0.0 
2797 305 0.0 
2798 83 0.0 
2798 176 0.0 
2798 228 0.0 
2798 255 0.0 
2798 257 0.0 
2798 259 0.0 
2798 265 0.0 
2798 280 0.0 
2798 350 0.0 
2798 353 0.0 
2799 44 0.0 
2799 44 0.0 
2800 354 0.0 
2801 288 0.0 
2802 305 0.0 
2802 306 0.0 
2803 93 0.011519276537 
2803 217 0.0 
2804 11 0.0 
2804 11 0.0 
2804 24 0.0 
2804 94 0.0 
2804 110 0.0 
2804 110 0.00178352091461 
2804 110 0.00178352091461 
2804 209 0.0 
2804 219 0.0 
2804 256 0.0 
2804 259 0.0 
2804 259 0.0 
2804 263 0.0 
2804 265 0.0 
2804 271 0.0 
2804 280 0.0 
2804 282 0.0 
2804 292 0.0 
2805 113 0.0 
2805 354 0.0 
2806 4 0.0 
2806 25 0.0 
2806 28 0.0 
2806 28 0.0 
2806 58 0.0 
2806 121 0.0 
2806 128 0.0 
2806 128 0.0 
2806 128 0.0 
2806 217 0.0 
2806 217 0.0 
2806 279 0.0 
2806 279 0.0 
2806 279 0.0 
2806 279 0.0 
2806 279 0.0 
2806 282 0.0 
2806 299 0.0 
2806 299 0.0 
2806 299 0.0 
2806 299 0.0 
2806 299 0.0 
2806 299 0.0 
2806 299 0.0 
2806 299 0.0 
2806 299 0.0 
2806 299 0.0 
2806 299 0.0 
2806 299 0.0 
2806 299 0.0 
2806 299 0.0 
2806 306 0.0 
2806 307 0.0 
2806 308 0.0 
2806 322 0.0 
2806 322 0.0 
2806 330 0.0 
2806 333 0.0 
2806 340 0.0 
2806 340 0.0 
2806 340 0.0 
2806 341 0.0 
2806 343 0.0 
2806 345 0.0 
2806 350 0.0 
2806 353 0.0 
2806 354 0.0 
2806 355 0.0 
2806 356 -0.0 
2807 166 0.0 
2808 113 0.0 
2809 34 0.0 
2810 350 0.0 
2811 16 0.0 
2811 16 0.0 
2811 16 0.0 
2811 16 0.0 
2811 16 0.0 
2811 16 0.0 
2811 16 0.0 
2811 16 0.0 
2811 16 0.0 
2811 16 0.0 
2811 16 0.0 
2811 16 0.0 
2811 16 0.0 
2811 16 0.0 
2811 16 0.0 
2811 16 0.0 
2811 16 0.0 
2811 16 0.0 
2811 16 0.0 
2811 16 0.0 
2811 16 0.0 
2811 16 0.0 
2811 16 0.0 
2811 16 0.0 
2811 16 0.0 
2811 16 0.0 
2811 16 0.0 
2811 16 0.0 
2811 16 0.0 
2811 16 0.0 
2811 16 0.0 
2811 16 0.0 
2811 16 0.0 
2811 16 0.0 
2811 16 0.0 
2811 16 0.0 
2811 16 0.0 
2811 16 0.0 
2811 16 0.0 
2811 16 0.0 
2811 16 0.0 
2811 16 0.0 
2811 16 0.0 
2811 16 0.0 
2811 16 0.0 
2811 16 0.0 
2811 17 0.0 
2811 17 0.0 
2811 17 0.0 
2811 17 0.0 
2811 17 0.0 
2811 17 0.0 
2811 17 0.0 
2811 17 0.0 
2811 17 0.0 
2811 17 0.0 
2811 17 0.0 
2811 17 0.0 
2811 17 0.0 
2811 17 0.0 
2811 17 0.0 
2811 17 0.0 
2811 17 0.0 
2811 17 0.0 
2811 17 0.0 
2811 17 0.0 
2811 17 0.0 
2811 17 0.0 
2811 17 0.0 
2811 17 0.0 
2811 17 0.0 
2811 17 0.0 
2811 17 0.0 
2811 17 0.0 
2811 17 0.0 
2811 17 0.0 
2811 17 0.0 
2811 17 0.0 
2811 17 0.0 
2811 17 0.0 
2811 17 0.0 
2811 17 0.0 
2811 17 0.0 
2811 17 0.0 
2811 17 0.0 
2811 17 0.0 
2811 17 0.0 
2811 17 0.0 
2811 17 0.0 
2811 17 0.0 
2811 17 0.0 
2811 17 0.0 
2811 19 0.0 
2811 19 0.0 
2811 19 0.0 
2811 19 0.0 
2811 19 0.0 
2811 19 0.0 
2811 19 0.0 
2811 19 0.0 
2811 19 0.0 
2811 19 0.0 
2811 19 0.0 
2811 19 0.0 
2811 19 0.0 
2811 19 0.0 
2811 19 0.0 
2811 19 0.0 
2811 19 0.0 
2811 19 0.0 
2811 19 0.0 
2811 19 0.0 
2811 19 0.0 
2811 19 0.0 
2811 19 0.0 
2811 19 0.0 
2811 19 0.0 
2811 19 0.0 
2811 19 0.0 
2811 19 0.0 
2811 19 0.0 
2811 19 0.0 
2811 19 0.0 
2811 19 0.0 
2811 19 0.0 
2811 19 0.0 
2811 19 0.0 
2811 19 0.0 
2811 19 0.0 
2811 19 0.0 
2811 19 0.0 
2811 19 0.0 
2811 19 0.0 
2811 19 0.0 
2811 19 0.0 
2811 19 0.0 
2811 19 0.0 
2811 19 0.0 
2811 21 0.0 
2811 22 0.0 
2811 38 0.0 
2811 38 0.0 
2811 38 0.0 
2811 38 0.0 
2811 38 0.0 
2811 38 0.0 
2811 38 0.0 
2811 38 0.0 
2811 38 0.0 
2811 38 0.0 
2811 38 0.0 
2811 38 0.0 
2811 38 0.0 
2811 38 0.0 
2811 38 0.0 
2811 38 0.0 
2811 38 0.0 
2811 38 0.0 
2811 38 0.0 
2811 38 0.0 
2811 38 0.0 
2811 38 0.0 
2811 38 0.0 
2811 38 0.0 
2811 38 0.0 
2811 38 0.0 
2811 38 0.0 
2811 38 0.0 
2811 38 0.0 
2811 38 0.0 
2811 38 0.0 
2811 38 0.0 
2811 38 0.0 
2811 38 0.0 
2811 95 0.0 
2811 97 0.0 
2811 97 0.0 
2811 97 0.0 
2811 97 0.0 
2811 97 0.0 
2811 97 0.0 
2811 97 0.0 
2811 97 0.0 
2811 97 0.0 
2811 97 0.0 
2811 97 0.0 
2811 97 0.0 
2811 132 0.0 
2811 132 0.0 
2811 132 0.0 
2811 132 0.0 
2811 132 0.0 
2811 132 0.0 
2811 132 0.0 
2811 132 0.0 
2811 132 0.0 
2811 132 0.0 
2811 132 0.0 
2811 132 0.0 
2811 132 0.0 
2811 132 0.0 
2811 132 0.0 
2811 132 0.0 
2811 132 0.0 
2811 132 0.0 
2811 132 0.0 
2811 132 0.0 
2811 132 0.0 
2811 132 0.0 
2811 132 0.0 
2811 132 0.0 
2811 132 0.0 
2811 132 0.0 
2811 132 0.0 
2811 132 0.0 
2811 132 0.0 
2811 132 0.0 
2811 132 0.0 
2811 132 0.0 
2811 132 0.0 
2811 132 0.0 
2811 132 0.0 
2811 132 0.0 
2811 132 0.0 
2811 132 0.0 
2811 132 0.0 
2811 132 0.0 
2811 132 0.0 
2811 132 0.0 
2811 132 0.0 
2811 132 0.0 
2811 132 0.0 
2811 132 0.0 
2811 135 0.0 
2811 135 0.0 
2811 135 0.0 
2811 135 0.0 
2811 135 0.0 
2811 135 0.0 
2811 135 0.0 
2811 135 0.0 
2811 135 0.0 
2811 135 0.0 
2811 135 0.0 
2811 135 0.0 
2811 135 0.0 
2811 135 0.0 
2811 135 0.0 
2811 135 0.0 
2811 135 0.0 
2811 135 0.0 
2811 135 0.0 
2811 135 0.0 
2811 135 0.0 
2811 135 0.0 
2811 135 0.0 
2811 135 0.0 
2811 135 0.0 
2811 135 0.0 
2811 135 0.0 
2811 135 0.0 
2811 135 0.0 
2811 135 0.0 
2811 135 0.0 
2811 135 0.0 
2811 135 0.0 
2811 135 0.0 
2811 135 0.0 
2811 135 0.0 
2811 135 0.0 
2811 135 0.0 
2811 135 0.0 
2811 135 0.0 
2811 135 0.0 
2811 135 0.0 
2811 135 0.0 
2811 135 0.0 
2811 135 0.0 
2811 135 0.0 
2811 138 0.0 
2811 138 0.0 
2811 138 0.0 
2811 138 0.0 
2811 138 0.0 
2811 138 0.0 
2811 138 0.0 
2811 138 0.0 
2811 138 0.0 
2811 138 0.0 
2811 138 0.0 
2811 138 0.0 
2811 138 0.0 
2811 138 0.0 
2811 138 0.0 
2811 138 0.0 
2811 138 0.0 
2811 138 0.0 
2811 138 0.0 
2811 138 0.0 
2811 138 0.0 
2811 138 0.0 
2811 138 0.0 
2811 138 0.0 
2811 138 0.0 
2811 138 0.0 
2811 138 0.0 
2811 138 0.0 
2811 138 0.0 
2811 138 0.0 
2811 138 0.0 
2811 138 0.0 
2811 138 0.0 
2811 138 0.0 
2811 138 0.0 
2811 138 0.0 
2811 138 0.0 
2811 138 0.0 
2811 138 0.0 
2811 138 0.0 
2811 138 0.0 
2811 138 0.0 
2811 138 0.0 
2811 138 0.0 
2811 138 0.0 
2811 138 0.0 
2811 142 0.0 
2811 142 0.0 
2811 142 0.0 
2811 142 0.0 
2811 142 0.0 
2811 142 0.0 
2811 142 0.0 
2811 142 0.0 
2811 142 0.0 
2811 142 0.0 
2811 142 0.0 
2811 142 0.0 
2811 142 0.0 
2811 142 0.0 
2811 142 0.0 
2811 142 0.0 
2811 142 0.0 
2811 142 0.0 
2811 142 0.0 
2811 142 0.0 
2811 142 0.0 
2811 142 0.0 
2811 142 0.0 
2811 142 0.0 
2811 142 0.0 
2811 142 0.0 
2811 142 0.0 
2811 142 0.0 
2811 142 0.0 
2811 142 0.0 
2811 142 0.0 
2811 142 0.0 
2811 142 0.0 
2811 142 0.0 
2811 142 0.0 
2811 142 0.0 
2811 142 0.0 
2811 142 0.0 
2811 142 0.0 
2811 142 0.0 
2811 142 0.0 
2811 142 0.0 
2811 142 0.0 
2811 142 0.0 
2811 142 0.0 
2811 142 0.0 
2811 143 0.0 
2811 143 0.0 
2811 143 0.0 
2811 143 0.0 
2811 143 0.0 
2811 143 0.0 
2811 143 0.0 
2811 143 0.0 
2811 143 0.0 
2811 143 0.0 
2811 143 0.0 
2811 143 0.0 
2811 143 0.0 
2811 143 0.0 
2811 143 0.0 
2811 143 0.0 
2811 143 0.0 
2811 143 0.0 
2811 143 0.0 
2811 143 0.0 
2811 143 0.0 
2811 143 0.0 
2811 143 0.0 
2811 143 0.0 
2811 143 0.0 
2811 143 0.0 
2811 143 0.0 
2811 143 0.0 
2811 143 0.0 
2811 143 0.0 
2811 143 0.0 
2811 143 0.0 
2811 143 0.0 
2811 143 0.0 
2811 143 0.0 
2811 143 0.0 
2811 143 0.0 
2811 143 0.0 
2811 143 0.0 
2811 143 0.0 
2811 143 0.0 
2811 143 0.0 
2811 143 0.0 
2811 143 0.0 
2811 143 0.0 
2811 143 0.0 
2811 144 0.0 
2811 144 0.0 
2811 144 0.0 
2811 144 0.0 
2811 144 0.0 
2811 144 0.0 
2811 144 0.0 
2811 144 0.0 
2811 144 0.0 
2811 144 0.0 
2811 144 0.0 
2811 144 0.0 
2811 144 0.0 
2811 144 0.0 
2811 144 0.0 
2811 144 0.0 
2811 144 0.0 
2811 144 0.0 
2811 144 0.0 
2811 144 0.0 
2811 144 0.0 
2811 144 0.0 
2811 144 0.0 
2811 144 0.0 
2811 144 0.0 
2811 144 0.0 
2811 144 0.0 
2811 144 0.0 
2811 144 0.0 
2811 144 0.0 
2811 144 0.0 
2811 144 0.0 
2811 144 0.0 
2811 144 0.0 
2811 144 0.0 
2811 144 0.0 
2811 144 0.0 
2811 144 0.0 
2811 144 0.0 
2811 144 0.0 
2811 144 0.0 
2811 144 0.0 
2811 144 0.0 
2811 144 0.0 
2811 144 0.0 
2811 144 0.0 
2811 146 0.0 
2811 146 0.0 
2811 146 0.0 
2811 146 0.0 
2811 146 0.0 
2811 146 0.0 
2811 146 0.0 
2811 146 0.0 
2811 146 0.0 
2811 146 0.0 
2811 146 0.0 
2811 146 0.0 
2811 146 0.0 
2811 146 0.0 
2811 146 0.0 
2811 146 0.0 
2811 146 0.0 
2811 146 0.0 
2811 146 0.0 
2811 146 0.0 
2811 146 0.0 
2811 146 0.0 
2811 146 0.0 
2811 146 0.0 
2811 146 0.0 
2811 146 0.0 
2811 146 0.0 
2811 146 0.0 
2811 146 0.0 
2811 146 0.0 
2811 146 0.0 
2811 146 0.0 
2811 146 0.0 
2811 146 0.0 
2811 146 0.0 
2811 146 0.0 
2811 146 0.0 
2811 146 0.0 
2811 146 0.0 
2811 146 0.0 
2811 146 0.0 
2811 146 0.0 
2811 146 0.0 
2811 146 0.0 
2811 146 0.0 
2811 146 0.0 
2811 151 0.0 
2811 151 0.0 
2811 151 0.0 
2811 151 0.0 
2811 151 0.0 
2811 151 0.0 
2811 151 0.0 
2811 151 0.0 
2811 151 0.0 
2811 151 0.0 
2811 151 0.0 
2811 151 0.0 
2811 151 0.0 
2811 151 0.0 
2811 151 0.0 
2811 151 0.0 
2811 151 0.0 
2811 151 0.0 
2811 151 0.0 
2811 151 0.0 
2811 151 0.0 
2811 151 0.0 
2811 151 0.0 
2811 151 0.0 
2811 151 0.0 
2811 151 0.0 
2811 151 0.0 
2811 151 0.0 
2811 151 0.0 
2811 151 0.0 
2811 151 0.0 
2811 151 0.0 
2811 151 0.0 
2811 151 0.0 
2811 151 0.0 
2811 151 0.0 
2811 151 0.0 
2811 151 0.0 
2811 151 0.0 
2811 151 0.0 
2811 151 0.0 
2811 151 0.0 
2811 151 0.0 
2811 151 0.0 
2811 151 0.0 
2811 151 0.0 
2811 156 0.0 
2811 156 0.0 
2811 156 0.0 
2811 156 0.0 
2811 156 0.0 
2811 156 0.0 
2811 156 0.0 
2811 156 0.0 
2811 156 0.0 
2811 156 0.0 
2811 156 0.0 
2811 156 0.0 
2811 156 0.0 
2811 156 0.0 
2811 156 0.0 
2811 156 0.0 
2811 156 0.0 
2811 156 0.0 
2811 156 0.0 
2811 156 0.0 
2811 156 0.0 
2811 156 0.0 
2811 156 0.0 
2811 156 0.0 
2811 156 0.0 
2811 156 0.0 
2811 156 0.0 
2811 156 0.0 
2811 156 0.0 
2811 156 0.0 
2811 156 0.0 
2811 156 0.0 
2811 156 0.0 
2811 156 0.0 
2811 156 0.0 
2811 156 0.0 
2811 156 0.0 
2811 156 0.0 
2811 156 0.0 
2811 156 0.0 
2811 156 0.0 
2811 156 0.0 
2811 156 0.0 
2811 156 0.0 
2811 156 0.0 
2811 156 0.0 
2811 167 0.0 
2811 167 0.0 
2811 167 0.0 
2811 167 0.0 
2811 167 0.0 
2811 167 0.0 
2811 167 0.0 
2811 167 0.0 
2811 167 0.0 
2811 167 0.0 
2811 167 0.0 
2811 167 0.0 
2811 167 0.0 
2811 167 0.0 
2811 167 0.0 
2811 167 0.0 
2811 167 0.0 
2811 167 0.0 
2811 167 0.0 
2811 167 0.0 
2811 167 0.0 
2811 167 0.0 
2811 167 0.0 
2811 167 0.0 
2811 167 0.0 
2811 167 0.0 
2811 167 0.0 
2811 167 0.0 
2811 167 0.0 
2811 167 0.0 
2811 167 0.0 
2811 167 0.0 
2811 167 0.0 
2811 167 0.0 
2811 167 0.0 
2811 167 0.0 
2811 167 0.0 
2811 167 0.0 
2811 167 0.0 
2811 167 0.0 
2811 167 0.0 
2811 167 0.0 
2811 167 0.0 
2811 167 0.0 
2811 167 0.0 
2811 167 0.0 
2811 192 0.0 
2811 192 0.0 
2811 192 0.0 
2811 192 0.0 
2811 192 0.0 
2811 192 0.0 
2811 192 0.0 
2811 192 0.0 
2811 192 0.0 
2811 192 0.0 
2811 192 0.0 
2811 192 0.0 
2811 192 0.0 
2811 192 0.0 
2811 192 0.0 
2811 192 0.0 
2811 192 0.0 
2811 192 0.0 
2811 192 0.0 
2811 192 0.0 
2811 192 0.0 
2811 192 0.0 
2811 192 0.0 
2811 192 0.0 
2811 192 0.0 
2811 192 0.0 
2811 192 0.0 
2811 192 0.0 
2811 192 0.0 
2811 192 0.0 
2811 192 0.0 
2811 192 0.0 
2811 192 0.0 
2811 192 0.0 
2811 192 0.0 
2811 192 0.0 
2811 192 0.0 
2811 192 0.0 
2811 192 0.0 
2811 192 0.0 
2811 192 0.0 
2811 192 0.0 
2811 192 0.0 
2811 192 0.0 
2811 192 0.0 
2811 192 0.0 
2811 196 0.0 
2811 196 0.0 
2811 196 0.0 
2811 196 0.0 
2811 196 0.0 
2811 196 0.0 
2811 196 0.0 
2811 196 0.0 
2811 196 0.0 
2811 196 0.0 
2811 196 0.0 
2811 196 0.0 
2811 196 0.0 
2811 196 0.0 
2811 196 0.0 
2811 196 0.0 
2811 196 0.0 
2811 196 0.0 
2811 196 0.0 
2811 196 0.0 
2811 196 0.0 
2811 196 0.0 
2811 196 0.0 
2811 196 0.0 
2811 196 0.0 
2811 196 0.0 
2811 196 0.0 
2811 196 0.0 
2811 196 0.0 
2811 196 0.0 
2811 196 0.0 
2811 196 0.0 
2811 196 0.0 
2811 196 0.0 
2811 196 0.0 
2811 196 0.0 
2811 196 0.0 
2811 196 0.0 
2811 196 0.0 
2811 196 0.0 
2811 196 0.0 
2811 196 0.0 
2811 196 0.0 
2811 196 0.0 
2811 196 0.0 
2811 196 0.0 
2811 207 0.0 
2811 207 0.0 
2811 207 0.0 
2811 207 0.0 
2811 207 0.0 
2811 207 0.0 
2811 207 0.0 
2811 207 0.0 
2811 207 0.0 
2811 207 0.0 
2811 207 0.0 
2811 207 0.0 
2811 207 0.0 
2811 207 0.0 
2811 207 0.0 
2811 207 0.0 
2811 207 0.0 
2811 207 0.0 
2811 207 0.0 
2811 207 0.0 
2811 207 0.0 
2811 207 0.0 
2811 207 0.0 
2811 207 0.0 
2811 207 0.0 
2811 207 0.0 
2811 207 0.0 
2811 207 0.0 
2811 207 0.0 
2811 207 0.0 
2811 207 0.0 
2811 207 0.0 
2811 207 0.0 
2811 207 0.0 
2811 207 0.0 
2811 207 0.0 
2811 207 0.0 
2811 207 0.0 
2811 207 0.0 
2811 207 0.0 
2811 207 0.0 
2811 207 0.0 
2811 207 0.0 
2811 207 0.0 
2811 207 0.0 
2811 207 0.0 
2811 212 0.0 
2811 212 0.0 
2811 212 0.0 
2811 212 0.0 
2811 212 0.0 
2811 212 0.0 
2811 212 0.0 
2811 212 0.0 
2811 212 0.0 
2811 212 0.0 
2811 212 0.0 
2811 212 0.0 
2811 212 0.0 
2811 212 0.0 
2811 212 0.0 
2811 212 0.0 
2811 212 0.0 
2811 212 0.0 
2811 212 0.0 
2811 212 0.0 
2811 212 0.0 
2811 212 0.0 
2811 212 0.0 
2811 212 0.0 
2811 212 0.0 
2811 212 0.0 
2811 212 0.0 
2811 212 0.0 
2811 212 0.0 
2811 212 0.0 
2811 212 0.0 
2811 212 0.0 
2811 212 0.0 
2811 212 0.0 
2811 212 0.0 
2811 212 0.0 
2811 212 0.0 
2811 212 0.0 
2811 212 0.0 
2811 212 0.0 
2811 212 0.0 
2811 212 0.0 
2811 212 0.0 
2811 212 0.0 
2811 212 0.0 
2811 212 0.0 
2811 344 0.0 
2811 344 0.0 
2811 344 0.0 
2811 344 0.0 
2811 344 0.0 
2811 344 0.0 
2811 344 0.0 
2811 344 0.0 
2811 344 0.0 
2811 344 0.0 
2811 344 0.0 
2811 344 0.0 
2812 279 0.0 
2813 25 0.0 
2813 330 0.0 
2813 333 0.0 
2813 341 0.0 
2813 343 0.0 
2813 345 0.0 
2813 353 0.0 
2813 354 0.0 
2813 355 0.0 
2813 356 -0.0 
2814 254 0.0 
2815 336 0.0 
2816 38 0.0 
2817 113 0.0 
2817 113 0.0 
2817 113 0.0 
2817 113 0.0 
2817 113 0.0 
2817 113 0.0 
2817 113 0.0 
2817 204 0.0 
2818 28 0.0 
2818 173 0.0 
2819 1 0.0193117279559 
2819 61 0.187599658966 
2820 54 0.0 
2820 57 0.0 
2820 109 0.0 
2820 124 0.0 
2820 244 0.0 
2820 340 0.0 
2820 340 0.0 
2820 350 0.0 
2820 350 0.0 
2820 350 0.0 
2821 1 0.0193117279559 
2821 20 0.00426362873986 
2821 20 0.00426362873986 
2821 28 0.0 
2821 28 0.0 
2821 61 0.187599658966 
2821 204 0.0 
2821 208 0.00547165656462 
2821 208 0.00547165656462 
2821 212 0.00839261710644 
2821 336 0.0 
2821 336 0.0 
2821 336 0.0 
2821 336 0.0 
2821 336 0.0 
2821 336 0.0 
2821 336 0.0 
2821 336 0.0 
2822 1 0.0193117279559 
2822 54 0.0 
2822 54 0.0 
2822 54 0.0 
2822 54 0.0 
2822 54 0.0 
2822 54 0.0 
2822 54 0.0 
2822 54 0.0 
2822 54 0.0 
2822 54 0.0 
2822 54 0.0 
2822 54 0.0 
2822 61 0.187599658966 
2822 70 0.0 
2822 111 0.0 
2823 113 0.0 
2823 113 0.0 
2824 26 0.0138231320307 
2824 26 0.0219091456383 
2824 29 0.0023740271572 
2824 29 0.00376274390146 
2824 33 0.00323646655306 
2824 33 0.00512967817485 
2824 36 0.165707081556 
2824 36 0.262639522552 
2824 40 0.0123661998659 
2824 40 0.0195999629796 
2824 47 0.00292471633293 
2824 47 0.00463556544855 
2824 51 0.693789660931 
2824 51 0.437732547522 
2824 53 0.00103956763633 
2824 53 0.00164767575916 
2824 55 0.0 
2824 55 0.0 
2824 56 0.0828535407782 
2824 56 0.131319761276 
2824 60 0.0 
2824 60 0.0 
2824 63 0.0 
2824 63 0.0 
2824 64 0.260171115398 
2824 64 0.164149701595 
2825 1 0.0193117279559 
2825 61 0.187599658966 
2825 200 0.00694813532755 
2825 306 0.0 
2825 306 0.0 
2826 128 0.0 
2827 124 0.0 
2827 124 0.0 
2828 162 0.0 
2829 48 0.0 
2830 124 0.0 
2831 299 0.0 
2831 299 0.0 
2831 350 0.0 
2831 350 0.0 
2832 113 0.0 
2832 350 0.0 
2833 308 0.0 
2834 113 0.0 
2835 58 0.0 
2835 321 0.0 
2836 4 0.0 
2836 5 0.0 
2836 7 0.0 
2836 7 0.0 
2836 7 0.0 
2836 14 0.0 
2836 28 0.0 
2836 54 0.0 
2836 111 0.00853020045906 
2836 111 0.0 
2836 111 0.0 
2836 111 0.0 
2836 113 0.0 
2836 113 0.0 
2836 124 0.0 
2836 128 0.0 
2836 173 0.0 
2836 201 0.00920594949275 
2836 281 0.0 
2836 281 0.0 
2836 281 0.0 
2836 285 0.0 
2836 287 0.0 
2836 306 0.0 
2836 311 0.0 
2836 312 0.0 
2836 350 0.0 
2836 350 0.0 
2836 354 0.0 
2836 355 0.0 
2837 139 0.0 
2837 139 0.0 
2838 7 0.0 
2838 54 0.0 
2838 124 0.0 
2838 124 0.0 
2838 124 0.0 
2838 124 0.0 
2838 124 0.0 
2838 254 0.0 
2839 113 0.0 
2839 113 0.0 
2839 113 0.0 
2840 113 0.0 
2840 113 0.0 
2840 113 0.0 
2841 105 0.0 
2842 204 0.0 
2843 8 0.0 
2843 28 0.0 
2843 166 0.0 
2844 350 0.0 
2845 113 0.0 
2845 124 0.0 
2845 305 0.0 
2845 350 0.0 
2846 299 0.0 
2847 255 0.0 
2848 285 0.0 
2849 227 0.0 
2850 128 0.0 
2851 124 0.0 
2851 124 0.0 
2851 124 0.0 
2851 124 0.0 
2851 124 0.0 
2851 124 0.0 
2851 124 0.0 
2851 124 0.0 
2851 350 0.0 
2852 254 0.0 
2853 7 0.0 
2853 352 0.0 
2854 155 0.0 
2855 83 0.0 
2855 83 0.0 
2855 113 0.0 
2855 113 0.0 
2855 124 0.0 
2855 299 0.0 
2855 306 0.0 
2855 354 0.0 
2856 1 0.0193117279559 
2856 1 0.0193117279559 
2856 13 0.0 
2856 13 0.0 
2856 13 0.0 
2856 61 0.187599658966 
2856 61 0.187599658966 
2856 113 0.0 
2856 113 0.0 
2856 299 0.0 
2857 305 0.0 
2858 299 0.0 
2859 305 0.0 
2860 350 0.0 
2861 18 0.0 
2861 18 0.0 
2861 18 0.0 
2861 307 0.0 
2861 336 0.0 
2861 336 0.0 
2861 336 0.0 
2861 336 0.0 
2861 336 0.0 
2861 336 0.0 
2861 354 0.0 
2862 217 0.0 
2863 83 0.0 
2864 113 0.0 
2865 38 0.0 
2866 260 0.0 
2866 269 0.0 
2866 352 0.0 
2866 352 0.0 
2867 105 0.0 
2867 185 0.0 
2868 5 0.0 
2868 5 0.0 
2868 7 0.0 
2868 7 0.0 
2868 7 0.0 
2868 113 0.0 
2868 124 0.0 
2868 199 0.0 
2868 199 0.00691156601533 
2868 243 0.0 
2868 290 0.0 
2868 340 0.0 
2868 354 0.0 
2869 299 0.0 
2870 275 0.0 
2871 54 0.0 
2872 299 0.0 
2873 1 0.0 
2873 61 0.0 
2874 166 0.0 
2875 124 0.0 
2875 124 0.0 
2875 124 0.0 
2875 124 0.0 
2875 299 0.0 
2875 299 0.0 
2875 299 0.0 
2875 299 0.0 
2875 305 0.0 
2875 306 0.0 
2876 4 0.0 
2876 5 0.0 
2876 5 0.0 
2876 28 0.0 
2876 340 0.0 
2877 282 0.0 
2877 285 0.0 
2877 321 0.0 
2877 352 0.0 
2878 299 0.0 
2878 350 0.0 
2879 109 0.0 
2879 288 0.0 
2879 308 0.0 
2880 299 0.0 
2881 8 0.0 
2881 113 0.0 
2881 124 0.0 
2881 124 0.0 
2881 124 0.0 
2881 350 0.0 
2881 350 0.0 
2881 350 0.0 
2881 350 0.0 
2881 350 0.0 
2881 350 0.0 
2882 3 0.0 
2882 3 0.0 
2882 3 0.0 
2882 3 0.0 
2882 3 0.0 
2882 3 0.0 
2882 3 0.0 
2882 3 0.0 
2882 3 0.0 
2882 3 0.0 
2882 3 0.0 
2882 3 0.0 
2882 3 0.0 
2882 3 0.0 
2882 4 0.0 
2882 12 0.0 
2882 16 0.00296432850882 
2882 17 0.00317197502591 
2882 17 0.0 
2882 17 0.0 
2882 19 0.00269005005248 
2882 22 0.0 
2882 25 0.0 
2882 30 0.0 
2882 38 0.0 
2882 38 0.0 
2882 44 0.0 
2882 44 0.0 
2882 98 0.0 
2882 103 0.0 
2882 132 0.0182388555259 
2882 135 0.0182388555259 
2882 138 0.00164355151355 
2882 142 0.0051097185351 
2882 143 0.0051097185351 
2882 144 0.0121592376381 
2882 146 0.0144307417795 
2882 151 0.00706020230427 
2882 156 0.00725523522124 
2882 167 0.0132646225393 
2882 192 0.0105903036892 
2882 196 0.00920594949275 
2882 207 0.00272544543259 
2882 209 0.0 
2882 210 0.0 
2882 217 0.0 
2882 217 0.00401589460671 
2882 217 0.0 
2882 217 0.0 
2882 217 0.0 
2882 218 0.0 
2882 219 0.0 
2882 221 0.0 
2882 222 0.0 
2882 223 0.0 
2882 224 0.0 
2882 225 0.0 
2882 226 0.0 
2882 228 0.0 
2882 232 0.0 
2882 233 0.0 
2882 245 0.0 
2882 246 0.0 
2882 247 0.0 
2882 248 0.0 
2882 249 0.0 
2882 250 0.0 
2882 294 0.0 
2882 299 0.0 
2882 302 0.0 
2882 338 0.0 
2882 341 0.0 
2882 354 0.0 
2882 354 0.0 
2882 354 0.0 
2882 355 0.0 
2882 355 0.0 
2882 355 0.0 
2882 355 0.0 
2883 342 0.0 
2883 342 0.0 
2884 113 0.0 
2884 113 0.0 
2885 17 0.0 
2886 128 0.0 
2886 128 0.0 
2886 128 0.0 
2886 128 0.0 
2886 218 0.0 
2886 265 0.0 
2886 279 0.0 
2886 279 0.0 
2886 279 0.0 
2886 282 0.00133634754457 
2886 282 0.0 
2886 282 0.0 
2886 283 0.0 
2886 283 0.00207652989775 
2886 283 0.00207652989775 
2886 283 0.0 
2886 283 0.0 
2886 284 0.0 
2886 285 0.0 
2886 289 0.0 
2886 289 0.0 
2886 291 0.0 
2886 291 0.0 
2886 291 0.0023740271572 
2886 291 0.0 
2886 291 0.0023740271572 
2886 291 0.0 
2886 291 0.0 
2886 291 0.0 
2886 293 0.00254933978431 
2886 293 0.00254933978431 
2886 293 0.0 
2886 293 0.0 
2886 298 0.0 
2886 298 0.000213815597817 
2886 307 0.0 
2886 309 0.0 
2886 309 0.0 
2886 309 0.0 
2886 309 0.0 
2886 309 0.0 
2886 309 0.0 
2886 309 0.0 
2886 309 0.0 
2886 309 0.0 
2886 309 0.0 
2886 311 0.0 
2886 311 0.0 
2886 311 0.0 
2886 311 0.0 
2886 311 0.0 
2886 311 0.0 
2886 311 0.0 
2886 311 0.0 
2886 311 0.0 
2886 311 0.00146643444896 
2886 311 0.0 
2886 311 0.0 
2886 311 0.0 
2886 311 0.0 
2886 311 0.0 
2886 311 0.00146643444896 
2886 311 0.0 
2886 311 0.0 
2886 311 0.0 
2886 311 0.0 
2886 312 0.0 
2886 313 0.0 
2886 321 0.0 
2886 321 0.0 
2886 321 0.0 
2886 321 0.0 
2886 321 0.0 
2886 331 0.0 
2886 331 0.0 
2886 332 0.0 
2886 336 0.0 
2886 336 0.0 
2886 336 0.0 
2886 336 0.0 
2886 336 0.0 
2886 336 0.0 
2886 336 0.0 
2886 336 0.0 
2886 336 0.0 
2886 336 0.0 
2886 336 0.0 
2886 336 0.0 
2886 336 0.0 
2886 336 0.0 
2886 336 0.0 
2886 336 0.0 
2886 336 0.0 
2886 336 0.0 
2886 336 0.0 
2886 336 0.0 
2886 336 0.0 
2886 336 0.0 
2886 336 0.0 
2886 336 0.0 
2886 336 0.0 
2886 336 0.0 
2886 336 0.0 
2886 336 0.0 
2886 336 0.0 
2886 336 0.0 
2886 336 0.0 
2886 336 0.0 
2886 336 0.0 
2886 336 0.0 
2886 336 0.0 
2886 336 0.0 
2886 336 0.0 
2886 336 0.0 
2886 336 0.0 
2886 336 0.0 
2886 336 0.0 
2886 336 0.0 
2886 336 0.0 
2886 336 0.0 
2886 336 0.0 
2886 336 0.0 
2886 336 0.0 
2886 336 0.0 
2886 336 0.0 
2886 342 0.0 
2886 342 0.0 
2886 342 0.0 
2886 342 0.0 
2886 351 0.0 
2886 352 0.0 
2886 352 0.0 
2886 352 0.0 
2886 352 0.0 
2886 352 0.00366814946756 
2886 352 0.0 
2886 352 0.0 
2886 352 0.0 
2886 352 0.0 
2886 352 0.0 
2886 352 0.0 
2886 352 0.0 
2886 352 0.0 
2886 352 0.0 
2886 352 0.0 
2887 1 0.0 
2887 61 0.0 
2888 299 0.0 
2888 299 0.0 
2889 38 0.0 
2889 38 0.0 
2890 59 0.0 
2891 44 0.0 
2892 128 0.0 
2892 128 0.0236519183964 
2892 128 0.0 
2892 338 0.0 
2893 113 0.0 
2893 113 0.0 
2893 128 0.0236519183964 
2893 128 0.0 
2893 128 0.0236519183964 
2893 231 0.0 
2893 243 0.0 
2893 243 0.0 
2893 287 0.0 
2893 332 0.0 
2893 334 0.0 
2893 334 0.0 
2893 350 0.0 
2894 113 0.0 
2894 113 0.0 
2895 338 0.0 
2896 267 0.0 
2897 185 0.0 
2898 34 0.0 
2898 34 0.0 
2898 34 0.0184118989855 
2898 34 0.0 
2898 34 0.0 
2898 217 0.0 
2899 299 0.0 
2900 124 0.0 
2900 124 0.0 
2901 133 0.0 
2901 136 0.0 
2902 133 0.0 
2902 136 0.0 
2903 133 0.0 
2903 133 0.0 
2903 136 0.0 
2903 136 0.0 
2904 133 0.0 
2904 133 0.0 
2904 133 0.0 
2904 136 0.0 
2904 136 0.0 
2904 136 0.0 
2905 113 0.0 
2906 229 0.0 
2906 230 0.0 
2906 231 0.0 
2906 234 0.0 
2906 238 0.0 
2906 243 0.0 
2906 244 0.0 
2906 251 0.0 
2906 253 0.0 
2906 254 0.0 
2907 299 0.0 
2908 1 0.0 
2908 1 0.0 
2908 1 0.0 
2908 1 0.0 
2908 1 0.0 
2908 1 0.0 
2908 1 0.0 
2908 1 0.0 
2908 1 0.0 
2908 1 0.0 
2908 1 0.0 
2908 1 0.0 
2908 1 0.0 
2908 1 0.0193117279559 
2908 1 0.0 
2908 1 0.0 
2908 1 0.0 
2908 8 0.00825910456479 
2908 8 0.00825910456479 
2908 21 0.0 
2908 21 0.0 
2908 21 0.0 
2908 21 0.0 
2908 21 0.0 
2908 22 0.0 
2908 24 0.0 
2908 24 0.0 
2908 24 0.0 
2908 24 0.0 
2908 24 0.0 
2908 24 0.0 
2908 24 0.0 
2908 24 0.0 
2908 24 0.0 
2908 24 0.0 
2908 24 0.0 
2908 24 0.0 
2908 24 0.0 
2908 24 0.0 
2908 24 0.0 
2908 24 0.0 
2908 24 0.0 
2908 24 0.0 
2908 24 0.0 
2908 24 0.0 
2908 24 0.0 
2908 24 0.0 
2908 25 0.0 
2908 25 0.0 
2908 25 0.0 
2908 25 0.0 
2908 25 0.0 
2908 25 0.0 
2908 25 0.0 
2908 25 0.0 
2908 25 0.0 
2908 25 0.0 
2908 25 0.0 
2908 25 0.0 
2908 25 0.0 
2908 25 0.0 
2908 25 0.0 
2908 25 0.0 
2908 25 0.0 
2908 25 0.0 
2908 27 0.0 
2908 27 0.0 
2908 27 0.0 
2908 27 0.0 
2908 27 0.0 
2908 27 0.0 
2908 27 0.0 
2908 27 0.0 
2908 27 0.0 
2908 27 0.0 
2908 27 0.0 
2908 27 0.0 
2908 27 0.0 
2908 27 0.0 
2908 27 0.0 
2908 27 0.0 
2908 27 0.0 
2908 27 0.000644989020657 
2908 27 0.0 
2908 27 0.000644989020657 
2908 38 0.0 
2908 38 0.0 
2908 38 0.0 
2908 38 0.0 
2908 38 0.0 
2908 38 0.0 
2908 38 0.0 
2908 38 0.0 
2908 38 0.0 
2908 38 0.0 
2908 41 0.164149701595 
2908 43 0.0 
2908 43 0.0 
2908 43 0.0 
2908 43 0.0 
2908 43 0.0 
2908 43 0.0 
2908 43 0.0 
2908 43 0.0 
2908 43 0.0 
2908 43 0.0 
2908 43 0.0 
2908 43 0.0 
2908 43 0.0 
2908 43 0.0 
2908 43 0.0 
2908 43 0.0 
2908 43 0.0 
2908 43 0.0 
2908 43 0.0 
2908 43 0.0 
2908 43 0.0 
2908 43 0.0 
2908 48 0.0 
2908 61 0.187599658966 
2908 61 0.0 
2908 61 0.0 
2908 61 0.0 
2908 61 0.0 
2908 61 0.0 
2908 61 0.0 
2908 61 0.0 
2908 61 0.0 
2908 61 0.0 
2908 61 0.0 
2908 61 0.0 
2908 61 0.0 
2908 61 0.0 
2908 61 0.0 
2908 61 0.0 
2908 61 0.0 
2908 67 0.0 
2908 67 0.0 
2908 67 0.0 
2908 67 0.0 
2908 67 0.0 
2908 67 0.0 
2908 67 0.0 
2908 67 0.0 
2908 67 0.0 
2908 67 0.0 
2908 67 0.0 
2908 67 0.0 
2908 67 0.0 
2908 67 0.0 
2908 67 0.0 
2908 67 0.0 
2908 67 0.0 
2908 67 0.0 
2908 67 0.0 
2908 67 0.0 
2908 67 0.0 
2908 67 0.0 
2908 67 0.0 
2908 67 0.0 
2908 67 0.0 
2908 67 0.0 
2908 67 0.0 
2908 67 0.0 
2908 67 0.0 
2908 67 0.0 
2908 67 0.0 
2908 67 0.0 
2908 67 0.0 
2908 67 0.0 
2908 67 0.0 
2908 67 0.0 
2908 67 0.0 
2908 88 0.0 
2908 95 0.0 
2908 95 0.0 
2908 95 0.0 
2908 95 0.0 
2908 95 0.0 
2908 100 0.0 
2908 102 0.0 
2908 115 0.0 
2908 115 0.0 
2908 115 0.0 
2908 115 0.0 
2908 115 0.0 
2908 117 0.0 
2908 117 0.0 
2908 117 0.0 
2908 117 0.0 
2908 117 0.0 
2908 117 0.0 
2908 118 0.0 
2908 118 0.0 
2908 118 0.0 
2908 118 0.0 
2908 118 0.0 
2908 118 0.0 
2908 119 0.0 
2908 120 0.0 
2908 123 0.0 
2908 126 0.0 
2908 126 0.0 
2908 126 0.0 
2908 127 0.0 
2908 127 0.0 
2908 127 0.0 
2908 130 0.0 
2908 130 0.0 
2908 130 0.0 
2908 130 0.0 
2908 131 0.0 
2908 131 0.0 
2908 131 0.0 
2908 131 0.0 
2908 131 0.0 
2908 141 0.0 
2908 147 0.0 
2908 148 0.0 
2908 148 0.0 
2908 148 0.0 
2908 148 0.0 
2908 148 0.0 
2908 148 0.0 
2908 148 0.0 
2908 148 0.0 
2908 149 0.0 
2908 149 0.0 
2908 158 0.0 
2908 158 0.0 
2908 158 0.0 
2908 158 0.0 
2908 159 0.0 
2908 159 0.0 
2908 159 0.0 
2908 162 0.0 
2908 162 0.0 
2908 162 0.0 
2908 162 0.0 
2908 162 0.0 
2908 162 0.0 
2908 162 0.0 
2908 168 0.0 
2908 168 0.0 
2908 168 0.0 
2908 168 0.0 
2908 174 0.0 
2908 174 0.0 
2908 174 0.0 
2908 174 0.0 
2908 174 0.0 
2908 174 0.0 
2908 174 0.0 
2908 174 0.0 
2908 174 0.0 
2908 174 0.0 
2908 175 0.0 
2908 175 0.0 
2908 175 0.0 
2908 175 0.0 
2908 175 0.0 
2908 175 0.0 
2908 175 0.0 
2908 175 0.0 
2908 175 0.0 
2908 175 0.0 
2908 175 0.0 
2908 175 0.0 
2908 175 0.0 
2908 175 0.0 
2908 175 0.0 
2908 175 0.0 
2908 175 0.0 
2908 175 0.0 
2908 175 0.0 
2908 175 0.0 
2908 177 0.0 
2908 177 0.0 
2908 177 0.0 
2908 177 0.0 
2908 177 0.0 
2908 177 0.0 
2908 177 0.0 
2908 177 0.0 
2908 195 0.0 
2908 195 0.0 
2908 195 0.0 
2908 195 0.0 
2908 195 0.0 
2908 195 0.0 
2908 195 0.0 
2908 195 0.0 
2908 195 0.0 
2908 195 0.0 
2908 195 0.0 
2908 195 0.0 
2908 209 0.00383581197821 
2908 210 0.00470680138096 
2908 211 0.0 
2908 211 0.0 
2908 211 0.0 
2908 211 0.0 
2908 211 0.0 
2908 211 0.0 
2908 211 0.0 
2908 211 0.0 
2908 211 0.0 
2908 211 0.0 
2908 214 0.0 
2908 218 0.00266410107724 
2908 219 0.00746428314596 
2908 220 0.0 
2908 220 0.0 
2908 220 0.0 
2908 221 0.00287685915828 
2908 222 0.00733217224479 
2908 229 0.0 
2908 230 0.0 
2908 231 0.00739763816819 
2908 234 0.0 
2908 238 0.0 
2908 238 0.00841793324798 
2908 239 0.0 
2908 239 0.0 
2908 239 0.0 
2908 239 0.0 
2908 239 0.0 
2908 239 0.0 
2908 239 0.0 
2908 239 0.0 
2908 239 0.0 
2908 239 0.0 
2908 239 0.0 
2908 239 0.0 
2908 239 0.0 
2908 239 0.0 
2908 239 0.0 
2908 239 0.0 
2908 239 0.0 
2908 239 0.0 
2908 239 0.0 
2908 239 0.0 
2908 243 0.00278219813481 
2908 251 0.00650097802281 
2908 256 0.0 
2908 256 0.0 
2908 256 0.0 
2908 256 0.0 
2908 256 0.0 
2908 256 0.0 
2908 256 0.0 
2908 256 0.0 
2908 256 0.0 
2908 256 0.0 
2908 256 0.0 
2908 256 0.0 
2908 256 0.0 
2908 256 0.0 
2908 256 0.0 
2908 256 0.0 
2908 256 0.0 
2908 256 0.0 
2908 256 0.0 
2908 256 0.0 
2908 256 0.0 
2908 256 0.0 
2908 258 0.0 
2908 258 0.0 
2908 258 0.0 
2908 258 0.0 
2908 258 0.0 
2908 258 0.0 
2908 258 0.0 
2908 264 0.0 
2908 264 0.0 
2908 264 0.0 
2908 264 0.0 
2908 264 0.0 
2908 277 0.0 
2908 277 0.0 
2908 277 0.0 
2908 277 0.0 
2908 277 0.0 
2908 277 0.0 
2908 277 0.0 
2908 277 0.0 
2908 277 0.0 
2908 277 0.0 
2908 277 0.0 
2908 277 0.0 
2908 277 0.0 
2908 277 0.0 
2908 277 0.0 
2908 277 0.0 
2908 277 0.0 
2908 277 0.0 
2908 277 0.0 
2908 277 0.0 
2908 294 0.00640584202483 
2908 296 0.0 
2908 296 0.0 
2908 296 0.0 
2908 296 0.0 
2908 296 0.0 
2908 296 0.0 
2908 296 0.0 
2908 296 0.0 
2908 296 0.0 
2908 299 0.0 
2908 301 0.0 
2908 301 0.0 
2908 301 0.0 
2908 301 0.0 
2908 301 0.0 
2908 301 0.0 
2908 301 0.0 
2908 301 0.0 
2908 301 0.0 
2908 301 0.0 
2908 301 0.0 
2908 301 0.0 
2908 301 0.0 
2908 301 0.0 
2908 301 0.0 
2908 301 0.0 
2908 301 0.0 
2908 301 0.0 
2908 301 0.0 
2908 301 0.0 
2908 302 0.0 
2908 302 0.0 
2908 302 0.0 
2908 302 0.0 
2908 302 0.0 
2908 302 0.0 
2908 302 0.0 
2908 302 0.0 
2908 302 0.0 
2908 302 0.0 
2908 302 0.0 
2908 302 0.0 
2908 302 0.0 
2908 302 0.0 
2908 302 0.0 
2908 302 0.0 
2908 302 0.0 
2908 302 0.0 
2908 302 0.0 
2908 302 0.0 
2908 302 0.0 
2908 302 0.0 
2908 302 0.0 
2908 302 0.0 
2908 302 0.0 
2908 302 0.0 
2908 302 0.0 
2908 302 0.0 
2908 302 0.0 
2908 302 0.0 
2908 302 0.0 
2908 302 0.0 
2908 302 0.0 
2908 307 0.0 
2908 321 0.0 
2908 321 0.0 
2908 322 0.0 
2908 336 0.0 
2908 341 0.0 
2908 341 0.0 
2908 341 0.0 
2908 341 0.0 
2908 341 0.0 
2908 341 0.0 
2908 341 0.0 
2908 341 0.0 
2908 341 0.0 
2908 341 0.0 
2908 341 0.0 
2908 341 0.0 
2908 341 0.0 
2908 341 0.0 
2908 341 0.0 
2908 341 0.0 
2908 341 0.0 
2908 341 0.0 
2908 349 0.0 
2908 349 0.0 
2908 349 0.0 
2908 349 0.0 
2908 349 0.0 
2908 349 0.0 
2908 349 0.0 
2908 349 0.0 
2908 349 0.0 
2908 349 0.0 
2908 349 0.0 
2908 349 0.0 
2908 349 0.0 
2908 349 0.0 
2908 349 0.0 
2908 349 0.0 
2908 349 0.0 
2908 349 0.0 
2908 349 0.0 
2908 349 0.0 
2908 351 0.0 
2908 351 0.0 
2908 352 0.0 
2909 3 0.0 
2909 3 0.0 
2909 4 0.0 
2909 4 0.0 
2909 5 0.0 
2909 7 0.0 
2909 7 0.0 
2909 44 0.0 
2909 103 0.0 
2909 103 0.0 
2909 113 0.0 
2909 113 0.0 
2909 113 0.0 
2909 113 0.0 
2909 113 0.0 
2909 124 0.0 
2909 128 0.0 
2909 128 0.0 
2909 128 0.0 
2909 128 0.0 
2909 166 0.0 
2909 189 0.0 
2909 218 0.0 
2909 228 0.0 
2909 231 0.0 
2909 279 0.0 
2909 281 0.0 
2909 281 0.0 
2909 282 0.0 
2909 283 0.0 
2909 287 0.0 
2909 289 0.0 
2909 289 0.0 
2909 290 0.0 
2909 299 0.0 
2909 299 0.0 
2909 299 0.0 
2909 299 0.0 
2909 299 0.0 
2909 305 0.0 
2909 305 0.0 
2909 305 0.0 
2909 306 0.0 
2909 310 0.0 
2909 321 0.0 
2909 332 0.0 
2909 334 0.0 
2909 334 0.0 
2909 335 0.0 
2909 337 0.0 
2909 340 0.0 
2909 340 0.0 
2909 340 0.0 
2909 340 0.0 
2909 350 0.0 
2909 350 0.0 
2909 350 0.0 
2909 351 0.0 
2910 113 0.0 
2911 113 0.0 
2911 113 0.0 
2911 113 0.0 
2911 113 0.0 
2911 113 0.0 
2911 113 0.0 
2911 113 0.0 
2911 113 0.0 
2911 113 0.0 
2911 113 0.0 
2911 113 0.0 
2911 113 0.0 
2911 113 0.0 
2911 113 0.0 
2911 113 0.0 
2911 113 0.0 
2911 113 0.0 
2911 113 0.0 
2911 113 0.0 
2911 113 0.0 
2911 113 0.0 
2911 113 0.0 
2911 113 0.0 
2911 113 0.0301647670567 
2912 340 0.0 
2913 288 0.0 
2913 340 0.0 
2914 337 0.0 
2914 338 0.0 
2915 1 0.0 
2915 61 0.0 
2915 322 0.0 
2916 113 0.0 
2916 113 0.0 
2916 124 0.0 
2916 124 0.0 
2916 128 0.0 
2916 128 0.0 
2916 282 0.0 
2916 290 0.0 
2916 299 0.0 
2916 299 0.0 
2917 124 0.0 
2918 314 0.00591811025515 
2919 110 0.00178352091461 
2920 48 0.0 
2921 305 0.0 
2922 113 0.0 
2922 113 0.0 
2922 113 0.0 
2922 113 0.0 
2922 113 0.0 
2922 113 0.0 
2922 113 0.0 
2922 113 0.0 
2922 113 0.0 
2922 113 0.0 
2922 113 0.0 
2922 113 0.0 
2922 113 0.0 
2922 113 0.0 
2922 113 0.0 
2922 113 0.0 
2922 113 0.0 
2922 305 0.0 
2922 336 0.0 
2922 336 0.0 
2922 336 0.0 
2922 336 0.0 
2922 336 0.0 
2922 336 0.0 
2922 340 0.0 
2922 340 0.0 
2922 340 0.0 
2922 340 0.0 
2922 340 0.0 
2922 340 0.0 
2922 340 0.0 
2922 340 0.0 
2922 340 0.0 
2922 340 0.0 
2922 340 0.0 
2922 351 0.0 
2923 5 0.0 
2923 5 0.0 
2923 7 0.0 
2923 8 0.0 
2923 8 0.0 
2923 8 0.0 
2923 8 0.0 
2923 8 0.0 
2923 8 0.0 
2923 8 0.0 
2923 8 0.0 
2923 8 0.0 
2923 8 0.0 
2923 8 0.0 
2923 8 0.0 
2923 14 0.0 
2923 34 0.0 
2923 103 0.0 
2923 103 0.0 
2923 103 0.0 
2923 103 0.0 
2923 103 0.0 
2923 103 0.0 
2923 103 0.0 
2923 103 0.0 
2923 103 0.0 
2923 103 0.0 
2923 107 0.0 
2923 111 0.0 
2923 111 0.0 
2923 113 0.0301647670567 
2923 113 0.0 
2923 113 0.0 
2923 113 0.0 
2923 113 0.0 
2923 124 0.0 
2923 124 0.0 
2923 124 0.0 
2923 124 0.0 
2923 124 0.0 
2923 124 0.0 
2923 124 0.0 
2923 124 0.0 
2923 124 0.0 
2923 124 0.0 
2923 124 0.0 
2923 124 0.0 
2923 124 0.0 
2923 128 0.0 
2923 128 0.0 
2923 128 0.0 
2923 128 0.0 
2923 128 0.0 
2923 128 0.0 
2923 128 0.0 
2923 128 0.0 
2923 128 0.0 
2923 128 0.0 
2923 128 0.0 
2923 128 0.0 
2923 128 0.0 
2923 128 0.0 
2923 128 0.0 
2923 128 0.0 
2923 128 0.0236519183964 
2923 128 0.0236519183964 
2923 128 0.0 
2923 128 0.0 
2923 166 0.0 
2923 217 0.0 
2923 217 0.0 
2923 217 0.0 
2923 228 0.0 
2923 228 0.0 
2923 231 0.0 
2923 231 0.0 
2923 231 0.0 
2923 243 0.0 
2923 251 0.0 
2923 253 0.0 
2923 253 0.0 
2923 254 0.0 
2923 254 0.0 
2923 254 0.0 
2923 254 0.0 
2923 260 0.0 
2923 269 0.0 
2923 270 0.0 
2923 270 0.0 
2923 271 0.0 
2923 271 0.0 
2923 275 0.0 
2923 275 0.0 
2923 275 0.0 
2923 275 0.0 
2923 275 0.0 
2923 279 0.0 
2923 279 0.0 
2923 279 0.0 
2923 281 0.0 
2923 281 0.0 
2923 282 0.0 
2923 282 0.0 
2923 282 0.0 
2923 284 0.0 
2923 284 0.0 
2923 285 0.0 
2923 287 0.0 
2923 287 0.0 
2923 287 0.0 
2923 287 0.0 
2923 287 0.0 
2923 288 0.0 
2923 288 0.0 
2923 288 0.0 
2923 288 0.0 
2923 292 0.0 
2923 292 0.0 
2923 292 0.0 
2923 293 0.0 
2923 294 0.0101530188695 
2923 294 0.00640584202483 
2923 294 0.0 
2923 294 0.00640584202483 
2923 298 0.0 
2923 298 0.0 
2923 298 0.0 
2923 299 0.0 
2923 299 0.0 
2923 299 0.0 
2923 299 0.0 
2923 299 0.0 
2923 299 0.0 
2923 299 0.0 
2923 306 0.0 
2923 307 0.0 
2923 308 0.0 
2923 308 0.0 
2923 309 0.0 
2923 309 0.0 
2923 309 0.0 
2923 309 0.0 
2923 310 0.0 
2923 311 0.0 
2923 311 0.0 
2923 311 0.0 
2923 311 0.0 
2923 311 0.0 
2923 311 0.0 
2923 312 0.0 
2923 312 0.0 
2923 321 0.0 
2923 322 0.0 
2923 322 0.0 
2923 322 0.0 
2923 329 0.0 
2923 331 0.0 
2923 331 0.0 
2923 332 0.0 
2923 332 0.0 
2923 332 0.0 
2923 332 0.0 
2923 332 0.0 
2923 334 0.0 
2923 334 0.0 
2923 334 0.0 
2923 334 0.0 
2923 334 0.0 
2923 334 0.0 
2923 334 0.0 
2923 334 0.0 
2923 335 0.0 
2923 335 0.0 
2923 335 0.0 
2923 335 0.0 
2923 335 0.0 
2923 335 0.0 
2923 336 0.0 
2923 336 0.00098517886363 
2923 337 0.0 
2923 337 0.0 
2923 338 0.0 
2923 338 0.0 
2923 338 0.0 
2923 338 0.0 
2923 338 0.0 
2923 338 0.0 
2923 338 0.0 
2923 338 0.0 
2923 338 0.0 
2923 338 0.0 
2923 338 0.0 
2923 338 0.0 
2923 338 0.0 
2923 338 0.0 
2923 339 0.0 
2923 339 0.0 
2923 352 0.0 
2923 354 0.0 
2923 354 0.0 
2923 354 0.0 
2923 354 0.0 
2923 354 0.0 
2923 354 0.0 
2924 254 0.0 
2925 282 0.0 
2926 321 0.0 
2927 299 0.0 
2927 350 0.0 
2927 354 0.0 
2928 354 0.0 
2929 103 0.02851190418 
2930 3 0.0 
2930 335 0.0 
2930 338 0.0 
2931 207 0.0 
2931 207 0.0 
2932 103 0.0 
2932 113 0.0 
2932 128 0.0 
2933 11 0.0 
2933 11 0.0 
2933 173 0.0 
2933 173 0.0 
2933 181 0.0 
2933 292 0.0 
2933 292 0.0 
2933 292 0.00198689545505 
2933 292 0.0 
2933 302 0.0 
2934 24 0.0 
2934 24 0.0 
2934 24 0.0 
2934 38 0.0 
2934 128 0.0 
2934 128 0.0 
2934 128 0.0 
2934 128 0.0 
2934 128 0.0 
2934 218 0.0 
2934 256 0.0 
2934 256 0.0 
2934 256 0.0 
2934 258 0.0 
2934 258 0.0 
2934 258 0.0 
2934 264 0.0 
2934 264 0.0 
2934 264 0.0 
2934 265 0.0 
2934 272 0.0 
2934 272 0.0 
2934 272 0.0 
2934 273 0.0 
2934 273 0.0 
2934 273 0.0 
2934 275 0.0 
2934 275 0.0 
2934 275 0.0 
2934 279 0.0 
2934 279 0.0 
2934 279 0.0 
2934 282 0.0 
2934 282 0.0 
2934 282 0.0 
2934 283 0.0 
2934 283 0.0 
2934 283 0.0 
2934 285 0.0 
2934 285 0.0 
2934 285 0.0 
2934 289 0.0 
2934 289 0.0 
2934 289 0.0 
2934 291 0.0 
2934 291 0.0 
2934 291 0.0 
2934 293 0.0 
2934 293 0.0 
2934 293 0.0 
2934 299 0.0 
2934 299 0.0 
2934 299 0.0 
2934 304 0.0 
2934 304 0.0 
2934 304 0.0 
2934 305 0.0 
2934 305 0.0 
2934 305 0.0 
2934 306 0.0 
2934 306 0.0 
2934 306 0.0 
2934 307 0.0 
2934 307 0.0 
2934 307 0.0 
2934 308 0.0 
2934 308 0.0 
2934 308 0.0 
2934 309 0.0 
2934 309 0.0 
2934 309 0.0 
2934 310 0.0 
2934 310 0.0 
2934 310 0.0 
2934 311 0.0 
2934 311 0.0 
2934 311 0.0 
2934 312 0.0 
2934 312 0.0 
2934 312 0.0 
2934 313 0.0 
2934 313 0.0 
2934 313 0.0 
2934 314 0.0 
2934 314 0.0 
2934 314 0.0 
2934 315 0.0 
2934 315 0.0 
2934 315 0.0 
2934 316 0.0 
2934 316 0.0 
2934 316 0.0 
2934 317 0.0 
2934 317 0.0 
2934 317 0.0 
2934 318 0.0 
2934 318 0.0 
2934 318 0.0 
2934 319 0.0 
2934 319 0.0 
2934 319 0.0 
2934 320 0.0 
2934 320 0.0 
2934 320 0.0 
2934 321 0.0 
2934 321 0.0 
2934 321 0.0 
2934 321 0.0 
2934 321 0.0 
2934 321 0.0 
2934 322 0.0 
2934 322 0.0 
2934 322 0.0 
2934 323 0.0 
2934 323 0.0 
2934 323 0.0 
2934 324 0.0 
2934 324 0.0 
2934 324 0.0 
2934 325 0.0 
2934 325 0.0 
2934 325 0.0 
2934 327 0.0 
2934 327 0.0 
2934 327 0.0 
2934 328 0.0 
2934 328 0.0 
2934 328 0.0 
2934 331 0.0 
2934 331 0.0 
2934 331 0.0 
2934 331 0.0 
2934 331 0.0 
2934 332 0.0 
2934 332 0.0 
2934 332 0.0 
2934 332 0.0 
2934 334 0.0 
2934 334 0.0 
2934 334 0.0 
2934 335 0.0 
2934 335 0.0 
2934 335 0.0 
2934 336 0.0 
2934 336 0.0 
2934 336 0.0 
2934 336 0.0 
2934 336 0.0 
2934 336 0.0 
2934 336 0.0 
2934 336 0.0 
2934 336 0.0 
2934 336 0.0 
2934 336 0.0 
2934 336 0.0 
2934 336 0.0 
2934 336 0.0 
2934 336 0.0 
2934 336 0.0 
2934 336 0.0 
2934 336 0.0 
2934 336 0.0 
2934 336 0.0 
2934 336 0.0 
2934 336 0.0 
2934 336 0.0 
2934 336 0.0 
2934 336 0.0 
2934 336 0.0 
2934 336 0.0 
2934 336 0.0 
2934 336 0.0 
2934 336 0.0 
2934 336 0.0 
2934 336 0.0 
2934 336 0.0 
2934 336 0.0 
2934 336 0.0 
2934 336 0.0 
2934 337 0.0 
2934 337 0.0 
2934 337 0.0 
2934 338 0.0 
2934 338 0.0 
2934 338 0.0 
2934 339 0.0 
2934 339 0.0 
2934 339 0.0 
2934 340 0.0 
2934 340 0.0 
2934 340 0.0 
2934 342 0.0 
2934 342 0.0 
2934 342 0.0 
2934 342 0.0 
2934 342 0.0 
2934 350 0.0 
2934 350 0.0 
2934 350 0.0 
2934 351 0.0 
2934 351 0.0 
2934 351 0.0 
2934 351 0.0 
2934 352 0.0 
2934 352 0.0 
2934 352 0.0 
2934 352 0.0 
2934 352 0.0 
2935 299 0.0 
2936 354 0.0 
2936 354 0.0 
2937 128 0.0 
2938 338 0.0 
2938 338 0.0 
2939 7 0.0 
2939 28 0.0 
2939 113 0.0 
2939 139 0.0 
2939 164 0.0 
2939 166 0.0 
2939 173 0.0 
2939 173 0.0 
2939 299 0.0 
2939 350 0.0 
2940 15 0.0 
2940 15 0.0 
2940 75 0.0 
2940 83 0.0 
2940 111 0.0 
2940 111 0.0 
2940 124 0.0 
2940 124 0.0 
2940 124 0.0 
2940 124 0.0 
2940 124 0.0 
2940 124 0.0 
2940 128 0.0 
2940 128 0.0 
2940 139 0.0 
2940 160 0.0 
2940 160 0.0 
2940 173 0.0 
2940 292 0.0 
2940 299 0.0 
2940 329 0.0 
2940 329 0.0042775166221 
2940 329 0.00677970331162 
2940 329 0.0 
2940 332 0.0 
2940 335 0.0 
2940 335 0.0 
2940 335 0.0 
2940 335 0.0 
2940 335 0.0 
2940 335 0.0 
2940 335 0.0 
2940 335 0.0 
2940 338 0.0 
2940 338 0.0 
2940 350 0.0 
2940 350 0.0 
2940 350 0.0 
2940 355 0.0 
2941 289 0.0 
2941 291 0.0 
2941 350 0.0 
2941 354 0.0 
2942 350 0.0 
2942 350 0.00140192115214 
2943 334 0.0 
2943 334 0.0 
2943 334 0.0 
2943 334 0.0 
2943 334 0.0 
2943 334 0.0 
2943 334 0.0 
2943 334 0.0 
2943 334 0.0 
2943 334 0.000772167230025 
2943 334 0.0 
2943 334 0.0 
2943 334 0.0 
2943 334 0.0 
2943 334 0.0 
2943 334 0.0 
2943 334 0.0 
2943 334 0.0 
2943 335 0.0 
2943 335 0.0 
2943 335 0.0 
2943 335 0.0 
2943 335 0.0 
2943 335 0.0 
2943 335 0.0 
2943 335 0.0 
2943 335 0.0 
2943 335 0.0 
2943 335 0.0 
2943 335 0.0 
2943 335 0.0 
2943 335 0.000285210146103 
2943 335 0.0 
2943 335 0.0 
2943 335 0.0 
2943 335 0.0 
2943 337 0.0 
2943 337 0.0 
2943 337 0.000392857007682 
2943 337 0.0 
2943 337 0.0 
2943 337 0.0 
2943 337 0.0 
2943 337 0.0 
2943 337 0.0 
2943 337 0.0 
2943 337 0.0 
2943 337 0.0 
2943 337 0.0 
2943 337 0.0 
2943 337 0.0 
2943 337 0.0 
2943 337 0.0 
2943 337 0.0 
2943 338 0.0 
2943 338 0.0 
2943 338 0.0 
2943 338 0.0 
2943 338 0.0 
2943 338 0.0 
2943 338 0.0 
2943 338 0.0 
2943 338 0.0 
2943 338 0.0 
2943 338 0.0 
2943 338 0.0 
2943 338 0.0 
2943 338 0.0 
2943 338 0.0 
2943 338 0.0 
2943 338 0.0 
2943 338 0.0016704343725 
2943 338 0.0016704343725 
2943 338 0.0 
2943 338 0.0 
2943 338 0.0 
2943 338 0.0 
2943 338 0.0 
2943 338 0.0 
2943 338 0.0 
2943 338 0.0 
2943 338 0.0 
2943 338 0.0 
2943 338 0.0 
2943 338 0.0 
2943 338 0.0 
2943 338 0.0 
2943 338 0.0 
2943 338 0.0 
2943 338 0.0 
2943 338 0.0 
2943 338 0.0 
2943 340 0.0 
2944 304 0.0 
2944 305 0.0 
2945 137 0.0 
2945 291 0.0 
2945 305 0.0 
2946 1 0.0193117279559 
2946 61 0.187599658966 
2947 299 0.0 
2947 299 0.0 
2947 350 0.0 
2948 299 0.0 
2948 299 0.0 
2949 16 0.0 
2949 111 0.0 
2949 312 0.0 
2950 19 0.0 
2950 207 0.0 
2951 7 0.0 
2951 7 0.0 
2951 14 0.0 
2951 14 0.0 
2951 14 0.0 
2951 14 0.0 
2951 25 0.0 
2951 28 0.0 
2951 83 0.0 
2951 83 0.0 
2951 112 0.0 
2951 112 0.0 
2951 112 0.0 
2951 112 0.0 
2951 112 0.0 
2951 112 0.0 
2951 139 0.0 
2951 166 0.0 
2951 173 0.0 
2951 180 0.0 
2951 189 0.0 
2951 212 0.0 
2951 231 0.0 
2951 231 0.0 
2951 231 0.0 
2951 231 0.0 
2951 330 0.0 
2951 333 0.0 
2951 341 0.0 
2951 343 0.0 
2951 345 0.0 
2951 353 0.0 
2951 354 0.0 
2951 354 0.0 
2951 355 0.0 
2951 356 -0.0 
2952 173 0.0 
2953 293 0.0 
2953 340 0.0 
2953 340 0.0 
2953 340 0.0 
2954 354 0.0 
2955 3 0.0 
2955 28 0.0 
2955 28 0.0 
2955 83 0.0 
2955 83 0.0 
2955 83 0.0 
2955 338 0.0 
2956 217 0.0 
2957 299 0.0 
2958 113 0.0 
2959 279 0.0 
2959 350 0.0 
2960 21 0.0 
2960 38 0.0 
2960 38 0.0 
2960 95 0.0 
2961 44 0.0 
2961 97 0.0 
2961 97 0.0 
2961 97 0.0 
2962 309 0.0 
2962 311 0.0 
2962 340 0.0 
2962 352 0.0 
2963 113 0.0 
2964 124 0.0 
2965 228 0.0 
2966 54 0.0 
2967 70 0.0 
2968 16 0.0 
2968 192 0.0 
2969 54 0.0 
2970 1 0.0 
2970 18 0.00594676844776 
2970 18 0.00375199317932 
2970 18 0.0 
2970 18 0.0 
2970 20 0.0 
2970 20 0.0 
2970 20 0.0 
2970 20 0.0 
2970 20 0.0 
2970 24 0.0 
2970 30 0.0 
2970 56 0.0828535407782 
2970 61 0.0 
2970 63 0.0 
2970 70 0.0 
2970 91 0.0 
2970 109 0.0 
2970 124 0.0 
2970 139 0.019452046603 
2970 139 0.0 
2970 139 0.0 
2970 139 0.0122728748247 
2970 139 0.0 
2970 139 0.0 
2970 139 0.0 
2970 139 0.0 
2970 152 0.0115631604567 
2970 152 0.0 
2970 152 0.00729554193094 
2970 152 0.0 
2970 153 0.00720196869224 
2970 153 0.0 
2970 153 0.00454393634573 
2970 154 0.0 
2970 154 0.00732876360416 
2970 154 0.00732876360416 
2970 154 0.00732876360416 
2970 154 0.00462393509224 
2970 155 0.00773743074387 
2970 155 0.00488177547231 
2970 155 0.0 
2970 157 0.0210239291191 
2970 157 0.0 
2970 157 0.0132646225393 
2970 160 0.0 
2970 160 0.0106192296371 
2970 160 0.0106192296371 
2970 160 0.00669998768717 
2970 161 0.0099112810567 
2970 161 0.0 
2970 161 0.00625332212076 
2970 164 0.0 
2970 164 0.0306083671749 
2970 164 0.0 
2970 164 0.0 
2970 164 0.0193117298186 
2970 166 0.00400365144014 
2970 166 0.0 
2970 166 0.00634563714266 
2970 169 0.0 
2970 169 0.00715247076005 
2970 169 0.00451270677149 
2970 170 0.0 
2970 170 0.00691156601533 
2970 170 0.0109545728192 
2970 171 0.0 
2970 171 0.0116277588531 
2970 171 0.00733629893512 
2970 172 0.0 
2970 172 0.00106764037628 
2970 172 0.00169216981158 
2970 173 0.0174904949963 
2970 173 0.0110352737829 
2970 173 0.0 
2970 176 0.0169216971844 
2970 176 0.0 
2970 176 0.0 
2970 176 0.0106764025986 
2970 178 0.0118935368955 
2970 178 0.00750398635864 
2970 178 0.0 
2970 179 0.00412955228239 
2970 179 0.00654518511146 
2970 179 0.0 
2970 180 0.0 
2970 180 0.00424983073026 
2970 180 0.00673582218587 
2970 181 0.00683957105502 
2970 181 0.010840463452 
2970 181 0.0 
2970 182 0.0069850939326 
2970 182 0.0110711120069 
2970 182 0.0 
2970 183 0.0 
2970 183 0.010840463452 
2970 183 0.00683957105502 
2970 184 0.0 
2970 184 0.00628324225545 
2970 184 0.00396428443491 
2970 186 0.0106764025986 
2970 186 0.0 
2970 188 0.0 
2970 188 0.00440967967734 
2970 188 0.00278219813481 
2970 189 0.0 
2970 189 0.0 
2970 189 0.0 
2970 189 0.0 
2970 189 0.00717713404447 
2970 189 0.00452826777473 
2970 190 0.0 
2970 190 0.0147550292313 
2970 190 0.0093093868345 
2970 190 0.0 
2970 198 0.0 
2970 198 0.0036324064713 
2970 198 0.00229179346934 
2970 199 0.0 
2970 199 0.0 
2970 199 0.0109545728192 
2970 199 0.00691156601533 
2970 199 0.0 
2970 200 0.00694813532755 
2970 200 0.0110125336796 
2970 200 0.0 
2970 201 0.0 
2970 201 0.0145910847932 
2970 201 0.00920594949275 
2970 203 0.00343768997118 
2970 203 0.0 
2970 203 0.00544861005619 
2970 204 0.0144307427108 
2970 204 0.00910478550941 
2970 204 0.0 
2970 204 0.0 
2970 208 0.0 
2970 208 0.0 
2970 208 0.0 
2970 208 0.0 
2970 208 0.0 
2970 213 0.0547165647149 
2970 213 0.0345223098993 
2970 213 0.0 
2970 216 0.0 
2970 216 0.00261150416918 
2970 216 0.00164767575916 
2970 217 0.0 
2970 217 0.00401589460671 
2970 217 0.00253374734893 
2970 217 0.0 
2970 217 0.0 
2970 217 0.0 
2970 227 0.0 
2970 227 0.00140750012361 
2970 227 0.000888033711817 
2970 235 0.00691156601533 
2970 235 0.0109545728192 
2970 235 0.0 
2970 236 0.0 
2970 236 0.018495740369 
2970 236 0.0116695137694 
2970 252 0.00270205270499 
2970 252 0.00428265193477 
2970 252 0.0 
2970 254 0.0 
2970 254 0.0 
2970 256 0.0 
2970 258 0.0 
2970 262 0.0 
2970 262 0.00657567800954 
2970 262 0.0104222027585 
2970 264 0.0 
2970 267 0.0162457935512 
2970 267 0.0 
2970 267 0.0257489737123 
2970 270 0.0 
2970 272 0.0 
2970 273 0.0 
2970 274 0.0 
2970 274 0.00429149530828 
2970 274 0.00270763225853 
2970 275 0.0 
2970 278 0.0011587907793 
2970 278 0.0018366399454 
2970 278 0.0 
2970 279 0.0 
2970 282 0.0 
2970 283 0.0 
2970 285 0.0 
2970 286 0.00269881240092 
2970 286 0.0042775166221 
2970 286 0.0 
2970 289 0.0 
2970 291 0.0 
2970 293 0.0 
2970 295 0.00998235493898 
2970 295 0.0158216580749 
2970 295 0.0 
2970 297 0.0 
2970 297 0.001766600064 
2970 297 0.00279999501072 
2970 299 0.0 
2970 300 0.00869667250663 
2970 300 0.0137839000672 
2970 300 0.0 
2970 302 0.0 
2970 302 0.0 
2970 302 0.0 
2970 302 0.0118306083605 
2970 302 0.00746428314596 
2970 304 0.0 
2970 305 0.0 
2970 306 0.0 
2970 307 0.0 
2970 308 0.0 
2970 309 0.0 
2970 310 0.0 
2970 311 0.0 
2970 312 0.0 
2970 313 0.0 
2970 314 0.0 
2970 315 0.0 
2970 316 0.0 
2970 317 0.0 
2970 318 0.0 
2970 319 0.0 
2970 320 0.0 
2970 321 0.0 
2970 322 0.0 
2970 323 0.0 
2970 324 0.0 
2970 325 0.0 
2970 326 0.00246378523298 
2970 326 0.00155447551515 
2970 326 0.0 
2970 327 0.0 
2970 328 0.0 
2970 331 0.0 
2970 332 0.0 
2970 334 0.0 
2970 335 0.0 
2970 336 0.0 
2970 336 0.0 
2970 337 0.0 
2970 338 0.0 
2970 339 0.0 
2970 340 0.0 
2970 342 0.0 
2970 346 0.0238763187081 
2970 346 0.0150642804801 
2970 346 0.0 
2970 348 0.0139689184725 
2970 348 0.00881340634078 
2970 348 0.0 
2970 350 0.0 
2970 351 0.0 
2970 352 0.0 
2971 336 0.0 
2972 309 0.0 
2972 311 0.0 
2972 311 0.0 
2973 292 0.0 
2974 1 0.0193117279559 
2974 28 0.0 
2974 28 0.0 
2974 61 0.187599658966 
2974 91 0.0257489737123 
2974 103 0.0 
2974 103 0.0 
2974 103 0.0 
2974 166 0.0 
2974 281 0.0 
2974 299 0.0 
2974 336 0.0 
2974 350 0.0 
2974 354 0.0 
2975 128 0.0 
2975 128 0.0 
2975 128 0.0 
2975 128 0.0 
2975 128 0.0 
2975 254 0.0 
2975 263 0.0 
2975 287 0.0 
2975 287 0.0 
2975 287 0.0 
2975 287 0.0 
2975 339 0.0 
2976 25 0.0 
2976 330 0.0 
2976 333 0.0 
2976 341 0.0 
2976 343 0.0 
2976 345 0.0 
2976 353 0.0 
2976 354 0.0 
2976 355 0.0 
2976 356 -0.0 
2977 1 0.0193117279559 
2977 1 0.0193117279559 
2977 1 0.0193117279559 
2977 1 0.0193117279559 
2977 1 0.0193117279559 
2977 10 0.00220335158519 
2977 10 0.00220335158519 
2977 10 0.00220335158519 
2977 10 0.00220335158519 
2977 61 0.187599658966 
2977 61 0.187599658966 
2977 61 0.187599658966 
2977 61 0.187599658966 
2977 61 0.187599658966 
2977 85 0.0051097185351 
2977 85 0.0051097185351 
2977 85 0.0051097185351 
2977 85 0.0051097185351 
2978 11 0.0 
2978 12 0.0 
2978 13 0.0 
2978 44 0.0 
2978 92 0.0 
2978 94 0.0 
2978 98 0.0 
2978 103 0.0 
2978 137 0.0 
2978 209 0.0 
2978 210 0.0 
2978 218 0.0 
2978 219 0.0 
2978 221 0.0 
2978 222 0.0 
2978 223 0.0 
2978 224 0.0 
2978 225 0.0 
2978 226 0.0 
2978 232 0.0 
2978 233 0.0 
2978 245 0.0 
2978 246 0.0 
2978 247 0.0 
2978 248 0.0 
2978 249 0.0 
2978 250 0.0 
2978 273 0.0 
2978 275 0.0 
2978 279 0.0 
2978 282 0.0 
2978 283 0.0 
2978 285 0.0 
2978 289 0.0 
2978 291 0.0 
2978 293 0.0 
2978 294 0.0 
2978 299 0.0 
2978 304 0.0 
2978 305 0.0 
2978 306 0.0 
2978 307 0.0 
2978 308 0.0 
2978 309 0.0 
2978 310 0.0 
2978 311 0.0 
2978 312 0.0 
2978 313 0.0 
2978 321 0.0 
2978 322 0.0 
2978 327 0.0 
2978 328 0.0 
2978 331 0.0 
2978 331 0.0 
2978 332 0.0 
2978 334 0.0 
2978 335 0.0 
2978 336 0.0 
2978 337 0.0 
2978 338 0.0 
2978 339 0.0 
2978 340 0.0 
2978 342 0.0 
2978 350 0.0 
2978 351 0.0 
2978 352 0.0 
2979 13 0.0 
2980 111 0.0 
2980 124 0.0 
2980 254 0.0 
2980 254 0.0 
2980 254 0.0 
2981 128 0.0 
2981 128 0.0 
2982 190 0.0 
2982 190 0.0093093868345 
2982 302 0.0 
2983 113 0.0 
2983 299 0.0 
2983 299 0.0 
2983 299 0.0 
2983 299 0.0 
2983 350 0.0 
2983 350 0.0 
2983 350 0.0 
2984 259 0.0 
2985 111 0.0 
2985 113 0.0 
2986 1 0.0193117279559 
2986 3 0.0 
2986 3 0.0 
2986 4 0.0 
2986 5 0.0 
2986 5 0.0 
2986 5 0.0 
2986 5 0.0 
2986 5 0.0 
2986 5 0.0 
2986 5 0.0 
2986 7 0.0 
2986 7 0.0 
2986 10 0.0 
2986 28 0.0 
2986 28 0.0 
2986 30 0.0 
2986 38 0.0 
2986 42 0.00691156601533 
2986 61 0.187599658966 
2986 70 0.0 
2986 85 0.0 
2986 86 0.0 
2986 91 0.0 
2986 91 0.0 
2986 93 0.0 
2986 93 0.011519276537 
2986 108 0.0 
2986 111 0.0 
2986 113 0.0 
2986 113 0.0 
2986 113 0.0 
2986 113 0.0 
2986 113 0.0 
2986 113 0.0 
2986 113 0.0 
2986 113 0.0 
2986 113 0.0 
2986 113 0.0 
2986 113 0.0 
2986 113 0.0 
2986 113 0.0 
2986 113 0.0 
2986 113 0.0301647670567 
2986 113 0.0 
2986 113 0.0 
2986 139 0.0 
2986 180 0.0 
2986 228 0.0 
2986 228 0.0 
2986 228 0.0 
2986 228 0.0 
2986 231 0.0 
2986 231 0.0 
2986 280 0.0 
2986 281 0.0 
2986 285 0.0 
2986 299 0.0 
2986 299 0.0 
2986 299 0.0 
2986 302 0.0 
2986 336 0.0 
2986 351 0.0 
2987 139 0.0 
2987 139 0.0 
2987 166 0.0 
2987 180 0.0 
2988 299 0.0 
2988 299 0.0 
2989 350 0.0 
2990 254 0.0 
2990 254 0.0 
2990 254 0.0 
2990 254 0.0 
2990 288 0.0 
2991 306 0.0 
2992 228 0.0 
2992 228 0.0 
2992 312 0.0 
2992 336 0.0 
2992 336 0.0 
2992 336 0.0 
2993 111 0.00853020045906 
2993 111 0.00853020045906 
2993 255 0.0 
2994 14 0.0 
2994 312 0.0 
2995 113 0.0 
2995 299 0.0 
2996 25 0.0 
2996 330 0.0 
2996 333 0.0 
2996 341 0.0 
2996 343 0.0 
2996 345 0.0 
2996 353 0.0 
2996 354 0.0 
2996 355 0.0 
2996 356 -0.0 
2997 8 0.0 
2997 14 0.0 
2997 14 0.0 
2997 109 0.0 
2997 113 0.0 
2997 113 0.0 
2997 113 0.0301647670567 
2997 113 0.0 
2997 113 0.0 
2997 113 0.0 
2997 231 0.0 
2997 260 0.0 
2997 269 0.0 
2997 282 0.0 
2997 294 0.0 
2997 294 0.0 
2997 294 0.00640584202483 
2997 294 0.0 
2997 294 0.0101530188695 
2997 294 0.00640584202483 
2997 299 0.0 
2998 299 0.0 
2998 299 0.0 
2998 321 0.0 
2998 321 0.0 
2999 28 0.0 
2999 107 0.0 
2999 108 0.0 
2999 128 0.0 
2999 128 0.0 
2999 128 0.0 
2999 128 0.0 
2999 128 0.0 
2999 128 0.0 
2999 128 0.0 
2999 128 0.0 
2999 128 0.0 
2999 128 0.0 
2999 128 0.0 
2999 163 0.0 
2999 163 0.00391999306157 
2999 260 0.0 
2999 269 0.0 
2999 305 0.0 
2999 336 0.0 
3000 128 0.0 
3000 128 0.0 
3000 128 0.0 
3000 128 0.0 
3000 128 0.0 
3000 128 0.0 
3001 113 0.0 
3001 113 0.0 
3001 128 0.0 
3001 128 0.0 
3001 340 0.0 
3002 188 0.0 
3002 282 0.0 
3003 44 0.0 
3003 44 0.0 
3003 103 0.0 
3003 160 0.0 
3003 254 0.0 
3003 254 0.0 
3003 283 0.0 
3003 305 0.0 
3003 332 0.0 
3003 350 0.0 
3004 128 0.0 
3004 128 0.0 
3004 338 0.0 
3004 338 0.0 
3005 308 0.0 
3005 308 0.0 
3005 308 0.0 
3006 124 0.0 
3006 251 0.0 
3006 251 0.0 
3006 254 0.0 
3007 128 0.0 
3007 340 0.0 
3008 185 0.0 
3008 185 0.0 
3008 185 0.0 
3009 299 0.0 
3010 299 0.0 
3010 299 0.0 
3011 283 0.0 
3011 283 0.0 
3011 283 0.0 
3011 311 0.0 
3011 321 0.0 
3011 321 0.0 
3011 321 0.0 
3011 321 0.0 
3011 321 0.0 
3011 332 0.0 
3011 332 0.0 
3011 332 0.0 
3011 332 0.0 
3011 332 0.0 
3011 332 0.0 
3011 332 0.0 
3011 332 0.0 
3011 336 0.0 
3011 336 0.0 
3011 336 0.0 
3011 336 0.0 
3011 336 0.0 
3011 336 0.00098517886363 
3011 336 0.0 
3012 48 0.0 
3013 103 0.02851190418 
3013 103 0.02851190418 
3013 103 0.0 
3013 103 0.0 
3013 103 0.0 
3013 103 0.0179890096188 
3013 103 0.0 
3013 103 0.0 
3013 103 0.0 
3013 103 0.0 
3013 103 0.02851190418 
3014 7 0.0 
3015 271 0.0 
3016 254 0.0 
3017 3 0.0 
3017 3 0.0 
3017 3 0.0 
3017 3 0.0 
3017 103 0.0 
3018 284 0.0 
3019 14 0.00837753992528 
3019 48 0.0 
3019 101 0.00854160264134 
3019 104 0.0051497942768 
3019 106 0.00573379872367 
3019 107 0.00484039308503 
3019 108 0.00367733021267 
3019 109 0.00612167315558 
3019 111 0.00853020045906 
3019 112 0.000252838770393 
3019 113 0.0301647670567 
3019 114 0.0106764035299 
3019 116 0.0104222027585 
3019 119 0.0231263209134 
3019 120 0.00264805206098 
3019 121 0.0277515854686 
3019 122 0.0231263209134 
3019 123 0.000307037087623 
3019 125 0.0216809269041 
3019 126 0.0216809269041 
3019 127 0.000317960424582 
3019 128 0.0236519183964 
3019 129 0.0204055774957 
3019 130 0.020207464695 
3019 131 0.00809871219099 
3019 133 0.0 
3019 134 0.00800526514649 
3019 136 0.0 
3019 140 0.0175093002617 
3019 145 0.00809871219099 
3019 147 0.018751071766 
3019 148 0.0179428346455 
3019 149 0.0242019649595 
3019 150 0.0080361738801 
3019 158 0.0216809269041 
3019 159 0.00386153790168 
3019 162 0.00551763689145 
3019 165 0.0022284463048 
3019 168 0.0107287056744 
3019 174 0.0136932171881 
3019 175 0.00426510022953 
3019 177 0.0108972201124 
3019 186 0.0106764025986 
3019 187 0.00656583253294 
3019 193 0.0145910847932 
3019 195 0.0060681309551 
3019 211 0.00356398802251 
3019 239 0.020844405517 
3019 277 0.0107287056744 
3019 301 0.00441904226318 
3019 307 0.0 
3019 349 0.00025013287086 
3020 113 0.0 
3020 113 0.0 
3020 113 0.0 
3020 292 0.0 
3020 294 0.0 
3020 299 0.0 
3020 339 0.0 
3020 339 0.0 
3020 339 0.0 
3020 350 0.0 
3020 350 0.0 
3021 113 0.0 
3021 113 0.0 
3022 354 0.0 
3023 13 0.0 
3023 299 0.0 
3023 321 0.0 
3023 321 0.0 
3023 354 0.0 
3024 218 0.0 
3025 7 0.0 
3025 139 0.0 
3025 180 0.0 
3025 354 0.0 
3026 307 0.0 
3027 353 0.0 
3028 283 0.0 
3028 285 0.0 
3028 289 0.0 
3028 291 0.0 
3028 305 0.0 
3028 307 0.0 
3028 325 0.00669998768717 
3028 327 0.0 
3028 327 0.0 
3028 327 0.0 
3028 327 0.0 
3028 327 0.0 
3028 327 0.0 
3028 331 0.0 
3028 331 0.0 
3028 331 0.0 
3028 331 0.0 
3028 331 0.0 
3028 331 0.0 
3028 339 0.0 
3028 339 0.0 
3028 339 0.0 
3028 339 0.0 
3028 339 0.0 
3028 339 0.0 
3028 339 0.0 
3028 339 0.0 
3028 342 0.00439196499065 
3028 342 0.00439196499065 
3028 342 0.0 
3028 342 0.0 
3028 342 0.0 
3028 342 0.0 
3028 342 0.0 
3028 342 0.0 
3028 342 0.0 
3028 342 0.0 
3028 342 0.0 
3028 342 0.0 
3028 342 0.0 
3028 342 0.0 
3028 342 0.0 
3028 342 0.0 
3028 342 0.0 
3029 1 0.0 
3029 1 0.0 
3029 1 0.0 
3029 1 0.0 
3029 1 0.0 
3029 1 0.0 
3029 1 0.0 
3029 12 0.0 
3029 12 0.0 
3029 12 0.0 
3029 12 0.0 
3029 14 0.0 
3029 16 0.0 
3029 17 0.0 
3029 19 0.0 
3029 21 0.0 
3029 21 0.0 
3029 21 0.0 
3029 21 0.0 
3029 21 0.0 
3029 21 0.0 
3029 21 0.0 
3029 21 0.0 
3029 21 0.0 
3029 21 0.0 
3029 22 0.0 
3029 22 0.0 
3029 28 0.0 
3029 28 0.0 
3029 28 0.0 
3029 28 0.0 
3029 28 0.0 
3029 28 0.0 
3029 28 0.0 
3029 28 0.0 
3029 28 0.0 
3029 28 0.0 
3029 38 0.0 
3029 38 0.0 
3029 38 0.0 
3029 38 0.0 
3029 38 0.0 
3029 38 0.0 
3029 38 0.0 
3029 38 0.0 
3029 38 0.0 
3029 38 0.0 
3029 38 0.0 
3029 38 0.0 
3029 38 0.0 
3029 38 0.0 
3029 38 0.0 
3029 41 0.0 
3029 61 0.0 
3029 61 0.0 
3029 61 0.0 
3029 61 0.0 
3029 61 0.0 
3029 61 0.0 
3029 61 0.0 
3029 95 0.0 
3029 95 0.0 
3029 95 0.0 
3029 95 0.0 
3029 95 0.0 
3029 95 0.0 
3029 95 0.0 
3029 95 0.0 
3029 95 0.0 
3029 95 0.0 
3029 96 0.0 
3029 96 0.0 
3029 96 0.0 
3029 96 0.0 
3029 97 0.0 
3029 97 0.0 
3029 97 0.0 
3029 97 0.0 
3029 97 0.0 
3029 97 0.0 
3029 97 0.0 
3029 97 0.0 
3029 97 0.0 
3029 97 0.0 
3029 97 0.0 
3029 97 0.0 
3029 97 0.0 
3029 97 0.0 
3029 97 0.0 
3029 98 0.0 
3029 98 0.0 
3029 98 0.0 
3029 98 0.0 
3029 100 0.0 
3029 100 0.0 
3029 100 0.0 
3029 100 0.0 
3029 102 0.0 
3029 102 0.0 
3029 102 0.0 
3029 102 0.0 
3029 104 0.0 
3029 106 0.0 
3029 107 0.0 
3029 108 0.0 
3029 109 0.0 
3029 111 0.0 
3029 112 0.0 
3029 113 0.0 
3029 114 0.0 
3029 115 0.0 
3029 115 0.0 
3029 115 0.0 
3029 115 0.0 
3029 116 0.0 
3029 117 0.0 
3029 117 0.0 
3029 117 0.0 
3029 117 0.0 
3029 118 0.0 
3029 118 0.0 
3029 118 0.0 
3029 118 0.0 
3029 119 0.0 
3029 120 0.0 
3029 121 0.0 
3029 122 0.0 
3029 123 0.0 
3029 125 0.0 
3029 126 0.0 
3029 127 0.0 
3029 128 0.0 
3029 129 0.0 
3029 130 0.0 
3029 131 0.0 
3029 132 0.0 
3029 134 0.0 
3029 135 0.0 
3029 138 0.0 
3029 140 0.0 
3029 142 0.0 
3029 143 0.0 
3029 144 0.0 
3029 145 0.0 
3029 146 0.0 
3029 147 0.0 
3029 148 0.0 
3029 149 0.0 
3029 150 0.0 
3029 151 0.0 
3029 156 0.0 
3029 158 0.0 
3029 159 0.0 
3029 162 0.0 
3029 163 0.0 
3029 163 0.0 
3029 163 0.0 
3029 163 0.0 
3029 165 0.0 
3029 167 0.0 
3029 168 0.0 
3029 174 0.0 
3029 175 0.0 
3029 177 0.0 
3029 187 0.0 
3029 191 0.0 
3029 191 0.0 
3029 191 0.0 
3029 191 0.0 
3029 192 0.0 
3029 193 0.0 
3029 194 0.0 
3029 194 0.0 
3029 194 0.0 
3029 194 0.0 
3029 195 0.0 
3029 196 0.0 
3029 197 0.0 
3029 197 0.0 
3029 197 0.0 
3029 197 0.0 
3029 202 0.0 
3029 202 0.0 
3029 202 0.0 
3029 202 0.0 
3029 205 0.0 
3029 205 0.0 
3029 205 0.0 
3029 205 0.0 
3029 206 0.0 
3029 206 0.0 
3029 206 0.0 
3029 206 0.0 
3029 207 0.0 
3029 209 0.0 
3029 209 0.0 
3029 209 0.0 
3029 209 0.0 
3029 210 0.0 
3029 210 0.0 
3029 210 0.0 
3029 210 0.0 
3029 211 0.0 
3029 212 0.0 
3029 218 0.0 
3029 218 0.0 
3029 218 0.0 
3029 218 0.0 
3029 219 0.0 
3029 219 0.0 
3029 219 0.0 
3029 219 0.0 
3029 220 0.0 
3029 220 0.0 
3029 220 0.0 
3029 220 0.0 
3029 221 0.0 
3029 221 0.0 
3029 221 0.0 
3029 221 0.0 
3029 222 0.0 
3029 222 0.0 
3029 222 0.0 
3029 222 0.0 
3029 223 0.0 
3029 223 0.0 
3029 223 0.0 
3029 223 0.0 
3029 224 0.0 
3029 224 0.0 
3029 224 0.0 
3029 224 0.0 
3029 225 0.0 
3029 225 0.0 
3029 225 0.0 
3029 225 0.0 
3029 226 0.0 
3029 226 0.0 
3029 226 0.0 
3029 226 0.0 
3029 232 0.0 
3029 232 0.0 
3029 232 0.0 
3029 232 0.0 
3029 233 0.0 
3029 233 0.0 
3029 233 0.0 
3029 233 0.0 
3029 239 0.0 
3029 245 0.0 
3029 245 0.0 
3029 245 0.0 
3029 245 0.0 
3029 246 0.0 
3029 246 0.0 
3029 246 0.0 
3029 246 0.0 
3029 247 0.0 
3029 247 0.0 
3029 247 0.0 
3029 247 0.0 
3029 248 0.0 
3029 248 0.0 
3029 248 0.0 
3029 248 0.0 
3029 249 0.0 
3029 249 0.0 
3029 249 0.0 
3029 249 0.0 
3029 250 0.0 
3029 250 0.0 
3029 250 0.0 
3029 250 0.0 
3029 277 0.0 
3029 294 0.0 
3029 294 0.0 
3029 294 0.0 
3029 294 0.0 
3029 301 0.0 
3029 321 0.0 
3029 321 0.0 
3029 349 0.0 
3030 97 0.0 
3030 97 0.0 
3030 97 0.0 
3030 97 0.0 
3030 97 0.0 
3030 344 0.0 
3030 344 0.0 
3030 344 0.0 
3030 344 0.0 
3030 344 0.0 
3031 217 0.0 
3031 355 0.0 
3032 334 0.0 
3033 70 0.0 
3034 124 0.0 
3034 350 0.0 
3035 340 0.0 
3036 48 0.0 
3037 306 0.0 
3038 113 0.0 
3039 113 0.0 
3039 113 0.0 
3039 113 0.0 
3039 113 0.0 
3039 113 0.0 
3039 113 0.0 
3039 113 0.0 
3039 113 0.0 
3039 124 0.0 
3039 124 0.0 
3039 124 0.0 
3039 124 0.0 
3039 128 0.0 
3039 128 0.0 
3039 160 0.0 
3039 160 0.0 
3039 173 0.0 
3039 231 0.0 
3039 307 0.0 
3039 307 0.0 
3039 329 0.0 
3039 340 0.0 
3039 340 0.0 
3039 350 0.0 
3039 354 0.0 
3040 222 0.0 
3041 113 0.0 
3041 113 0.0 
3041 113 0.0 
3041 299 0.0 
3041 299 0.0 
3041 305 0.0 
3041 336 0.0 
3041 336 0.0 
3041 336 0.0 
3042 28 0.0 
3042 282 0.0 
3043 113 0.0 
3044 5 0.0 
3045 111 0.00853020045906 
3046 3 0.0 
3046 113 0.0 
3046 224 0.0116212181747 
3046 224 0.00733217224479 
3046 282 0.0 
3046 290 0.0 
3046 299 0.0 
3046 307 0.0 
3046 340 0.0 
3046 340 0.0 
3046 340 0.0 
3046 340 0.0 
3046 340 0.0 
3046 340 0.0 
3046 340 0.0 
3046 340 0.0 
3046 340 0.0 
3046 340 0.0 
3046 340 0.0 
3046 340 0.0 
3046 340 0.0 
3046 352 0.0 
3047 339 0.0 
3049 27 0.0 
3049 27 0.000644989020657 
3049 27 0.000644989020657 
3049 27 0.0 
3049 332 0.0 
3049 332 0.0 
3049 335 0.0 
3049 338 0.0 
3049 338 0.0 
3049 338 0.0 
3049 338 0.0 
3050 70 0.0 
3051 299 0.0 
3052 124 0.0 
3052 299 0.0 
3052 307 0.0 
3053 58 0.0 
3053 83 0.0 
3054 70 0.0 
3055 299 0.0 
3056 332 0.0 
3057 231 0.0 
3057 270 0.0 
3057 303 0.0 
3058 283 0.0 
3058 311 0.0 
3058 351 0.0 
3059 128 0.0 
3060 321 0.0 
3061 290 0.0 
3061 305 0.0 
3061 308 0.0 
3061 340 0.0 
3061 352 0.0 
3062 113 0.0 
3062 113 0.0 
3063 332 0.0 
3064 340 0.0 
3065 105 0.0 
3065 185 0.0 
3066 28 0.0 
3066 217 0.0 
3067 113 0.0 
3067 113 0.0 
3067 299 0.0 
3067 299 0.0 
3067 350 0.0 
3068 113 0.0 
3068 113 0.0 
3068 113 0.0 
3068 113 0.0 
3068 338 0.0 
3069 350 0.0 
3069 350 0.0 
3069 350 0.0 
3069 350 0.0 
3070 211 0.0 
3071 211 0.0 
3072 211 0.0 
3073 211 0.0 
3074 211 0.0 
3075 211 0.0 
3076 211 0.0 
3077 211 0.0 
3078 155 0.0 
3079 16 0.0 
3079 17 0.0 
3079 19 0.0 
3079 113 0.0 
3079 124 0.0 
3079 124 0.0 
3079 132 0.0 
3079 135 0.0 
3079 138 0.0 
3079 142 0.0 
3079 143 0.0 
3079 144 0.0 
3079 146 0.0 
3079 151 0.0 
3079 156 0.0 
3079 167 0.0 
3079 192 0.0 
3079 196 0.0 
3079 207 0.0 
3079 212 0.0 
3080 306 0.0 
3081 305 0.0 
3082 199 0.0 
3083 13 0.0 
3084 4 0.0 
3084 75 0.0 
3084 110 0.00178352091461 
3084 110 0.00178352091461 
3084 110 0.00178352091461 
3084 111 0.0 
3084 228 0.0 
3084 228 0.0 
3084 228 0.0 
3084 279 0.0 
3084 350 0.0 
3084 350 0.0 
3084 350 0.0 
3085 8 0.0 
3085 8 0.0 
3085 8 0.0 
3085 103 0.0 
3085 103 0.02851190418 
3085 281 0.0 
3085 287 0.0 
3085 334 0.0 
3085 335 0.0 
3085 336 0.0 
3085 343 0.00952339544892 
3086 254 0.0 
3086 254 0.0 
3087 212 0.0 
3087 212 0.0 
3087 212 0.0 
3088 105 0.0 
3089 228 0.0 
3090 350 0.0 
3090 350 0.0 
3091 281 0.0 
3091 287 0.0 
3092 105 0.0 
3092 185 0.0 
3093 111 0.0 
3093 124 0.0 
3093 124 0.0 
3093 124 0.0 
3093 124 0.0 
3094 113 0.0 
3095 350 0.0 
3095 350 0.0 
3096 113 0.0 
3097 113 0.0 
3097 128 0.0 
3097 331 0.0 
3097 340 0.0 
3097 350 0.0 
3098 7 0.0 
3098 48 0.0 
3098 113 0.0 
3098 290 0.0 
3099 13 0.0 
3099 91 0.0257489737123 
3099 299 0.0 
3099 299 0.0 
3100 8 0.0 
3100 112 0.0 
3100 112 0.0 
3101 44 0.0 
3101 44 0.0 
3102 299 0.0 
3102 350 0.0 
3103 190 0.0 
3104 124 0.0 
3104 124 0.0 
3105 340 0.0 
3106 113 0.0 
3106 260 0.0 
3106 260 0.00753214024007 
3107 24 0.0 
3107 256 0.0 
3107 258 0.0 
3107 264 0.0 
3107 272 0.0 
3107 273 0.0 
3107 275 0.0 
3107 279 0.0 
3107 282 0.0 
3107 283 0.0 
3107 285 0.0 
3107 289 0.0 
3107 291 0.0 
3107 293 0.0 
3107 299 0.0 
3107 304 0.0 
3107 305 0.0 
3107 306 0.0 
3107 307 0.0 
3107 308 0.0 
3107 309 0.0 
3107 310 0.0 
3107 311 0.0 
3107 312 0.0 
3107 313 0.0 
3107 314 0.0 
3107 315 0.0 
3107 316 0.0 
3107 317 0.0 
3107 318 0.0 
3107 319 0.0 
3107 320 0.0 
3107 321 0.0 
3107 322 0.0 
3107 323 0.0 
3107 324 0.0 
3107 325 0.0 
3107 327 0.0 
3107 328 0.0 
3107 331 0.0 
3107 332 0.0 
3107 334 0.0 
3107 335 0.0 
3107 336 0.0 
3107 337 0.0 
3107 338 0.0 
3107 339 0.0 
3107 340 0.0 
3107 342 0.0 
3107 350 0.0 
3107 351 0.0 
3107 352 0.0 
3108 28 0.0 
3109 305 0.0 
3110 110 0.0 
3110 110 0.0 
3110 110 0.0 
3110 253 0.0 
3110 271 0.0 
3110 271 0.0 
3111 299 0.0 
3112 321 0.0 
3112 331 0.0 
3112 332 0.0 
3112 334 0.0 
3112 334 0.0 
3112 336 0.0 
3112 350 0.0 
3113 1 0.0193117279559 
3113 17 0.0 
3113 61 0.187599658966 
3113 298 0.0 
3114 211 0.0 
3115 332 0.0 
3115 336 0.0 
3116 259 0.0 
3117 97 0.0 
3118 25 0.0 
3118 330 0.0 
3118 341 0.0 
3119 103 0.0 
3119 204 0.00910478550941 
3119 204 0.0 
3120 332 0.0 
3121 48 0.0 
3122 113 0.0 
3123 5 0.0 
3124 199 0.0 
3125 18 0.0 
3125 124 0.0 
3125 124 0.0 
3125 124 0.0 
3125 189 0.0 
3125 190 0.0 
3125 204 0.0 
3125 251 0.0 
3125 251 0.0 
3125 251 0.0 
3125 299 0.0 
3125 299 0.0 
3125 302 0.0 
3126 299 0.0 
3127 3 0.0 
3127 4 0.0 
3127 4 0.0 
3127 4 0.0 
3127 4 0.0 
3127 4 0.0 
3127 4 0.0 
3127 5 0.0 
3127 7 0.0 
3127 10 0.0 
3127 16 0.0046983496286 
3127 17 0.00502746133134 
3127 19 0.00426362873986 
3127 28 0.0 
3127 28 0.0 
3127 28 0.0 
3127 28 0.0 
3127 28 0.0 
3127 28 0.0 
3127 28 0.0 
3127 28 0.0 
3127 28 0.0 
3127 28 0.0 
3127 30 0.0 
3127 30 0.0 
3127 30 0.0 
3127 54 0.0 
3127 54 0.0 
3127 64 0.164149701595 
3127 66 0.0 
3127 69 0.00275260931812 
3127 70 0.0 
3127 77 0.187599658966 
3127 77 0.0 
3127 77 0.0 
3127 82 0.0 
3127 83 0.0 
3127 83 0.0 
3127 85 0.0 
3127 86 0.0 
3127 106 0.0 
3127 107 0.0 
3127 107 0.0 
3127 108 0.0 
3127 109 0.0 
3127 109 0.0 
3127 110 0.00178352091461 
3127 110 0.00178352091461 
3127 110 0.00178352091461 
3127 110 0.00178352091461 
3127 111 0.0 
3127 111 0.0 
3127 111 0.0 
3127 111 0.0 
3127 111 0.0 
3127 111 0.0 
3127 111 0.0 
3127 111 0.0 
3127 111 0.0 
3127 111 0.0 
3127 111 0.0 
3127 111 0.0 
3127 111 0.0 
3127 111 0.0 
3127 111 0.0 
3127 111 0.0 
3127 111 0.0 
3127 111 0.0 
3127 113 0.0 
3127 113 0.0 
3127 113 0.0 
3127 113 0.0 
3127 113 0.0 
3127 113 0.0 
3127 120 0.00167073484045 
3127 121 0.0 
3127 122 0.0145910838619 
3127 124 0.0 
3127 126 0.01367914211 
3127 128 0.0 
3127 128 0.0 
3127 128 0.0 
3127 128 0.0 
3127 128 0.0 
3127 128 0.0 
3127 132 0.0289079025388 
3127 135 0.0289079025388 
3127 137 0.0 
3127 138 0.00260496744886 
3127 139 0.0 
3127 139 0.019452046603 
3127 139 0.0 
3127 139 0.0 
3127 139 0.0 
3127 139 0.0 
3127 139 0.0 
3127 139 0.0 
3127 139 0.0 
3127 139 0.0 
3127 142 0.00809871219099 
3127 143 0.00809871219099 
3127 144 0.019271934405 
3127 146 0.0228721853346 
3127 151 0.011190155521 
3127 155 0.00773743074387 
3127 156 0.0114992754534 
3127 166 0.0 
3127 166 0.0 
3127 166 0.0 
3127 166 0.0 
3127 166 0.0 
3127 166 0.0 
3127 166 0.0 
3127 166 0.0 
3127 166 0.0 
3127 166 0.0 
3127 166 0.0 
3127 166 0.0 
3127 167 0.0210239291191 
3127 173 0.0 
3127 173 0.0 
3127 173 0.0 
3127 173 0.0 
3127 173 0.0 
3127 176 0.0106764025986 
3127 182 0.0069850939326 
3127 188 0.0 
3127 188 0.0 
3127 192 0.0167852342129 
3127 196 0.0145910847932 
3127 198 0.00229179346934 
3127 207 0.00431972881779 
3127 212 0.00839261710644 
3127 227 0.0 
3127 228 0.0 
3127 228 0.0 
3127 228 0.0 
3127 251 0.0 
3127 251 0.0 
3127 251 0.0 
3127 251 0.0 
3127 251 0.0 
3127 251 0.0 
3127 251 0.00650097802281 
3127 251 0.0 
3127 253 0.0 
3127 253 0.0 
3127 253 0.0 
3127 263 0.0 
3127 263 0.0 
3127 263 0.0 
3127 263 0.0 
3127 263 0.0 
3127 280 0.0 
3127 280 0.0 
3127 281 0.0 
3127 281 0.0 
3127 282 0.0 
3127 282 0.0 
3127 282 0.00133634754457 
3127 282 0.0 
3127 282 0.0 
3127 299 0.0 
3127 299 0.0 
3127 299 0.0 
3127 299 0.0 
3127 299 0.0 
3127 299 0.0 
3127 311 0.0 
3127 319 0.00613729981706 
3127 336 0.0 
3127 336 0.0 
3127 336 0.0 
3127 336 0.0 
3127 336 0.0 
3127 350 0.0 
3127 350 0.0 
3127 350 0.0 
3127 355 0.0 
3128 38 0.0 
3128 38 0.0 
3129 350 0.0 
