3582 329 0.0 
3583 8 0.0 
3583 24 0.0 
3583 38 0.0 
3583 72 0.207133859396 
3583 111 0.0 
3583 124 0.0 
3583 124 0.0160146057606 
3583 215 0.00750398635864 
3583 256 0.0 
3583 258 0.0 
3583 264 0.0 
3583 272 0.0 
3583 273 0.0 
3583 275 0.0 
3583 279 0.0 
3583 282 0.0 
3583 283 0.0 
3583 285 0.0 
3583 289 0.0 
3583 291 0.0 
3583 293 0.0 
3583 299 0.0 
3583 304 0.0 
3583 305 0.0 
3583 306 0.0 
3583 307 0.0 
3583 308 0.0 
3583 309 0.0 
3583 310 0.0 
3583 311 0.0 
3583 312 0.0 
3583 313 0.0 
3583 314 0.0 
3583 315 0.0 
3583 316 0.0 
3583 317 0.0 
3583 318 0.0 
3583 319 0.0 
3583 320 0.0 
3583 321 0.0 
3583 322 0.0 
3583 323 0.0 
3583 324 0.0 
3583 325 0.0 
3583 327 0.0 
3583 328 0.0 
3583 331 0.0 
3583 332 0.0 
3583 334 0.0 
3583 335 0.0 
3583 336 0.0 
3583 337 0.0 
3583 338 0.0 
3583 339 0.0 
3583 340 0.0 
3583 342 0.0 
3583 350 0.0 
3583 351 0.0 
3583 352 0.0 
3584 113 0.0 
3585 113 0.0 
3585 350 0.0 
3586 3 0.0 
3586 299 0.0 
3586 336 0.0 
3586 336 0.0 
3586 336 0.0 
3586 336 0.0 
3587 128 0.0 
3587 128 0.0 
3587 128 0.0 
3588 292 0.0 
3588 352 0.0 
3589 44 0.0 
3589 44 0.0 
3590 5 0.0 
3590 7 0.0 
3590 103 0.0 
3590 103 0.0 
3590 113 0.0 
3590 113 0.0 
3591 350 0.0 
3592 113 0.0 
3593 111 0.00853020045906 
3594 34 0.0 
3595 2 0.0 
3595 8 0.0 
3595 66 0.0 
3595 228 0.0 
3595 229 0.0 
3595 230 0.0 
3595 231 0.0 
3595 234 0.0 
3595 238 0.0 
3595 243 0.0 
3595 244 0.0 
3595 251 0.0 
3595 253 0.0 
3595 254 0.0 
3596 113 0.0 
3596 113 0.0 
3596 113 0.0 
3596 113 0.0 
3596 113 0.0 
3596 113 0.0 
3596 113 0.0 
3596 113 0.0 
3596 124 0.0 
3596 124 0.0 
3596 124 0.0 
3596 124 0.0 
3596 124 0.0 
3596 124 0.0 
3596 124 0.0 
3596 290 0.0 
3596 299 0.0 
3596 299 0.0 
3596 299 0.0 
3596 299 0.0 
3596 299 0.0 
3596 350 0.0 
3596 350 0.0 
3596 350 0.0 
3597 350 0.0 
3598 2 0.0 
3598 2 0.0 
3598 9 0.0 
3598 9 0.0 
3598 80 0.0 
3598 80 0.0 
3599 222 0.0 
3599 222 0.0 
3600 70 0.0 
3601 113 0.0 
3602 113 0.0 
3602 113 0.0 
3603 128 0.0 
3604 54 0.0 
3605 111 0.0 
3606 128 0.0 
3607 305 0.0 
3608 98 0.01336347498 
3608 98 0.0211806055158 
3608 98 0.01336347498 
3609 305 0.0 
3610 28 0.0 
3610 111 0.0 
3610 113 0.0 
3610 128 0.0 
3610 281 0.0 
3610 305 0.0 
3610 306 0.0 
3610 340 0.0 
3610 340 0.0 
3610 340 0.0 
3610 340 0.0 
3611 8 0.0 
3612 299 0.0 
3613 291 0.0 
3613 299 0.0 
3613 299 0.0 
3613 306 0.0 
3614 5 0.0 
3614 8 0.0 
3614 8 0.0 
3614 340 0.0 
3615 113 0.0 
3615 113 0.0 
3615 113 0.0 
3615 113 0.0 
3615 113 0.0 
3615 113 0.0 
3615 128 0.0 
3615 166 0.0 
3615 166 0.0 
3615 173 0.0 
3615 217 0.0 
3615 217 0.0 
3615 292 0.0 
3615 321 0.0 
3615 337 0.0 
3615 338 0.0 
3615 338 0.0 
3615 338 0.0 
3615 338 0.0 
3615 338 0.0 
3615 338 0.0 
3615 338 0.0 
3615 338 0.0 
3615 354 0.0 
3616 121 0.0 
3616 173 0.0 
3616 299 0.0 
3617 5 0.0 
3617 5 0.0 
3617 14 0.0 
3617 16 0.0 
3617 103 0.0 
3617 124 0.0 
3617 124 0.0 
3617 124 0.0 
3617 124 0.0 
3617 124 0.0 
3617 124 0.0 
3617 190 0.0 
3617 192 0.0 
3617 228 0.0 
3617 253 0.0 
3617 289 0.0 
3617 289 0.0 
3617 289 0.0 
3617 302 0.0 
3617 350 0.0 
3617 350 0.0 
3618 299 0.0 
3619 306 0.0 
3620 354 0.0 
3621 21 0.0 
3621 95 0.0 
3622 285 0.0 
3623 293 0.0 
3624 7 0.0 
3625 157 0.0 
3625 170 0.0 
3625 282 0.0 
3626 332 0.0 
3627 254 0.0 
3628 285 0.0 
3628 299 0.0 
3628 305 0.0 
3629 25 0.0 
3629 113 0.0 
3629 113 0.0 
3629 113 0.0 
3629 113 0.0 
3629 113 0.0 
3629 113 0.0 
3629 113 0.0 
3629 113 0.0 
3629 113 0.0 
3629 113 0.0 
3629 113 0.0 
3629 113 0.0 
3629 113 0.0 
3629 113 0.0 
3629 113 0.0 
3629 330 0.0 
3629 333 0.0 
3629 336 0.0 
3629 341 0.0 
3629 343 0.0 
3629 345 0.0 
3629 353 0.0 
3629 354 0.0 
3629 355 0.0 
3629 356 -0.0 
3630 299 0.0 
3630 354 0.0 
3631 312 0.0 
3632 1 0.0193117279559 
3632 3 0.0 
3632 28 0.0 
3632 61 0.187599658966 
3632 83 0.0 
3632 228 0.0 
3632 228 0.0 
3632 288 0.0 
3632 290 0.0026636866387 
3632 290 0.0026636866387 
3632 290 0.0026636866387 
3632 298 0.0 
3632 298 0.0 
3632 299 0.0 
3632 299 0.0 
3632 299 0.0 
3632 308 0.0 
3632 322 0.0 
3632 322 0.0 
3632 340 0.0 
3633 124 0.0 
3634 1 0.0193117279559 
3634 3 0.0 
3634 7 0.0 
3634 7 0.0 
3634 8 0.0 
3634 10 0.00220335158519 
3634 22 0.0 
3634 25 0.0 
3634 61 0.187599658966 
3634 77 0.0 
3634 83 0.0 
3634 85 0.0051097185351 
3634 89 0.0 
3634 90 0.0 
3634 99 0.0 
3634 141 0.0 
3634 228 0.0 
3634 229 0.0 
3634 230 0.0 
3634 231 0.0 
3634 234 0.0 
3634 238 0.0 
3634 243 0.0 
3634 244 0.0 
3634 251 0.0 
3634 253 0.0 
3634 254 0.0 
3634 296 0.0 
3634 330 0.0 
3634 333 0.0 
3634 341 0.0 
3634 343 0.0 
3634 345 0.0 
3634 347 0.0 
3634 353 0.0 
3634 354 0.0 
3634 355 0.0 
3634 356 -0.0 
3635 103 0.0 
3635 306 0.0 
3636 222 0.0 
3636 231 0.0 
3636 283 0.0 
3636 284 0.0 
3636 288 0.0 
3636 292 0.0 
3636 307 0.0 
3636 307 0.0 
3636 340 0.0 
3636 350 0.0 
3637 3 0.0 
3637 7 0.0 
3637 28 0.0 
3637 32 0.0 
3637 32 0.0 
3637 32 0.0 
3637 34 0.0 
3637 34 0.0 
3637 83 0.0 
3637 83 0.0 
3637 83 0.0 
3637 83 0.0 
3637 83 0.0 
3637 113 0.0 
3637 113 0.0 
3637 113 0.0 
3637 113 0.0 
3637 113 0.0 
3637 113 0.0 
3637 223 0.0117249786854 
3637 223 0.00739763816819 
3637 223 0.00739763816819 
3638 308 0.0 
3639 7 0.0 
3640 139 0.0 
3640 139 0.0 
3641 113 0.0 
3642 16 0.0 
3642 17 0.0 
3642 19 0.0 
3642 132 0.0 
3642 135 0.0 
3642 138 0.0 
3642 142 0.0 
3642 143 0.0 
3642 144 0.0 
3642 146 0.0 
3642 151 0.0 
3642 156 0.0 
3642 167 0.0 
3642 192 0.0 
3642 196 0.0 
3642 207 0.0 
3642 212 0.0 
3643 8 0.0 
3644 155 0.00773743074387 
3644 176 0.0 
3644 176 0.0 
3644 176 0.0 
3644 336 0.0 
3645 285 0.0 
3645 306 0.0 
3645 306 0.0 
3645 350 0.0 
3646 111 0.0 
3647 1 0.0 
3647 9 0.0 
3647 10 0.0 
3647 20 0.0 
3647 30 0.0 
3647 61 0.0 
3647 70 0.0 
3647 80 0.0 
3647 85 0.0 
3647 86 0.0 
3647 124 0.0 
3647 124 0.0 
3647 208 0.0 
3647 228 0.0 
3647 299 0.0 
3647 336 0.0 
3647 336 0.0 
3647 336 0.0 
3647 336 0.0 
3647 336 0.0 
3647 336 0.0 
3647 336 0.0 
3647 336 0.0 
3648 351 0.0 
3649 289 0.0 
3650 106 0.0 
3651 106 0.0 
3652 106 0.0 
3653 54 0.0 
3654 299 0.0 
3655 176 0.0 
3656 244 0.0 
3657 336 0.0 
3657 336 0.0 
3657 336 0.0 
3657 336 0.0 
3657 336 0.0 
3658 2 0.0 
3658 10 0.0 
3658 10 0.0 
3658 66 0.0 
3658 85 0.0 
3658 85 0.0 
3658 86 0.0 
3658 86 0.0 
3658 91 0.0 
3658 91 0.0 
3658 93 0.0 
3658 93 0.0 
3659 11 0.0 
3659 18 0.0 
3659 54 0.0 
3659 54 0.0 
3659 54 0.0 
3659 54 0.0 
3659 54 0.0 
3659 103 0.0 
3659 189 0.0 
3659 190 0.0 
3659 199 0.0 
3659 204 0.0 
3659 332 0.0 
3659 332 0.0 
3659 355 0.0 
3660 113 0.0 
3660 113 0.0301647670567 
3660 113 0.0 
3660 128 0.0 
3660 233 0.00244999537244 
3660 233 0.00244999537244 
3660 233 0.00388315087184 
3660 299 0.0 
3660 307 0.0 
3660 331 0.0 
3660 350 0.0 
3661 103 0.0 
3661 103 0.0 
3661 291 0.0 
3661 306 0.0 
3662 113 0.0 
3662 113 0.0 
3663 112 0.0 
3663 112 0.0 
3663 221 0.0 
3663 254 0.0 
3663 275 0.0 
3663 308 0.0 
3664 292 0.0 
3665 48 0.0 
3666 44 0.0 
3666 75 0.0 
3666 75 0.0 
3666 244 0.0 
3666 244 0.0 
3666 244 0.0 
3666 253 0.0 
3666 253 0.0 
3666 254 0.0 
3666 254 0.0 
3666 254 0.0 
3666 254 0.0 
3666 254 0.0 
3666 287 0.0 
3666 321 0.0 
3666 336 0.0 
3666 336 0.0 
3666 351 0.0 
3667 350 0.0 
3668 58 0.0 
3669 279 0.0 
3670 38 0.0 
3671 7 0.0 
3672 139 0.0 
3673 28 0.0 
3674 113 0.0 
3674 350 0.0 
3675 113 0.0 
3676 290 0.0 
3676 290 0.0 
3676 290 0.0 
3677 4 0.0 
3677 4 0.0 
3677 5 0.0 
3677 5 0.0 
3677 5 0.0 
3677 7 0.0 
3677 7 0.0 
3677 7 0.0 
3677 16 0.0 
3677 17 0.0 
3677 19 0.0 
3677 113 0.0 
3677 113 0.0 
3677 113 0.0 
3677 124 0.0 
3677 124 0.0 
3677 124 0.0 
3677 124 0.0 
3677 124 0.0 
3677 124 0.0 
3677 124 0.0 
3677 124 0.0 
3677 124 0.0 
3677 132 0.0 
3677 135 0.0 
3677 138 0.0 
3677 142 0.0 
3677 143 0.0 
3677 144 0.0 
3677 146 0.0 
3677 151 0.0 
3677 156 0.0 
3677 167 0.0 
3677 192 0.0 
3677 196 0.0 
3677 207 0.0 
3677 212 0.0 
3677 299 0.0 
3677 299 0.0 
3677 299 0.0 
3677 299 0.0 
3677 305 0.0 
3677 306 0.0 
3677 350 0.0 
3677 350 0.0 
3678 113 0.0 
3678 350 0.0 
3679 233 0.00244999537244 
3680 336 0.0 
3681 38 0.0 
3681 38 0.0 
3682 8 0.0 
3682 8 0.00825910456479 
3682 8 0.0 
3682 28 0.0 
3682 28 0.0 
3682 91 0.0257489737123 
3682 91 0.0257489737123 
3682 103 0.0 
3682 103 0.0 
3682 103 0.0 
3682 103 0.0 
3682 103 0.0 
3682 103 0.0 
3682 110 0.00178352091461 
3682 113 0.0 
3682 113 0.0 
3682 113 0.0 
3682 121 0.0 
3682 121 0.0 
3682 121 0.0 
3682 122 0.0145910838619 
3682 128 0.0 
3682 128 0.0 
3682 145 0.0051097185351 
3682 176 0.0106764025986 
3682 217 0.0 
3682 217 0.0 
3682 217 0.0 
3682 221 0.0 
3682 291 0.0 
3682 291 0.0 
3682 297 0.001766600064 
3682 299 0.0 
3682 302 0.0 
3682 302 0.0 
3682 309 0.0 
3682 322 0.0 
3682 322 0.0 
3682 340 0.0 
3682 340 0.0 
3682 340 0.0 
3682 340 0.0 
3682 340 0.0 
3682 354 0.0 
3682 354 0.0 
3683 13 0.0 
3683 128 0.0 
3684 44 0.0 
3685 25 0.0 
3685 25 0.0 
3685 282 0.0 
3685 330 0.0 
3685 330 0.0 
3685 333 0.0 
3685 333 0.0 
3685 341 0.0 
3685 341 0.0 
3685 343 0.0 
3685 343 0.0 
3685 345 0.0 
3685 345 0.0 
3685 353 0.0 
3685 353 0.0 
3685 354 0.0 
3685 354 0.0 
3685 355 0.0 
3685 355 0.0 
3685 356 -0.0 
3685 356 -0.0 
3686 8 0.0 
3686 128 0.0 
3686 128 0.0 
3686 128 0.0 
3686 128 0.0236519183964 
3686 128 0.0 
3686 128 0.0 
3686 270 0.0 
3687 25 0.0 
3687 25 0.0 
3687 25 0.0 
3687 113 0.0 
3687 330 0.0 
3687 330 0.0 
3687 330 0.0 
3687 333 0.0 
3687 333 0.0 
3687 333 0.0 
3687 341 0.0 
3687 341 0.0 
3687 341 0.0 
3687 343 0.0 
3687 343 0.0 
3687 343 0.0 
3687 345 0.0 
3687 345 0.0 
3687 345 0.0 
3687 353 0.0 
3687 353 0.0 
3687 353 0.0 
3687 354 0.0 
3687 354 0.0 
3687 354 0.0 
3687 355 0.0 
3687 355 0.0 
3687 355 0.0 
3687 356 -0.0 
3687 356 -0.0 
3687 356 -0.0 
3688 108 0.0 
3688 111 0.0 
3688 111 0.0 
3688 111 0.0 
3688 111 0.0 
3688 111 0.0 
3688 111 0.0 
3688 111 0.0 
3688 111 0.0 
3688 113 0.0 
3688 113 0.0 
3688 113 0.0 
3688 128 0.0 
3688 128 0.0 
3688 128 0.0 
3688 128 0.0 
3688 128 0.0 
3688 128 0.0 
3688 307 0.0 
3689 305 0.0 
3690 128 0.0 
3690 128 0.0 
3690 128 0.0 
3690 128 0.0 
3690 128 0.0 
3690 128 0.0 
3690 128 0.0 
3690 128 0.0 
3690 128 0.0 
3690 128 0.0 
3690 128 0.0 
3690 128 0.0 
3690 128 0.0 
3691 111 0.00853020045906 
3692 8 0.0 
3692 8 0.0 
3692 8 0.0 
3692 8 0.0 
3692 83 0.0 
3692 111 0.0 
3692 128 0.0 
3692 228 0.0 
3692 234 0.0 
3692 234 0.0 
3692 234 0.0 
3692 238 0.0 
3692 238 0.0 
3692 238 0.0 
3692 244 0.0 
3692 244 0.0 
3692 307 0.0 
3692 352 0.0 
3693 3 0.0 
3693 7 0.0 
3693 7 0.0 
3693 28 0.0 
3693 28 0.0 
3693 28 0.0 
3693 28 0.0 
3693 32 0.0 
3693 83 0.0 
3693 83 0.0 
3693 83 0.0 
3693 83 0.0 
3693 83 0.0 
3693 113 0.0 
3694 17 0.00317197502591 
3694 17 0.0 
3694 17 0.0 
3694 113 0.0 
3694 113 0.0 
3694 113 0.0 
3694 270 0.0 
3694 294 0.0 
3695 222 0.0 
3695 222 0.0 
3696 271 0.0 
3696 321 0.0 
3696 350 0.0 
3696 350 0.0 
3697 350 0.0 
3698 260 0.0 
3698 269 0.0 
3699 113 0.0 
3699 113 0.0 
3700 1 0.0193117279559 
3700 9 0.00448190327734 
3700 10 0.00220335158519 
3700 61 0.187599658966 
3700 80 0.656598806381 
3700 85 0.0051097185351 
3700 86 0.0625332221389 
3701 7 0.0 
3701 8 0.0 
3701 8 0.0 
3701 13 0.0 
3701 34 0.0 
3701 54 0.0 
3701 54 0.0 
3701 109 0.0 
3701 110 0.00178352091461 
3701 111 0.0 
3701 111 0.0 
3701 111 0.0 
3701 111 0.0 
3701 111 0.0 
3701 111 0.0 
3701 111 0.0 
3701 111 0.0 
3701 113 0.0 
3701 113 0.0 
3701 113 0.0 
3701 113 0.0 
3701 113 0.0 
3701 113 0.0 
3701 113 0.0 
3701 113 0.0 
3701 113 0.0 
3701 113 0.0 
3701 113 0.0 
3701 113 0.0 
3701 113 0.0 
3701 128 0.0 
3701 128 0.0 
3701 128 0.0 
3701 180 0.0 
3701 228 0.0 
3701 231 0.0 
3701 231 0.0 
3701 279 0.0 
3701 282 0.0 
3701 285 0.0 
3701 287 0.0 
3701 290 0.0 
3701 290 0.0 
3701 292 0.0 
3701 294 0.0 
3701 299 0.0 
3701 299 0.0 
3701 299 0.0 
3701 308 0.0 
3701 310 0.0 
3701 311 0.0 
3701 311 0.0 
3701 331 0.0 
3701 334 0.0 
3701 335 0.0 
3701 337 0.0 
3701 337 0.0 
3701 338 0.0 
3701 338 0.0 
3701 338 0.0 
3701 338 0.0 
3701 339 0.0 
3701 340 0.0 
3701 340 0.0 
3701 350 0.0 
3701 354 0.0 
3702 3 0.0 
3702 3 0.0 
3702 16 0.0 
3702 28 0.0 
3702 107 0.0 
3702 107 0.0 
3702 108 0.0 
3702 108 0.0 
3702 108 0.0 
3702 108 0.0 
3702 128 0.0236519183964 
3702 128 0.0 
3702 128 0.0 
3702 128 0.0 
3702 128 0.0 
3702 128 0.0 
3702 128 0.0 
3702 128 0.0 
3702 128 0.0 
3702 128 0.0 
3702 128 0.0236519183964 
3702 128 0.0 
3702 128 0.0 
3702 128 0.0 
3702 128 0.0 
3702 128 0.0 
3702 128 0.0 
3702 212 0.0 
3702 212 0.0 
3702 279 0.0 
3702 279 0.0 
3702 279 0.0 
3702 279 0.0 
3702 279 0.0 
3702 305 0.0 
3702 305 0.0 
3702 305 0.0 
3702 305 0.0 
3702 354 0.0 
3703 1 0.0193117279559 
3703 1 0.0193117279559 
3703 61 0.187599658966 
3703 61 0.187599658966 
3704 113 0.0 
3704 113 0.0 
3705 19 0.0 
3706 292 0.0 
3707 113 0.0 
3708 350 0.0 
3708 350 0.0 
3709 5 0.0 
3709 124 0.0 
3709 155 0.0 
3709 155 0.0 
3709 190 0.0 
3709 299 0.0 
3710 113 0.0 
3710 113 0.0 
3710 113 0.0 
3710 113 0.0 
3710 113 0.0 
3710 113 0.0 
3710 113 0.0 
3710 113 0.0 
3710 113 0.0 
3710 113 0.0 
3710 243 0.0 
3710 287 0.0 
3710 287 0.0 
3710 287 0.0 
3710 299 0.0 
3710 321 0.0 
3710 321 0.0 
3710 321 0.0 
3710 334 0.0 
3710 334 0.0 
3710 335 0.0 
3710 337 0.0 
3710 340 0.0 
3710 340 0.0 
3710 340 0.0 
3710 340 0.0 
3710 340 0.0 
3710 340 0.0 
3710 340 0.0 
3710 342 0.0 
3710 342 0.0 
3710 350 0.0 
3710 351 0.0 
3710 352 0.0 
3711 113 0.0 
3711 113 0.0 
3712 113 0.0 
3712 113 0.0 
3713 48 0.0 
3714 337 0.0 
3714 338 0.0 
3715 113 0.0 
3715 306 0.0 
3715 340 0.0 
3716 354 0.0 
3717 113 0.0 
3718 313 0.0 
3718 313 0.0 
3719 7 0.0 
3719 28 0.0 
3719 350 0.0 
3719 354 0.0 
3719 354 0.0 
3719 354 0.0 
3720 48 0.0 
3720 54 0.0 
3720 113 0.0 
3720 113 0.0 
3720 113 0.0 
3720 113 0.0 
3720 128 0.0 
3720 128 0.0 
3720 281 0.0 
3720 298 0.0 
3720 338 0.0 
3720 355 0.0 
3721 1 0.0 
3721 1 0.0 
3721 4 0.0 
3721 9 0.0 
3721 10 0.0 
3721 14 0.00837753992528 
3721 30 0.0 
3721 30 0.0 
3721 44 0.0 
3721 46 0.0 
3721 61 0.0 
3721 61 0.0 
3721 66 0.0 
3721 70 0.0 
3721 80 0.0 
3721 82 0.0 
3721 83 0.0 
3721 83 0.0 
3721 85 0.0 
3721 86 0.0 
3721 104 0.0051497942768 
3721 106 0.00573379872367 
3721 107 0.00484039308503 
3721 108 0.00367733021267 
3721 109 0.00612167315558 
3721 111 0.0 
3721 111 0.0 
3721 111 0.00853020045906 
3721 111 0.0 
3721 112 0.000252838770393 
3721 113 0.0301647670567 
3721 114 0.0106764035299 
3721 116 0.0104222027585 
3721 119 0.0231263209134 
3721 120 0.00264805206098 
3721 121 0.0 
3721 121 0.0277515854686 
3721 122 0.0231263209134 
3721 123 0.000307037087623 
3721 124 0.0 
3721 124 0.0 
3721 124 0.0 
3721 124 0.0 
3721 125 0.0216809269041 
3721 126 0.0216809269041 
3721 127 0.000317960424582 
3721 128 0.0236519183964 
3721 129 0.0204055774957 
3721 130 0.020207464695 
3721 131 0.00809871219099 
3721 134 0.00800526514649 
3721 140 0.0175093002617 
3721 145 0.00809871219099 
3721 147 0.018751071766 
3721 148 0.0179428346455 
3721 149 0.0242019649595 
3721 150 0.0080361738801 
3721 158 0.0216809269041 
3721 159 0.00386153790168 
3721 162 0.00551763689145 
3721 165 0.0022284463048 
3721 168 0.0107287056744 
3721 173 0.0 
3721 174 0.0136932171881 
3721 175 0.00426510022953 
3721 177 0.0108972201124 
3721 187 0.00656583253294 
3721 193 0.0145910847932 
3721 195 0.0060681309551 
3721 211 0.00356398802251 
3721 221 0.0 
3721 239 0.020844405517 
3721 265 0.0 
3721 277 0.0107287056744 
3721 279 0.0 
3721 299 0.0 
3721 299 0.0 
3721 299 0.0 
3721 301 0.00441904226318 
3721 321 0.0 
3721 321 0.0 
3721 332 0.0 
3721 332 0.0 
3721 332 0.0 
3721 332 0.0 
3721 336 0.0 
3721 349 0.00025013287086 
3722 299 0.0 
3722 350 0.0 
3722 350 0.0 
3723 44 0.0 
3723 44 0.0 
3724 75 0.0 
3724 83 0.0 
3724 124 0.0 
3724 124 0.0 
3724 299 0.0 
3724 307 0.0 
3724 311 0.0 
3724 352 0.0 
3724 352 0.0 
3724 355 0.0 
3725 255 0.0 
3726 113 0.0 
3726 306 0.0 
3727 337 0.0 
3728 185 0.0 
3729 13 0.0 
3729 24 0.0 
3729 256 0.0 
3729 258 0.0 
3729 264 0.0 
3729 272 0.0 
3729 273 0.0 
3729 275 0.0 
3729 279 0.0 
3729 282 0.0 
3729 283 0.0 
3729 285 0.0 
3729 289 0.0 
3729 291 0.0 
3729 293 0.0 
3729 299 0.0 
3729 304 0.0 
3729 305 0.0 
3729 306 0.0 
3729 307 0.0 
3729 308 0.0 
3729 309 0.0 
3729 310 0.0 
3729 311 0.0 
3729 312 0.0 
3729 313 0.0 
3729 314 0.0 
3729 315 0.0 
3729 316 0.0 
3729 317 0.0 
3729 318 0.0 
3729 319 0.0 
3729 320 0.0 
3729 321 0.0 
3729 322 0.0 
3729 323 0.0 
3729 324 0.0 
3729 325 0.0 
3729 327 0.0 
3729 328 0.0 
3729 331 0.0 
3729 332 0.0 
3729 334 0.0 
3729 335 0.0 
3729 336 0.0 
3729 337 0.0 
3729 338 0.0 
3729 339 0.0 
3729 340 0.0 
3729 342 0.0 
3729 350 0.0 
3729 351 0.0 
3729 352 0.0 
3730 28 0.0 
3731 124 0.0 
3732 1 0.0193117279559 
3732 10 0.0 
3732 16 0.00296432850882 
3732 16 0.0 
3732 28 0.0 
3732 28 0.0 
3732 30 0.0 
3732 61 0.187599658966 
3732 70 0.0 
3732 85 0.0 
3732 86 0.0 
3732 91 0.0 
3732 91 0.0 
3732 93 0.0 
3732 103 0.0 
3732 103 0.0 
3732 107 0.0 
3732 111 0.0 
3732 113 0.0 
3732 113 0.0301647670567 
3732 113 0.0 
3732 113 0.0 
3732 113 0.0 
3732 113 0.0 
3732 113 0.0 
3732 113 0.0 
3732 113 0.0 
3732 124 0.0 
3732 128 0.0 
3732 192 0.0105903036892 
3732 192 0.0 
3732 217 0.0 
3732 217 0.0 
3732 217 0.0 
3732 217 0.0 
3732 228 0.0 
3732 231 0.0 
3732 231 0.0 
3732 255 0.0 
3732 255 0.0 
3732 260 0.0 
3732 269 0.0 
3732 279 0.0 
3732 279 0.0 
3732 279 0.0 
3732 279 0.00473448820412 
3732 279 0.0 
3732 279 0.0 
3732 280 0.0 
3732 281 0.0 
3732 282 0.0 
3732 284 0.0 
3732 288 0.0 
3732 289 0.0 
3732 292 0.0 
3732 292 0.00198689545505 
3732 292 0.0 
3732 292 0.0 
3732 292 0.0 
3732 292 0.0 
3732 292 0.0 
3732 293 0.0 
3732 294 0.0 
3732 295 0.00998235493898 
3732 299 0.0 
3732 299 0.0 
3732 299 0.0 
3732 299 0.0 
3732 306 0.0 
3732 309 0.0 
3732 311 0.0 
3732 321 0.0 
3732 321 0.0 
3732 335 0.0 
3732 335 0.0 
3732 335 0.0 
3732 336 0.0 
3732 340 0.0 
3732 350 0.0 
3733 4 0.0 
3733 8 0.0 
3733 8 0.0 
3733 8 0.00825910456479 
3733 8 0.00825910456479 
3733 8 0.00825910456479 
3733 8 0.0 
3733 8 0.0 
3733 8 0.0 
3733 8 0.00825910456479 
3733 93 0.011519276537 
3733 113 0.0 
3733 113 0.0 
3733 128 0.0 
3733 128 0.0 
3733 128 0.0 
3733 128 0.0 
3733 128 0.0 
3733 128 0.0 
3733 271 0.0 
3733 332 0.0 
3733 338 0.0 
3733 338 0.0 
3733 338 0.0 
3733 338 0.0 
3733 350 0.0 
3734 336 0.0 
3735 139 0.0 
3735 139 0.0 
3736 48 0.0 
3737 308 0.0 
3737 334 0.0 
3738 25 0.0 
3738 330 0.0 
3738 333 0.0 
3738 341 0.0 
3738 343 0.0 
3738 345 0.0 
3738 353 0.0 
3738 354 0.0 
3738 355 0.0 
3738 356 -0.0 
3739 8 0.0 
3739 218 0.0 
3739 219 0.0 
3739 321 0.0 
3739 331 0.0 
3739 337 0.0 
3739 337 0.0 
3739 338 0.0 
3739 338 0.0 
3740 305 0.0 
3740 340 0.0 
3741 282 0.0 
3742 124 0.0 
3742 124 0.0 
3742 287 0.0 
3742 350 0.0 
3743 111 0.0 
3743 113 0.0 
3744 111 0.0 
3745 4 0.0 
3745 4 0.0 
3745 5 0.0 
3745 7 0.0 
3745 16 0.0046983496286 
3745 17 0.00502746133134 
3745 19 0.00426362873986 
3745 28 0.0 
3745 28 0.0 
3745 28 0.0 
3745 28 0.0 
3745 69 0.00275260931812 
3745 103 0.0 
3745 103 0.0 
3745 110 0.00178352091461 
3745 110 0.00178352091461 
3745 110 0.00178352091461 
3745 110 0.00178352091461 
3745 110 0.00178352091461 
3745 110 0.00178352091461 
3745 110 0.00178352091461 
3745 110 0.00178352091461 
3745 110 0.00178352091461 
3745 110 0.00178352091461 
3745 111 0.0 
3745 111 0.0 
3745 111 0.0 
3745 111 0.0 
3745 111 0.0 
3745 113 0.0 
3745 113 0.0 
3745 113 0.0 
3745 113 0.0 
3745 124 0.0 
3745 132 0.0289079025388 
3745 135 0.0289079025388 
3745 138 0.00260496744886 
3745 139 0.0 
3745 139 0.0 
3745 139 0.0 
3745 139 0.0 
3745 139 0.0 
3745 142 0.0 
3745 142 0.0051097185351 
3745 142 0.00809871219099 
3745 143 0.00809871219099 
3745 144 0.019271934405 
3745 146 0.0144307417795 
3745 146 0.0228721853346 
3745 146 0.0 
3745 151 0.011190155521 
3745 156 0.0114992754534 
3745 158 0.01367914211 
3745 161 0.0 
3745 161 0.00625332212076 
3745 164 0.0 
3745 164 0.0 
3745 164 0.0306083671749 
3745 164 0.0 
3745 166 0.0 
3745 166 0.0 
3745 166 0.0 
3745 166 0.0 
3745 166 0.0 
3745 167 0.0210239291191 
3745 169 0.0 
3745 173 0.0 
3745 173 0.0 
3745 173 0.0 
3745 173 0.0 
3745 176 0.0 
3745 181 0.0 
3745 181 0.0 
3745 182 0.0 
3745 188 0.0 
3745 189 0.0 
3745 192 0.0167852342129 
3745 196 0.0145910847932 
3745 207 0.00431972881779 
3745 212 0.00839261710644 
3745 227 0.0 
3745 239 0.0131513560191 
3745 282 0.0 
3745 282 0.0 
3745 282 0.0 
3745 282 0.00133634754457 
3745 282 0.0 
3745 282 0.0 
3745 282 0.0 
3745 282 0.0 
3745 282 0.0 
3745 282 0.0 
3745 282 0.0 
3745 282 0.0 
3745 299 0.0 
3745 299 0.0 
3745 307 0.0 
3745 311 0.0 
3745 311 0.0 
3745 327 0.0 
3745 327 0.0 
3745 327 0.0 
3745 327 0.0 
3745 327 0.0 
3745 327 0.00330093805678 
3745 327 0.0 
3745 327 0.0 
3745 331 0.0 
3745 331 0.0 
3745 331 0.0 
3745 336 0.0 
3745 336 0.0 
3745 350 0.0 
3746 1 0.0193117279559 
3746 3 0.0 
3746 4 0.0 
3746 4 0.0 
3746 5 0.0 
3746 7 0.0 
3746 7 0.0 
3746 61 0.187599658966 
3746 279 0.0 
3746 279 0.0 
3746 299 0.0 
3746 299 0.0 
3746 299 0.0 
3746 299 0.0 
3746 299 0.0 
3746 299 0.0 
3746 299 0.00656598806381 
3746 299 0.0 
3746 299 0.0 
3746 299 0.0 
3746 306 0.0 
3746 310 0.0 
3746 310 0.0 
3746 311 0.0 
3746 313 0.0 
3746 331 0.0 
3746 331 0.0 
3746 335 0.0 
3746 335 0.0 
3746 335 0.0 
3746 335 0.0 
3746 335 0.0 
3746 335 0.0 
3746 337 0.0 
3746 337 0.0 
3746 338 0.0 
3746 338 0.0 
3746 338 0.0 
3746 338 0.0 
3746 338 0.0 
3746 338 0.0 
3746 338 0.0 
3746 338 0.0 
3746 338 0.0 
3746 338 0.0 
3746 338 0.0 
3746 338 0.0 
3746 338 0.0 
3746 338 0.0 
3746 338 0.0 
3746 338 0.0 
3746 339 0.0 
3746 350 0.0 
3747 124 0.0 
3748 228 0.0 
3748 228 0.0 
3749 103 0.0 
3749 111 0.0 
3749 254 0.0 
3749 293 0.0 
3749 350 0.0 
3749 350 0.0 
3750 354 0.0 
3750 354 0.0 
3751 1 0.0193117279559 
3751 10 0.00220335158519 
3751 61 0.187599658966 
3751 85 0.0051097185351 
3752 111 0.0 
3753 355 0.0 
3754 5 0.0 
3754 44 0.0 
3754 113 0.0 
3754 113 0.0 
3754 113 0.0 
3754 113 0.0 
3754 113 0.0 
3754 113 0.0 
3754 113 0.0 
3754 113 0.0 
3754 113 0.0 
3754 113 0.0 
3754 113 0.0 
3754 340 0.0 
3754 340 0.0 
3754 340 0.0 
3754 340 0.0 
3755 8 0.00825910456479 
3755 354 0.0 
3755 354 0.0 
3756 91 0.0257489737123 
3756 113 0.0 
3756 337 0.0 
3757 44 0.0394540689886 
3757 48 0.0 
3757 58 0.0 
3757 59 0.0 
3757 142 0.0 
3757 142 0.0051097185351 
3757 293 0.0 
3758 218 0.0 
3759 289 0.0 
3760 113 0.0 
3760 113 0.0 
3761 354 0.0 
3762 44 0.0 
3762 44 0.0 
3763 124 0.0 
3763 285 0.0 
3763 285 0.0 
3763 285 0.00659898295999 
3763 285 0.0 
3764 128 0.0 
3764 128 0.0 
3764 275 0.0 
3764 275 0.0 
3764 299 0.0 
3764 308 0.0 
3764 332 0.0 
3765 113 0.0 
3765 113 0.0 
3765 113 0.0 
3765 113 0.0 
3765 305 0.0 
3765 340 0.0 
3765 350 0.0 
3766 336 0.0 
3767 105 0.0 
3767 185 0.0 
3768 7 0.0 
3768 48 0.0 
3769 154 0.0 
3770 321 0.0 
3771 103 0.0 
3771 299 0.0 
3772 164 0.0 
3773 340 0.0 
3774 8 0.0 
3774 113 0.0 
3774 113 0.0 
3774 292 0.0 
3774 299 0.0 
3774 305 0.0 
3774 305 0.0 
3774 350 0.0 
3775 113 0.0 
3776 111 0.00853020045906 
3777 24 0.0 
3777 256 0.0 
3777 334 0.0 
3777 335 0.0 
3777 337 0.0 
3777 337 0.0 
3777 337 0.0 
3777 338 0.0 
3777 338 0.0 
3777 338 0.0 
3777 338 0.0 
3777 338 0.0 
3777 338 0.0 
3777 338 0.0 
3777 338 0.0 
3778 279 0.0 
3778 289 0.0 
3778 321 0.0 
3778 321 0.0 
3778 332 0.0 
3778 332 0.0 
3778 332 0.0 
3778 350 0.0 
3779 54 0.0 
3780 338 0.0 
3780 338 0.0 
3781 113 0.0 
3781 322 0.0 
3781 334 0.0 
3781 352 0.0 
3782 8 0.00825910456479 
3782 8 0.0 
3782 8 0.0 
3782 14 0.0 
3782 38 0.0 
3782 112 0.0 
3782 128 0.0 
3782 128 0.0 
3782 128 0.0 
3782 210 0.0 
3782 281 0.0 
3782 292 0.0 
3782 293 0.0 
3782 334 0.0 
3782 334 0.0 
3782 334 0.0 
3782 334 0.0 
3782 334 0.0 
3782 334 0.0 
3782 334 0.0 
3783 4 0.0 
3783 5 0.0 
3783 7 0.0 
3783 8 0.0 
3783 28 0.0 
3783 111 0.0 
3783 111 0.0 
3783 111 0.0 
3783 128 0.0 
3783 128 0.0 
3783 128 0.0 
3783 128 0.0 
3783 128 0.0 
3783 128 0.0 
3783 128 0.0 
3783 128 0.0 
3783 128 0.0 
3783 128 0.0 
3783 128 0.0 
3783 128 0.0 
3783 128 0.0 
3783 128 0.0 
3783 128 0.0 
3783 128 0.0 
3783 128 0.0 
3783 128 0.0 
3783 128 0.0 
3783 128 0.0 
3783 128 0.0 
3783 217 0.0 
3783 221 0.0 
3783 222 0.0 
3783 228 0.0 
3783 234 0.0 
3783 238 0.0 
3783 260 0.0 
3783 269 0.0 
3783 270 0.0 
3783 290 0.0 
3783 307 0.0 
3783 308 0.0 
3783 308 0.0 
3783 308 0.0 
3783 331 0.0 
3783 340 0.0 
3783 340 0.0 
3783 340 0.0 
3783 352 0.0 
3783 352 0.0 
3784 16 0.0046983496286 
3784 17 0.00502746133134 
3784 19 0.00426362873986 
3784 132 0.0289079025388 
3784 135 0.0289079025388 
3784 138 0.00260496744886 
3784 142 0.00809871219099 
3784 143 0.00809871219099 
3784 144 0.0 
3784 144 0.019271934405 
3784 146 0.0228721853346 
3784 151 0.011190155521 
3784 156 0.0114992754534 
3784 167 0.0210239291191 
3784 192 0.0167852342129 
3784 196 0.0145910847932 
3784 207 0.00431972881779 
3784 212 0.00839261710644 
3784 301 0.00278810528107 
3784 308 0.0 
3785 38 0.0 
3785 38 0.0 
3785 97 0.0 
3785 97 0.0 
3785 97 0.0 
3786 124 0.0 
3786 124 0.0 
3786 128 0.0 
3786 283 0.0 
3786 283 0.0 
3787 3 0.0 
3787 3 0.0 
3787 3 0.0 
3787 3 0.0 
3787 4 0.0 
3787 4 0.0 
3787 4 0.0 
3787 5 0.0 
3787 5 0.0 
3787 5 0.0 
3787 5 0.0 
3787 5 0.0 
3787 5 0.0 
3787 7 0.0 
3787 7 0.0 
3787 7 0.0 
3787 8 0.0 
3787 8 0.0 
3787 8 0.0 
3787 22 0.0 
3787 25 0.0 
3787 28 0.0 
3787 30 0.0 
3787 30 0.0 
3787 30 0.0 
3787 30 0.0 
3787 30 0.0 
3787 30 0.0 
3787 30 0.0 
3787 30 0.0 
3787 35 0.0 
3787 70 0.0 
3787 77 0.0 
3787 77 0.0 
3787 77 0.118362210691 
3787 98 0.0 
3787 98 0.0 
3787 99 0.0 
3787 103 0.0 
3787 103 0.0 
3787 106 0.0 
3787 111 0.00853020045906 
3787 111 0.0 
3787 111 0.00853020045906 
3787 113 0.0 
3787 113 0.0 
3787 113 0.0 
3787 124 0.0 
3787 124 0.0 
3787 128 0.0 
3787 128 0.0 
3787 128 0.0 
3787 128 0.0 
3787 128 0.0 
3787 128 0.0 
3787 128 0.0 
3787 128 0.0 
3787 128 0.0 
3787 128 0.0 
3787 141 0.0 
3787 173 0.0 
3787 183 0.00683957105502 
3787 183 0.0 
3787 190 0.0 
3787 199 0.0 
3787 210 0.0 
3787 218 0.0 
3787 219 0.0 
3787 228 0.0 
3787 229 0.0 
3787 230 0.0 
3787 231 0.0 
3787 234 0.0 
3787 238 0.0 
3787 243 0.0 
3787 244 0.0 
3787 244 0.0 
3787 251 0.0 
3787 253 0.0 
3787 253 0.0 
3787 254 0.0 
3787 257 0.0 
3787 259 0.0 
3787 260 0.0 
3787 269 0.0 
3787 280 0.0 
3787 292 0.0 
3787 296 0.0 
3787 299 0.0 
3787 322 0.0 
3787 327 0.0 
3787 330 0.0 
3787 331 0.0 
3787 331 0.0 
3787 331 0.0 
3787 333 0.0 
3787 336 0.0 
3787 336 0.0 
3787 339 0.0 
3787 340 0.0 
3787 340 0.0 
3787 340 0.0 
3787 340 0.0 
3787 340 0.0 
3787 340 0.0 
3787 340 0.0 
3787 341 0.0 
3787 343 0.0 
3787 345 0.0 
3787 347 0.0 
3787 352 0.0 
3787 353 0.0 
3787 354 0.0 
3787 355 0.0 
3787 356 -0.0 
3788 350 0.0 
3789 113 0.0 
3789 113 0.0 
3790 27 0.0 
3791 350 0.0 
3792 110 0.00178352091461 
3792 110 0.00178352091461 
3793 173 0.0 
3793 312 0.0 
3794 199 0.0 
3794 199 0.0 
3795 113 0.0 
3795 113 0.0301647670567 
3795 113 0.0 
3795 113 0.0 
3795 113 0.0 
3795 113 0.0 
3795 113 0.0 
3795 234 0.0 
3795 234 0.0 
3795 238 0.0 
3795 238 0.0 
3795 299 0.0 
3796 16 0.0 
3796 16 0.0 
3797 209 0.0 
3797 261 0.0 
3798 43 0.0 
3799 113 0.0 
3799 113 0.0 
3799 113 0.0 
3800 350 0.0 
3801 173 0.0 
3802 354 0.0 
3803 219 0.00746428314596 
3803 219 0.00746428314596 
3803 219 0.0118306083605 
3803 219 0.0 
3804 16 0.0 
3804 16 0.0 
3804 16 0.0 
3805 28 0.0 
3805 28 0.0 
3805 113 0.0 
3805 113 0.0 
3806 16 0.0 
3807 308 0.0 
3807 308 0.0 
3807 351 0.0 
3807 352 0.0 
3807 352 0.0 
3808 113 0.0 
3808 113 0.0 
3809 54 0.0 
3809 54 0.0 
3809 113 0.0 
3809 289 0.0 
3809 289 0.0 
3809 289 0.0 
3809 305 0.0 
3809 336 0.0 
3809 336 0.0 
3809 354 0.0 
3810 28 0.0 
3811 111 0.0 
3812 299 0.0 
3812 340 0.0 
3812 350 0.0 
3812 350 0.0 
3813 113 0.0 
3814 28 0.0 
3814 28 0.0 
3814 113 0.0 
3814 113 0.0 
3814 113 0.0 
3814 113 0.0 
3814 113 0.0 
3814 113 0.0 
3814 113 0.0 
3814 124 0.0 
3814 124 0.0 
3815 58 0.0 
3816 8 0.0 
3816 83 0.0 
3816 111 0.0 
3816 121 0.0 
3816 124 0.0 
3816 329 0.0 
3817 8 0.0 
3818 111 0.00853020045906 
3818 111 0.0 
3818 111 0.00853020045906 
3819 350 0.0 
3820 189 0.0 
3821 227 0.0 
3822 308 0.0 
3823 340 0.0 
3824 44 0.0 
3825 24 0.0 
3825 44 0.0 
3825 256 0.0 
3826 14 0.0 
3826 75 0.0 
3826 75 0.0 
3826 261 0.0 
3826 271 0.0 
3826 271 0.0 
3826 293 0.0 
3827 12 0.0 
3827 21 0.0 
3827 38 0.0 
3827 38 0.0 
3827 38 0.0 
3827 38 0.0 
3827 38 0.0 
3827 38 0.0 
3827 95 0.0 
3827 96 0.0 
3827 98 0.0 
3827 100 0.0 
3827 102 0.0 
3827 115 0.0 
3827 117 0.0 
3827 118 0.0 
3827 163 0.0 
3827 191 0.0 
3827 194 0.0 
3827 197 0.0 
3827 202 0.0 
3827 205 0.0 
3827 206 0.0 
3827 209 0.0 
3827 210 0.0 
3827 218 0.0 
3827 219 0.0 
3827 220 0.0 
3827 221 0.0 
3827 222 0.0 
3827 223 0.0 
3827 224 0.0 
3827 225 0.0 
3827 226 0.0 
3827 232 0.0 
3827 233 0.0 
3827 245 0.0 
3827 246 0.0 
3827 247 0.0 
3827 248 0.0 
3827 249 0.0 
3827 250 0.0 
3827 294 0.0 
3828 279 0.0 
3828 279 0.0 
3828 340 0.0 
3828 350 0.0 
3829 218 0.0 
3829 218 0.0 
3830 209 0.0 
3830 209 0.0 
3831 113 0.0 
3832 83 0.0 
3833 340 0.0 
3834 103 0.0 
3835 336 0.0 
3835 336 0.0 
3836 128 0.0236519183964 
3837 157 0.0 
3837 170 0.0 
3837 350 0.0 
3838 3 0.0 
3838 28 0.0 
3838 113 0.0 
3838 128 0.0 
3838 128 0.0 
3838 128 0.0 
3838 212 0.0 
3838 212 0.0 
3838 218 0.0 
3838 251 0.0 
3838 254 0.0 
3838 337 0.0 
3838 338 0.0 
3839 211 0.0 
3840 128 0.0 
3840 128 0.0 
3841 113 0.0 
3841 113 0.0 
3842 107 0.0 
3843 3 0.0 
3844 3 0.0 
3844 3 0.0 
3844 3 0.0 
3844 5 0.0 
3844 7 0.0 
3844 7 0.0 
3844 28 0.0 
3844 28 0.0 
3844 32 0.0 
3844 41 0.0 
3844 75 0.0 
3844 75 0.0 
3844 83 0.0 
3844 83 0.0 
3844 83 0.0 
3844 222 0.0 
3844 229 0.0 
3844 230 0.0 
3844 231 0.0 
3844 234 0.0 
3844 238 0.0 
3844 251 0.0 
3844 299 0.0 
3844 299 0.0 
3844 299 0.0 
3844 299 0.0 
3844 331 0.0 
3844 340 0.0 
3844 340 0.0 
3844 342 0.0 
3845 228 0.0 
3845 294 0.0 
3846 16 0.0 
3846 16 0.0 
3846 16 0.0 
3846 16 0.0 
3846 16 0.0 
3846 17 0.0 
3846 17 0.0 
3846 17 0.0 
3846 17 0.0 
3846 17 0.0 
3846 19 0.0 
3846 19 0.0 
3846 19 0.0 
3846 19 0.0 
3846 19 0.0 
3846 132 0.0 
3846 132 0.0 
3846 132 0.0 
3846 132 0.0 
3846 132 0.0 
3846 135 0.0 
3846 135 0.0 
3846 135 0.0 
3846 135 0.0 
3846 135 0.0 
3846 138 0.0 
3846 138 0.0 
3846 138 0.0 
3846 138 0.0 
3846 138 0.0 
3846 142 0.0 
3846 142 0.0 
3846 142 0.0 
3846 142 0.0 
3846 142 0.0 
3846 143 0.0 
3846 143 0.0 
3846 143 0.0 
3846 143 0.0 
3846 143 0.0 
3846 144 0.0 
3846 144 0.0 
3846 144 0.0 
3846 144 0.0 
3846 144 0.0 
3846 146 0.0 
3846 146 0.0 
3846 146 0.0 
3846 146 0.0 
3846 146 0.0 
3846 151 0.0 
3846 151 0.0 
3846 151 0.0 
3846 151 0.0 
3846 151 0.0 
3846 156 0.0 
3846 156 0.0 
3846 156 0.0 
3846 156 0.0 
3846 156 0.0 
3846 167 0.0 
3846 167 0.0 
3846 167 0.0 
3846 167 0.0 
3846 167 0.0 
3846 192 0.0 
3846 192 0.0 
3846 192 0.0 
3846 192 0.0 
3846 192 0.0 
3846 196 0.0 
3846 196 0.0 
3846 196 0.0 
3846 196 0.0 
3846 196 0.0 
3846 207 0.0 
3846 207 0.0 
3846 207 0.0 
3846 207 0.0 
3846 207 0.0 
3846 212 0.0 
3846 212 0.0 
3846 212 0.0 
3846 212 0.0 
3846 212 0.0 
3847 3 0.0 
3847 113 0.0 
3847 294 0.0 
3847 294 0.0 
3847 350 0.0 
3848 199 0.0 
3849 30 0.0 
3850 350 0.0 
3850 350 0.0 
3851 124 0.0 
3852 111 0.0 
3852 111 0.0 
3853 204 0.0 
3854 287 0.0 
3855 350 0.0 
3856 109 0.0 
3856 113 0.0 
3857 109 0.0 
3857 113 0.0 
3857 121 0.0 
3858 109 0.0 
3859 189 0.0 
3860 128 0.0 
3861 254 0.0 
3862 283 0.0 
3863 155 0.0 
3864 109 0.0 
3864 113 0.0 
3864 121 0.0 
3865 113 0.0 
3866 18 0.0 
3866 105 0.0 
3866 121 0.0 
3867 189 0.0 
3868 166 0.0 
3869 109 0.0 
3870 299 0.0 
3870 299 0.0 
3870 299 0.0 
3871 113 0.0 
3872 113 0.0 
3873 113 0.0 
3874 113 0.0 
3874 113 0.0 
3875 113 0.0 
3875 113 0.0 
3875 113 0.0 
3875 155 0.0 
3876 331 0.0 
3877 283 0.0 
3878 305 0.0 
3879 109 0.0 
3879 113 0.0 
3879 113 0.0 
3879 113 0.0 
3879 113 0.0 
3879 113 0.0 
3879 121 0.0 
3880 305 0.0 
3881 105 0.0 
3881 185 0.0 
3882 113 0.0 
3882 113 0.0 
3882 113 0.0 
3883 113 0.0 
3884 113 0.0 
3885 109 0.0 
3885 113 0.0 
3885 121 0.0 
3886 199 0.0 
3886 199 0.0 
3887 113 0.0 
3888 109 0.0 
3888 113 0.0 
3889 113 0.0 
3890 113 0.0 
3891 109 0.0 
3891 113 0.0 
3891 113 0.0 
3891 113 0.0 
3891 121 0.0 
3892 105 0.0 
3892 185 0.0 
3893 113 0.0 
3894 305 0.0 
3895 113 0.0 
3896 113 0.0 
3897 113 0.0 
3898 34 0.0 
3898 105 0.0 
3898 113 0.0 
3898 113 0.0 
3899 113 0.0 
3899 113 0.0 
3900 113 0.0 
3901 109 0.0 
3901 113 0.0 
3901 113 0.0 
3902 113 0.0 
3902 113 0.0 
3903 292 0.00198689545505 
3903 292 0.0 
3903 292 0.0 
3903 294 0.0 
3904 44 0.0 
3904 44 0.0 
3905 305 0.0 
3905 306 0.0 
3905 306 0.0 
3906 350 0.0 
3907 113 0.0 
3907 113 0.0 
3908 18 0.0 
3908 139 0.0 
3908 152 0.0 
3908 153 0.0 
3908 154 0.0 
3908 155 0.0 
3908 157 0.0 
3908 160 0.0 
3908 161 0.0 
3908 164 0.0 
3908 166 0.0 
3908 169 0.0 
3908 170 0.0 
3908 171 0.0 
3908 172 0.0 
3908 173 0.0 
3908 176 0.0 
3908 178 0.0 
3908 179 0.0 
3908 180 0.0 
3908 181 0.0 
3908 182 0.0 
3908 183 0.0 
3908 184 0.0 
3908 188 0.0 
3908 189 0.0 
3908 190 0.0 
3908 198 0.0 
3908 199 0.0 
3908 200 0.0 
3908 201 0.0 
3908 203 0.0 
3908 204 0.0 
3908 213 0.0 
3908 216 0.0 
3908 217 0.0 
3908 227 0.0 
3908 235 0.0 
3908 236 0.0 
3908 252 0.0 
3908 262 0.0 
3908 267 0.0 
3908 274 0.0 
3908 278 0.0 
3908 286 0.0 
3908 295 0.0 
3908 297 0.0 
3908 300 0.0 
3908 302 0.0 
3908 326 0.0 
3908 346 0.0 
3908 348 0.0 
3909 1 0.0 
3909 4 0.0 
3909 4 0.0 
3909 11 0.0 
3909 12 0.0 
3909 14 0.00837753992528 
3909 21 0.0 
3909 25 0.0 
3909 28 0.0 
3909 28 0.0 
3909 38 0.0 
3909 41 0.103566929698 
3909 48 0.0 
3909 48 0.0 
3909 48 0.0 
3909 48 0.0 
3909 48 0.0 
3909 48 0.0 
3909 48 0.0 
3909 54 0.0 
3909 54 0.0 
3909 54 0.0 
3909 54 0.0 
3909 54 0.0 
3909 54 0.0 
3909 54 0.0 
3909 54 0.0 
3909 54 0.0 
3909 54 0.0 
3909 61 0.0 
3909 70 0.0 
3909 95 0.0 
3909 96 0.0 
3909 98 0.0 
3909 100 0.0 
3909 102 0.0 
3909 104 0.0051497942768 
3909 106 0.00573379872367 
3909 107 0.00484039308503 
3909 108 0.00367733021267 
3909 109 0.00612167315558 
3909 111 0.00853020045906 
3909 112 0.000252838770393 
3909 113 0.0301647670567 
3909 113 0.0 
3909 113 0.0 
3909 114 0.0106764035299 
3909 115 0.0 
3909 116 0.0104222027585 
3909 117 0.0 
3909 118 0.0 
3909 119 0.0231263209134 
3909 120 0.00264805206098 
3909 121 0.0 
3909 121 0.0 
3909 121 0.0277515854686 
3909 122 0.0231263209134 
3909 123 0.000307037087623 
3909 124 0.0 
3909 124 0.0 
3909 124 0.0 
3909 124 0.0 
3909 124 0.0 
3909 125 0.0216809269041 
3909 126 0.0216809269041 
3909 127 0.000317960424582 
3909 128 0.0236519183964 
3909 128 0.0 
3909 128 0.0 
3909 128 0.0 
3909 129 0.0204055774957 
3909 130 0.020207464695 
3909 131 0.00809871219099 
3909 134 0.00800526514649 
3909 140 0.0175093002617 
3909 145 0.00809871219099 
3909 147 0.018751071766 
3909 148 0.0179428346455 
3909 149 0.0242019649595 
3909 150 0.0080361738801 
3909 158 0.0216809269041 
3909 159 0.00386153790168 
3909 162 0.00551763689145 
3909 163 0.0 
3909 165 0.0022284463048 
3909 168 0.0107287056744 
3909 173 0.0 
3909 174 0.0136932171881 
3909 175 0.00426510022953 
3909 177 0.0108972201124 
3909 187 0.00656583253294 
3909 191 0.0 
3909 193 0.0145910847932 
3909 194 0.0 
3909 195 0.0060681309551 
3909 197 0.0 
3909 202 0.0 
3909 205 0.0 
3909 206 0.0 
3909 209 0.0 
3909 210 0.0 
3909 211 0.00356398802251 
3909 217 0.0 
3909 218 0.0 
3909 219 0.0 
3909 220 0.0 
3909 221 0.0 
3909 222 0.0 
3909 223 0.0 
3909 224 0.0 
3909 225 0.0 
3909 226 0.0 
3909 228 0.0 
3909 228 0.0 
3909 232 0.0 
3909 233 0.00244999537244 
3909 233 0.00388315087184 
3909 233 0.0 
3909 233 0.00244999537244 
3909 239 0.020844405517 
3909 245 0.00733217224479 
3909 245 0.0 
3909 245 0.00733217224479 
3909 245 0.0116212181747 
3909 246 0.0 
3909 247 0.0117249786854 
3909 247 0.0 
3909 247 0.00739763816819 
3909 247 0.00739763816819 
3909 248 0.0 
3909 249 0.0 
3909 250 0.0 
3909 254 0.0 
3909 260 0.0 
3909 269 0.0 
3909 277 0.0107287056744 
3909 283 0.0 
3909 283 0.0 
3909 283 0.0 
3909 284 0.0 
3909 288 0.0 
3909 289 0.0 
3909 290 0.0 
3909 290 0.0 
3909 290 0.0 
3909 290 0.0 
3909 290 0.0 
3909 294 0.0 
3909 299 0.0 
3909 299 0.0 
3909 299 0.0 
3909 299 0.0 
3909 299 0.0 
3909 301 0.00441904226318 
3909 305 0.0 
3909 305 0.0 
3909 305 0.0 
3909 307 0.0 
3909 308 0.0 
3909 311 0.0 
3909 330 0.0 
3909 333 0.0 
3909 336 0.0 
3909 336 0.0 
3909 336 0.0 
3909 336 0.0 
3909 340 0.0 
3909 340 0.0 
3909 341 0.0 
3909 343 0.0 
3909 345 0.0 
3909 349 0.00025013287086 
3909 350 0.0 
3909 350 0.0 
3909 350 0.0 
3909 352 0.0 
3909 352 0.0 
3909 352 0.0 
3909 352 0.0 
3909 353 0.0 
3909 354 0.0 
3909 355 0.0 
3909 355 0.0 
3909 355 0.0 
3909 355 0.0 
3909 355 0.0 
3909 356 -0.0 
3910 338 0.0 
3911 227 0.0 
3912 173 0.0 
3912 173 0.0 
3912 173 0.0 
3912 173 0.0 
3912 173 0.0 
3912 173 0.0 
3912 181 0.0 
3912 181 0.0 
3912 355 0.0 
3913 299 0.0 
3913 299 0.0 
3914 25 0.0 
3914 25 0.0 
3914 330 0.0 
3914 330 0.0 
3914 333 0.0 
3914 333 0.0 
3914 341 0.0 
3914 341 0.0 
3914 343 0.0 
3914 343 0.0 
3914 345 0.0 
3914 345 0.0 
3914 353 0.0 
3914 353 0.0 
3914 354 0.0 
3914 354 0.0 
3914 355 0.0 
3914 355 0.0 
3914 356 -0.0 
3914 356 -0.0 
3915 124 0.0 
3915 124 0.0 
3916 124 0.0 
3916 124 0.0 
3916 291 0.0 
3916 299 0.0 
3916 299 0.0 
3916 350 0.0 
3916 350 0.0 
3916 350 0.0 
3916 350 0.0 
3917 1 0.0 
3917 1 0.0193117279559 
3917 1 0.0 
3917 1 0.0 
3917 1 0.0 
3917 1 0.0 
3917 1 0.0 
3917 10 0.0 
3917 10 0.0 
3917 10 0.0 
3917 10 0.0 
3917 61 0.0 
3917 61 0.0 
3917 61 0.0 
3917 61 0.0 
3917 61 0.0 
3917 61 0.0 
3917 61 0.187599658966 
3917 85 0.0 
3917 85 0.0 
3917 85 0.0 
3917 85 0.0 
3918 307 0.0 
3918 331 0.0 
3919 18 0.0 
3919 28 0.0 
3919 76 0.0084722423926 
3919 77 0.187599658966 
3919 108 0.0 
3919 111 0.0 
3919 113 0.0 
3919 270 0.0 
3919 309 0.0 
3919 311 0.0 
3919 311 0.0 
3920 163 0.0 
3921 332 0.0 
3921 332 0.0 
3922 70 0.0 
3922 91 0.0 
3922 93 0.0 
3922 111 0.0 
3922 221 0.0 
3922 336 0.0 
3923 354 0.0 
3924 7 0.0 
3924 7 0.0 
3924 8 0.0 
3924 8 0.0 
3924 8 0.0 
3924 8 0.0 
3924 8 0.0 
3924 8 0.0 
3924 8 0.0 
3924 92 0.0 
3924 92 0.00304608605802 
3924 92 0.00482793198898 
3924 164 0.0 
3924 299 0.0 
3924 350 0.0 
3924 350 0.0 
3924 350 0.0 
3924 350 0.0 
3924 350 0.0 
3924 350 0.0 
3924 350 0.0 
3924 350 0.0 
3924 350 0.0 
3924 350 0.0 
3924 350 0.0 
3924 350 0.0 
3924 350 0.0 
3924 350 0.0 
3925 254 0.0 
3926 139 0.0 
3927 1 0.0 
3927 61 0.0 
3928 17 0.0 
3928 28 0.0 
3928 109 0.0 
3928 109 0.0 
3928 109 0.0 
3928 279 0.0 
3928 312 0.0 
3928 355 0.0 
3929 298 0.0 
3929 354 0.0 
3930 8 0.0 
3930 8 0.0 
3930 8 0.0 
3930 28 0.0 
3930 111 0.0 
3930 124 0.0 
3930 124 0.0 
3930 124 0.0 
3930 124 0.0 
3930 124 0.0 
3930 124 0.0 
3930 124 0.0 
3930 124 0.0 
3930 124 0.0 
3930 124 0.0 
3930 270 0.0 
3930 283 0.0 
3930 311 0.0 
3930 335 0.0 
3930 335 0.0 
3930 335 0.0 
3930 350 0.0 
3930 350 0.0 
3931 160 0.0 
3932 7 0.0 
3932 350 0.0 
3932 350 0.0 
3932 350 0.0 
3933 291 0.0 
3934 257 0.0 
3935 24 0.0 
3935 256 0.0 
3935 258 0.0 
3935 264 0.0 
3935 272 0.0 
3935 273 0.0 
3935 275 0.0 
3935 279 0.0 
3935 282 0.0 
3935 283 0.0 
3935 285 0.0 
3935 289 0.0 
3935 291 0.0 
3935 293 0.0 
3935 299 0.0 
3935 304 0.0 
3935 305 0.0 
3935 306 0.0 
3935 307 0.0 
3935 308 0.0 
3935 309 0.0 
3935 310 0.0 
3935 311 0.0 
3935 312 0.0 
3935 313 0.0 
3935 314 0.0 
3935 315 0.0 
3935 316 0.0 
3935 317 0.0 
3935 318 0.0 
3935 319 0.0 
3935 320 0.0 
3935 321 0.0 
3935 322 0.0 
3935 323 0.0 
3935 324 0.0 
3935 325 0.0 
3935 327 0.0 
3935 328 0.0 
3935 331 0.0 
3935 332 0.0 
3935 334 0.0 
3935 335 0.0 
3935 336 0.0 
3935 337 0.0 
3935 338 0.0 
3935 339 0.0 
3935 340 0.0 
3935 342 0.0 
3935 350 0.0 
3935 351 0.0 
3935 352 0.0 
3936 340 0.0 
3936 340 0.0 
3936 340 0.0 
3936 340 0.0 
3937 299 0.0 
3938 254 0.0 
3939 44 0.0 
3940 340 0.0 
3941 16 0.0 
3941 16 0.0 
3942 34 0.0 
3943 5 0.0 
3944 305 0.0 
3945 199 0.0 
3946 111 0.0 
3947 321 0.0 
3948 219 0.0 
3949 75 0.0 
3949 75 0.0 
3949 110 0.00178352091461 
3949 204 0.0 
3949 222 0.0 
3949 251 0.0 
3949 255 0.0 
3949 294 0.0 
3949 312 0.0 
3949 321 0.0 
3949 332 0.0 
3949 332 0.0 
3949 332 0.0 
3950 219 0.0 
3951 336 0.0 
3952 113 0.0 
3953 113 0.0 
3953 113 0.0 
3954 155 0.00773743074387 
3955 340 0.0 
3955 340 0.0 
3956 44 0.0 
3957 124 0.0 
3958 299 0.0 
3959 350 0.0 
3960 15 0.0 
3960 15 0.0 
3960 25 0.0 
3960 27 0.0 
3960 186 0.0 
3960 333 0.0 
3960 341 0.0 
3960 343 0.0 
3960 345 0.00659898295999 
3960 345 0.0 
3960 354 0.0 
3960 355 0.0 
3960 356 -0.0 
3961 4 0.0 
3961 285 0.0 
3961 285 0.0 
3961 305 0.0 
3961 305 0.000634893018287 
3961 305 0.000634893018287 
3961 305 0.0 
3961 306 0.0 
3961 308 0.0 
3962 38 0.0 
3963 113 0.0 
3964 105 0.0 
3964 105 0.0 
3965 288 0.0 
3965 288 0.0 
3965 294 0.0 
3965 340 0.0 
3965 340 0.0 
3966 113 0.0 
3966 113 0.0 
3966 340 0.0 
3966 340 0.0 
3966 340 0.0 
3967 7 0.0 
3967 27 0.0 
3967 27 0.000406942766858 
3967 30 0.0 
3967 70 0.0 
3967 312 0.0 
3967 336 0.0 
3967 338 0.0 
3967 338 0.0 
3967 338 0.0 
3967 338 0.0 
3967 338 0.0 
3967 338 0.0 
3967 338 0.0 
3967 338 0.0 
3968 163 0.0 
3969 5 0.0 
3969 7 0.0 
3969 7 0.0 
3969 312 0.0 
3970 7 0.0 
3970 54 0.0 
3970 89 0.0 
3970 103 0.0 
3970 113 0.0 
3970 305 0.0 
3970 306 0.0 
3970 350 0.0 
3971 299 0.0 
3971 299 0.0 
3972 199 0.0 
3973 12 0.0 
3973 12 0.0 
3973 21 0.0 
3973 21 0.0 
3973 21 0.0 
3973 21 0.0 
3973 38 0.0 
3973 38 0.0 
3973 38 0.0 
3973 38 0.0 
3973 95 0.0 
3973 95 0.0 
3973 95 0.0 
3973 95 0.0 
3973 96 0.0 
3973 96 0.0 
3973 98 0.0 
3973 98 0.0 
3973 100 0.0 
3973 100 0.0 
3973 102 0.0 
3973 102 0.0 
3973 105 0.0 
3973 105 0.0 
3973 105 0.0 
3973 115 0.0 
3973 115 0.0 
3973 117 0.0 
3973 117 0.0 
3973 118 0.0 
3973 118 0.0 
3973 163 0.0 
3973 163 0.0 
3973 185 0.0 
3973 191 0.0 
3973 191 0.0 
3973 194 0.0 
3973 194 0.0 
3973 197 0.0 
3973 197 0.0 
3973 199 0.0 
3973 199 0.0 
3973 202 0.0 
3973 202 0.0 
3973 205 0.0 
3973 205 0.0 
3973 206 0.0 
3973 206 0.0 
3973 207 0.0 
3973 207 0.0 
3973 209 0.0 
3973 209 0.0 
3973 210 0.0 
3973 210 0.0 
3973 218 0.0 
3973 218 0.0 
3973 219 0.0 
3973 219 0.0 
3973 220 0.0 
3973 220 0.0 
3973 221 0.0 
3973 221 0.0 
3973 222 0.0 
3973 222 0.0 
3973 223 0.0 
3973 223 0.0 
3973 224 0.0 
3973 224 0.0 
3973 225 0.0 
3973 225 0.0 
3973 226 0.0 
3973 226 0.0 
3973 232 0.0 
3973 232 0.0 
3973 233 0.0 
3973 233 0.0 
3973 245 0.0 
3973 245 0.0 
3973 246 0.0 
3973 246 0.0 
3973 247 0.0 
3973 247 0.0 
3973 248 0.0 
3973 248 0.0 
3973 249 0.0 
3973 249 0.0 
3973 250 0.0 
3973 250 0.0 
3973 266 0.0 
3973 294 0.0 
3973 294 0.0 
3974 28 0.0 
3974 28 0.0 
3974 110 0.00178352091461 
3974 111 0.0 
3974 336 0.0 
3974 336 0.0 
3975 38 0.0 
3975 38 0.0 
3976 113 0.0 
3976 113 0.0 
3976 283 0.0 
3976 340 0.0 
3976 340 0.0 
3976 340 0.0 
3977 106 0.0 
3977 111 0.00853020045906 
3977 219 0.0 
3977 299 0.0 
3977 308 0.0 
3977 336 0.0 
3977 336 0.0 
3977 336 0.0 
3978 299 0.0 
3979 299 0.0 
3979 336 0.0 
3979 336 0.0 
3979 350 0.0 
3980 28 0.0 
3980 124 0.0 
3980 327 0.0 
3980 327 0.0 
3980 327 0.0 
3980 331 0.0 
3981 28 0.0 
3981 113 0.0 
3982 128 0.0 
3982 128 0.0 
3982 350 0.0 
3982 352 0.0 
3983 8 0.0 
3983 350 0.0 
3983 350 0.0 
3984 350 0.0 
3985 128 0.0 
3986 128 0.0 
3987 113 0.0 
3987 281 0.0 
3987 287 0.0 
3987 289 0.0 
3987 299 0.0 
3988 35 0.0 
3989 293 0.0 
3989 293 0.00254933978431 
3989 299 0.0 
3989 306 0.0 
3989 350 0.0 
3990 83 0.0 
3990 292 0.0 
3991 226 0.00491834292188 
3991 226 0.00779538881034 
3991 226 0.00491834292188 
3991 350 0.0 
3991 351 0.0 
3992 105 0.0 
3993 44 0.0 
3994 336 0.0 
3995 4 0.0 
3995 7 0.0 
3995 28 0.0 
3995 28 0.0 
3995 109 0.0 
3995 109 0.0 
3995 109 0.0 
3995 113 0.0 
3995 113 0.0 
3995 113 0.0 
3995 113 0.0 
3995 113 0.0 
3995 113 0.0 
3995 113 0.0 
3995 113 0.0 
3995 113 0.0 
3995 113 0.0 
3995 113 0.0 
3995 113 0.0 
3995 113 0.0 
3995 139 0.0 
3995 166 0.0 
3995 173 0.0 
3995 173 0.0 
3995 181 0.0 
3995 228 0.0 
3995 229 0.0 
3995 230 0.0 
3995 234 0.0 
3995 238 0.0 
3995 350 0.0 
3995 350 0.0 
3995 352 0.0 
3996 336 0.0 
3997 160 0.0 
3997 160 0.0 
3997 160 0.0 
3997 160 0.0 
3997 160 0.0 
3998 124 0.0 
3998 124 0.0 
3999 25 0.0 
3999 330 0.0 
3999 333 0.0 
3999 341 0.0 
3999 343 0.0 
3999 345 0.0 
3999 353 0.0 
3999 354 0.0 
3999 355 0.0 
3999 356 -0.0 
4000 113 0.0 
4000 113 0.0 
4000 285 0.0 
4000 305 0.0 
4000 336 0.0 
4000 340 0.0 
4000 340 0.0 
4000 340 0.0 
4000 340 0.0 
4000 340 0.0 
4000 340 0.0 
4000 340 0.0 
4000 340 0.0 
4001 103 0.0 
4001 103 0.0 
4001 354 0.0 
4002 124 0.0 
4003 4 0.0 
4003 5 0.0 
4003 7 0.0 
4003 54 0.0 
4003 54 0.0 
4003 54 0.0 
4003 54 0.0 
4003 54 0.0 
4003 54 0.0 
4003 54 0.0 
4003 54 0.0 
4003 54 0.0 
4004 8 0.0 
4004 16 0.0 
4004 128 0.0 
4004 128 0.0 
4004 173 0.0 
4004 299 0.0 
4004 350 0.0 
4005 128 0.0 
4006 199 0.0 
4006 199 0.0 
4007 350 0.0 
4008 305 0.000634893018287 
4008 305 0.0 
4009 113 0.0 
4009 113 0.0 
4009 113 0.0 
4009 113 0.0 
4009 113 0.0 
4009 113 0.0 
4009 113 0.0 
4009 113 0.0 
4009 113 0.0 
4009 113 0.0 
4010 17 0.0 
4011 9 0.0 
4011 80 0.0 
4011 82 0.0 
4011 86 0.0 
4012 8 0.0 
4012 228 0.0 
4012 229 0.0 
4012 230 0.0 
4012 231 0.0 
4012 234 0.0 
4012 238 0.0 
4012 243 0.0 
4012 244 0.0 
4012 251 0.0 
4012 253 0.0 
4012 254 0.0 
4013 2 0.0 
4013 8 0.0 
4013 66 0.0 
4013 228 0.0 
4013 229 0.0 
4013 230 0.0 
4013 231 0.0 
4013 234 0.0 
4013 238 0.0 
4013 243 0.0 
4013 244 0.0 
4013 251 0.0 
4013 253 0.0 
4013 254 0.0 
4014 190 0.0 
4015 124 0.0 
4015 308 0.0 
4016 350 0.0 
4017 77 0.0 
4018 8 0.0 
4018 8 0.0 
4018 113 0.0 
4018 128 0.0 
4018 128 0.0 
4018 128 0.0 
4018 128 0.0 
4018 128 0.0 
4018 128 0.0 
4018 128 0.0 
4018 128 0.0 
4018 128 0.0 
4018 166 0.0 
4018 293 0.0 
4018 331 0.0 
4018 331 0.0 
4018 331 0.0 
4018 331 0.0 
4018 350 0.0 
4019 128 0.0236519183964 
4020 8 0.0 
4020 8 0.0 
4020 8 0.0 
4020 99 0.0 
4020 113 0.0 
4020 113 0.0 
4020 121 0.0 
4020 164 0.0 
4020 164 0.0 
4020 173 0.0 
4020 173 0.0 
4020 173 0.0 
4020 181 0.0 
4020 181 0.0 
4021 289 0.0 
4022 5 0.0 
4022 5 0.0 
4022 25 0.0 
4022 25 0.0 
4022 25 0.0 
4022 25 0.0 
4022 25 0.0 
4022 28 0.0 
4022 28 0.0 
4022 28 0.0 
4022 28 0.0 
4022 28 0.0 
4022 38 0.0 
4022 48 0.0 
4022 113 0.0 
4022 124 0.0 
4022 139 0.0 
4022 166 0.0 
4022 166 0.0 
4022 204 0.0 
4022 229 0.0 
4022 230 0.0 
4022 299 0.0 
4022 330 0.0 
4022 330 0.0 
4022 330 0.0 
4022 330 0.0 
4022 330 0.0 
4022 333 0.0 
4022 333 0.0 
4022 333 0.0 
4022 333 0.0 
4022 333 0.0 
4022 341 0.0 
4022 341 0.0 
4022 341 0.0 
4022 341 0.0 
4022 341 0.0 
4022 343 0.0 
4022 343 0.0 
4022 343 0.0 
4022 343 0.0 
4022 343 0.0 
4022 345 0.0 
4022 345 0.0 
4022 345 0.0 
4022 345 0.0 
4022 345 0.0 
4022 350 0.0 
4022 350 0.0 
4022 353 0.0 
4022 353 0.0 
4022 353 0.0 
4022 353 0.0 
4022 353 0.0 
4022 354 0.0 
4022 354 0.0 
4022 354 0.0 
4022 354 0.0 
4022 354 0.0 
4022 355 0.0 
4022 355 0.0 
4022 355 0.0 
4022 355 0.0 
4022 355 0.0 
4022 356 -0.0 
4022 356 -0.0 
4022 356 -0.0 
4022 356 -0.0 
4022 356 -0.0 
4023 48 0.0 
4023 243 0.0 
4023 243 0.0 
4023 350 0.0 
4023 350 0.0 
4023 350 0.0 
4024 28 0.0 
4025 299 0.0 
4026 228 0.0 
4026 299 0.0 
4027 38 0.0 
4028 113 0.0 
4029 124 0.0 
4029 124 0.0 
4030 260 0.0 
4030 269 0.0 
4030 299 0.0 
4030 340 0.0 
4030 340 0.0 
4030 350 0.0 
4031 3 0.0 
4031 5 0.0 
4031 7 0.0 
4031 8 0.0 
4031 8 0.0 
4031 17 0.0 
4031 28 0.0 
4031 28 0.0 
4031 32 0.0 
4031 75 0.0 
4031 75 0.0 
4031 83 0.0 
4031 83 0.0 
4031 83 0.0 
4031 107 0.0 
4031 107 0.0 
4031 108 0.0 
4031 109 0.0 
4031 109 0.0 
4031 109 0.0 
4031 109 0.0 
4031 113 0.0 
4031 113 0.0 
4031 113 0.0 
4031 113 0.0 
4031 113 0.0 
4031 113 0.0 
4031 113 0.0 
4031 121 0.0 
4031 121 0.0 
4031 121 0.0 
4031 121 0.0 
4031 121 0.0 
4031 121 0.0 
4031 121 0.0 
4031 121 0.0 
4031 121 0.0 
4031 121 0.0 
4031 121 0.0 
4031 128 0.0 
4031 128 0.0 
4031 128 0.0 
4031 128 0.0 
4031 128 0.0 
4031 139 0.0 
4031 155 0.00773743074387 
4031 155 0.00773743074387 
4031 155 0.00773743074387 
4031 170 0.0 
4031 170 0.0 
4031 170 0.0 
4031 173 0.0 
4031 173 0.0 
4031 173 0.0 
4031 173 0.0 
4031 173 0.0110352737829 
4031 173 0.0 
4031 173 0.0 
4031 173 0.0 
4031 173 0.0 
4031 173 0.0 
4031 173 0.0 
4031 173 0.0 
4031 173 0.0 
4031 173 0.0 
4031 173 0.0 
4031 173 0.0 
4031 173 0.0 
4031 173 0.0 
4031 173 0.0 
4031 173 0.0 
4031 173 0.0 
4031 173 0.0 
4031 180 0.0 
4031 180 0.00424983073026 
4031 180 0.0 
4031 180 0.0 
4031 181 0.0 
4031 181 0.0 
4031 181 0.0 
4031 181 0.00683957105502 
4031 181 0.0 
4031 183 0.0 
4031 188 0.0 
4031 188 0.0 
4031 188 0.0 
4031 188 0.0 
4031 188 0.00278219813481 
4031 190 0.0 
4031 199 0.0 
4031 199 0.0 
4031 199 0.0 
4031 210 0.00746010337025 
4031 260 0.0 
4031 269 0.0 
4031 288 0.0 
4031 289 0.0 
4031 291 0.0 
4031 291 0.0 
4031 302 0.0 
4031 302 0.0 
4031 302 0.0 
4031 306 0.0 
4031 311 0.0 
4031 331 0.0 
4031 336 0.0 
4031 336 0.0 
4031 336 0.0 
4031 336 0.0 
4031 336 0.0 
4031 336 0.0 
4031 336 0.0 
4031 336 0.0 
4031 336 0.0 
4031 336 0.0 
4031 336 0.0 
4031 336 0.0 
4031 336 0.0 
4031 336 0.0 
4031 336 0.0 
4031 336 0.0 
4031 336 0.0 
4031 336 0.0 
4031 336 0.0 
4031 336 0.0 
4031 336 0.0 
4031 337 0.0 
4031 340 0.0 
4031 352 0.0 
4032 28 0.0 
4032 28 0.0 
4032 128 0.0 
4032 299 0.0 
4032 299 0.0 
4032 299 0.0 
4032 299 0.0 
4032 299 0.0 
4032 299 0.0 
4033 1 0.0193117279559 
4033 1 0.0 
4033 7 0.0 
4033 15 0.0 
4033 15 0.0 
4033 15 0.0 
4033 61 0.187599658966 
4033 61 0.0 
4033 302 0.0 
4033 302 0.0 
4033 332 0.0 
4033 332 0.0 
4033 332 0.0 
4033 332 0.0 
4033 336 0.0 
4033 338 0.0 
4034 210 0.0 
4035 113 0.0 
4036 281 0.0 
4037 285 0.00659898295999 
4038 124 0.0 
4038 124 0.0 
4038 254 0.0 
4038 254 0.0 
4039 83 0.0 
4040 350 0.0 
4041 48 0.0 
4042 336 0.0 
4043 113 0.0 
4043 113 0.0 
4043 124 0.0 
4044 113 0.0 
4045 124 0.0 
4045 217 0.0 
4046 28 0.0 
4047 25 0.0 
4047 330 0.0 
4047 333 0.0 
4047 341 0.0 
4047 343 0.0 
4047 345 0.0 
4047 353 0.0 
4047 354 0.0 
4047 355 0.0 
4047 356 -0.0 
4048 1 0.0193117279559 
4048 4 0.0 
4048 25 0.0 
4048 44 0.0 
4048 61 0.187599658966 
4048 93 0.011519276537 
4048 113 0.0 
4048 124 0.0 
4048 299 0.00656598806381 
4048 299 0.0 
4048 299 0.0 
4048 299 0.0 
4048 330 0.0 
4048 333 0.0 
4048 341 0.0 
4048 343 0.0 
4048 345 0.0 
4048 353 0.0 
4048 354 0.0 
4048 354 0.0 
4048 355 0.0 
4048 356 -0.0 
4049 14 0.00837753992528 
4049 104 0.0051497942768 
4049 106 0.00573379872367 
4049 107 0.00484039308503 
4049 108 0.00367733021267 
4049 109 0.00612167315558 
4049 110 0.00112527643796 
4049 111 0.00853020045906 
4049 112 0.000252838770393 
4049 113 0.0301647670567 
4049 114 0.0106764035299 
4049 116 0.0104222027585 
4049 119 0.0231263209134 
4049 120 0.00264805206098 
4049 121 0.0277515854686 
4049 122 0.0231263209134 
4049 123 0.000307037087623 
4049 124 0.0 
4049 125 0.0216809269041 
4049 126 0.0216809269041 
4049 127 0.000317960424582 
4049 128 0.0236519183964 
4049 129 0.0204055774957 
4049 130 0.020207464695 
4049 131 0.00809871219099 
4049 134 0.00800526514649 
4049 140 0.0175093002617 
4049 145 0.00809871219099 
4049 147 0.018751071766 
4049 148 0.0179428346455 
4049 149 0.0242019649595 
4049 150 0.0080361738801 
4049 158 0.0216809269041 
4049 159 0.00386153790168 
4049 162 0.00551763689145 
4049 165 0.0022284463048 
4049 168 0.0107287056744 
4049 174 0.0136932171881 
4049 175 0.00426510022953 
4049 177 0.0108972201124 
4049 187 0.00656583253294 
4049 193 0.0145910847932 
4049 195 0.0060681309551 
4049 211 0.00356398802251 
4049 239 0.020844405517 
4049 277 0.0107287056744 
4049 301 0.00441904226318 
4049 349 0.00025013287086 
4050 28 0.0 
4051 254 0.0 
4052 254 0.0 
4053 305 0.0 
4054 113 0.0 
4055 109 0.0 
4055 355 0.0 
4056 113 0.0 
4057 113 0.0 
4057 113 0.0 
4057 124 0.0 
4057 124 0.0 
4057 164 0.0 
4057 306 0.0 
4057 306 0.0 
4057 354 0.0 
4058 139 0.0 
4058 139 0.0 
4058 155 0.00773743074387 
4058 160 0.0 
4058 160 0.0 
4058 160 0.0 
4058 170 0.0 
4058 170 0.0 
4058 176 0.0 
4058 176 0.0 
4058 176 0.0 
4058 176 0.0 
4058 176 0.0 
4058 188 0.00278219813481 
4058 188 0.0 
4058 188 0.0 
4058 188 0.0 
4058 188 0.0 
4058 188 0.0 
4058 188 0.0 
4058 188 0.0 
4058 188 0.0 
4058 188 0.0 
4058 188 0.0 
4058 188 0.0 
4058 302 0.0 
4058 336 0.0 
4058 336 0.0 
4058 336 0.0 
4059 44 0.0 
4060 172 0.0 
4060 308 0.0 
4061 5 0.0 
4061 54 0.0 
4061 113 0.0 
4061 243 0.0 
4061 282 0.0 
4061 350 0.0 
4062 7 0.0 
4062 34 0.0 
4062 54 0.0 
4062 54 0.0 
4062 299 0.0 
4063 108 0.0 
4063 222 0.0 
4063 222 0.0 
4063 336 0.0 
4064 113 0.0 
4064 306 0.0 
4065 3 0.0 
4065 7 0.0 
4065 8 0.0 
4065 8 0.0 
4065 8 0.0 
4065 8 0.0 
4065 8 0.0 
4065 17 0.0 
4065 28 0.0 
4065 32 0.0 
4065 83 0.0 
4065 83 0.0 
4065 83 0.0 
4065 83 0.0 
4065 113 0.0 
4065 113 0.0 
4065 124 0.0 
4065 124 0.0 
4065 128 0.0 
4065 128 0.0 
4065 128 0.0 
4065 128 0.0 
4065 128 0.0 
4065 128 0.0 
4065 128 0.0236519183964 
4065 128 0.0 
4065 154 0.0 
4065 154 0.0 
4065 270 0.0 
4065 305 0.0 
4065 307 0.0 
4065 309 0.0 
4065 310 0.0 
4065 310 0.0 
4065 310 0.0 
4065 313 0.0 
4065 313 0.0 
4065 334 0.0 
4065 334 0.0 
4065 335 0.0 
4065 335 0.0 
4065 337 0.0 
4065 337 0.0 
4065 337 0.0 
4065 338 0.0 
4065 338 0.0 
4065 338 0.0 
4065 350 0.0 
4065 352 0.0 
4066 7 0.0 
4066 205 0.00920594949275 
4067 24 0.0 
4067 28 0.0 
4067 109 0.0 
4067 128 0.0 
4067 128 0.0 
4067 128 0.0 
4067 128 0.0 
4067 128 0.0 
4067 152 0.0 
4067 154 0.0 
4067 204 0.0 
4067 256 0.0 
4067 258 0.0 
4067 264 0.0 
4067 272 0.0 
4067 273 0.0 
4067 275 0.0 
4067 279 0.0 
4067 282 0.0 
4067 283 0.0 
4067 285 0.0 
4067 289 0.0 
4067 291 0.0 
4067 293 0.0 
4067 299 0.0 
4067 299 0.0 
4067 304 0.0 
4067 305 0.0 
4067 306 0.0 
4067 307 0.0 
4067 308 0.0 
4067 309 0.0 
4067 310 0.0 
4067 311 0.0 
4067 312 0.0 
4067 313 0.0 
4067 314 0.0 
4067 315 0.0 
4067 316 0.0 
4067 317 0.0 
4067 318 0.0 
4067 319 0.0 
4067 320 0.0 
4067 321 0.0 
4067 321 0.0 
4067 322 0.0 
4067 323 0.0 
4067 324 0.0 
4067 325 0.0 
4067 327 0.0 
4067 328 0.0 
4067 331 0.0 
4067 332 0.0 
4067 334 0.0 
4067 334 0.0 
4067 335 0.0 
4067 335 0.0 
4067 335 0.0 
4067 336 0.0 
4067 337 0.0 
4067 338 0.0 
4067 338 0.0 
4067 339 0.0 
4067 340 0.0 
4067 342 0.0 
4067 350 0.0 
4067 351 0.0 
4067 352 0.0 
4068 24 0.0 
4068 113 0.0 
4068 113 0.0 
4068 113 0.0 
4068 113 0.0 
4068 113 0.0 
4068 113 0.0 
4068 113 0.0 
4068 152 0.0 
4068 154 0.0 
4068 256 0.0 
4068 258 0.0 
4068 264 0.0 
4068 272 0.0 
4068 273 0.0 
4068 275 0.0 
4068 279 0.0 
4068 282 0.0 
4068 283 0.0 
4068 285 0.0 
4068 289 0.0 
4068 291 0.0 
4068 293 0.0 
4068 299 0.0 
4068 304 0.0 
4068 305 0.0 
4068 306 0.0 
4068 307 0.0 
4068 308 0.0 
4068 309 0.0 
4068 310 0.0 
4068 311 0.0 
4068 312 0.0 
4068 313 0.0 
4068 314 0.0 
4068 315 0.0 
4068 316 0.0 
4068 317 0.0 
4068 318 0.0 
4068 319 0.0 
4068 320 0.0 
4068 321 0.0 
4068 322 0.0 
4068 323 0.0 
4068 324 0.0 
4068 325 0.0 
4068 327 0.0 
4068 328 0.0 
4068 331 0.0 
4068 332 0.0 
4068 334 0.0 
4068 335 0.0 
4068 336 0.0 
4068 337 0.0 
4068 338 0.0 
4068 339 0.0 
4068 340 0.0 
4068 342 0.0 
4068 350 0.0 
4068 351 0.0 
4068 352 0.0 
4069 1 0.0 
4069 61 0.0 
4069 113 0.0 
4070 3 0.0 
4070 3 0.0 
4070 4 0.0 
4070 5 0.0 
4070 11 0.0 
4070 13 0.0 
4070 28 0.0 
4070 28 0.0 
4070 103 0.0 
4070 103 0.0 
4070 113 0.0 
4070 113 0.0 
4070 124 0.0 
4070 124 0.0 
4070 231 0.0 
4070 282 0.0 
4070 292 0.0 
4070 299 0.0 
4070 299 0.0 
4070 303 0.0 
4070 306 0.0 
4070 306 0.0 
4070 332 0.0 
4070 332 0.0 
4070 340 0.0 
4070 350 0.0 
4070 350 0.0 
4070 350 0.0 
4070 350 0.0 
4070 350 0.0 
4070 350 0.0 
4070 350 0.0 
4070 350 0.0 
4070 350 0.0 
4070 350 0.0 
4070 354 0.0 
4071 34 0.0 
4071 306 0.0 
4072 124 0.0160146057606 
4073 11 0.0 
4073 75 0.0 
4073 75 0.0 
4073 209 0.0 
4073 210 0.0 
4073 254 0.0 
4074 155 0.0 
4075 4 0.0 
4075 5 0.0 
4075 7 0.0 
4075 48 0.0 
4075 55 0.0 
4075 89 0.0 
4075 89 0.0 
4075 113 0.0 
4075 139 0.0 
4075 139 0.0 
4075 350 0.0 
4075 350 0.0 
4075 355 0.0 
4076 8 0.00825910456479 
4076 8 0.0 
4076 8 0.0 
4076 8 0.00825910456479 
4076 54 0.0 
4076 75 0.0 
4076 108 0.0 
4076 109 0.0 
4076 109 0.0 
4076 109 0.0 
4076 109 0.0 
4076 109 0.0 
4076 109 0.0 
4076 111 0.0 
4076 121 0.0 
4076 121 0.0 
4076 121 0.0 
4076 121 0.0 
4076 128 0.0 
4076 128 0.0 
4076 128 0.0 
4076 128 0.0 
4076 128 0.0236519183964 
4076 128 0.0 
4076 128 0.0 
4076 128 0.0 
4076 128 0.0 
4076 128 0.0 
4076 128 0.0 
4076 128 0.0 
4076 128 0.0 
4076 128 0.0 
4076 128 0.0 
4076 128 0.0 
4076 128 0.0 
4076 128 0.0 
4076 128 0.0 
4076 128 0.0 
4076 128 0.0 
4076 128 0.0 
4076 128 0.0 
4076 128 0.0 
4076 128 0.0 
4076 128 0.0 
4076 128 0.0 
4076 128 0.0 
4076 128 0.0 
4076 128 0.0 
4076 128 0.0 
4076 128 0.0 
4076 128 0.0 
4076 128 0.0 
4076 128 0.0 
4076 128 0.0 
4076 128 0.0 
4076 128 0.0 
4076 128 0.0 
4076 128 0.0 
4076 128 0.0 
4076 128 0.0 
4076 128 0.0 
4076 128 0.0 
4076 139 0.0 
4076 166 0.0 
4076 166 0.0 
4076 176 0.0 
4076 176 0.0 
4076 176 0.0 
4076 176 0.0 
4076 176 0.0 
4076 176 0.0 
4076 176 0.0 
4076 176 0.0 
4076 176 0.0 
4076 176 0.0 
4076 176 0.0 
4076 176 0.0 
4076 176 0.0 
4076 176 0.0 
4076 176 0.0 
4076 176 0.0 
4076 176 0.0 
4076 176 0.0 
4076 176 0.0 
4076 176 0.0 
4076 176 0.0 
4076 176 0.0 
4076 176 0.0 
4076 176 0.0 
4076 176 0.0 
4076 176 0.0 
4076 176 0.0 
4076 190 0.0 
4076 244 0.0 
4076 244 0.0 
4076 254 0.0 
4076 254 0.0 
4076 254 0.0 
4076 254 0.0 
4076 254 0.0 
4076 254 0.0 
4076 254 0.0 
4076 254 0.0 
4076 254 0.0 
4076 254 0.0 
4076 254 0.0 
4076 254 0.0 
4076 254 0.0 
4076 254 0.0 
4076 254 0.0 
4076 254 0.0 
4076 254 0.0 
4076 254 0.0 
4076 254 0.0 
4076 279 0.0 
4076 282 0.0 
4076 282 0.0 
4076 282 0.0 
4076 282 0.0 
4076 290 0.0 
4076 327 0.0 
4076 327 0.0 
4076 327 0.0 
4076 327 0.0 
4076 327 0.0 
4076 334 0.0 
4076 334 0.0 
4076 334 0.0 
4076 334 0.0 
4076 334 0.0 
4076 334 0.0 
4076 334 0.0 
4076 334 0.0 
4076 335 0.0 
4076 335 0.0 
4076 335 0.0 
4076 335 0.0 
4076 335 0.0 
4076 336 0.0 
4076 336 0.0 
4076 337 0.0 
4076 337 0.0 
4076 337 0.0 
4076 338 0.0 
4076 338 0.0 
4077 124 0.0 
4077 154 0.0 
4077 170 0.0 
4077 170 0.0 
4077 176 0.0 
4077 285 0.0 
4077 285 0.0 
4077 285 0.00659898295999 
4077 285 0.0 
4077 289 0.0 
4077 289 0.0 
4077 336 0.0 
4077 336 0.0 
4077 336 0.0 
4077 350 0.0 
4077 350 0.0 
4078 75 0.21886625886 
4078 128 0.0 
4078 164 0.0 
4078 321 0.0 
4078 322 0.0 
4078 322 0.0 
4078 322 0.0 
4078 322 0.00575371831656 
4078 322 0.00575371831656 
4078 322 0.0 
4078 322 0.0 
4078 322 0.0 
4079 124 0.0 
4079 124 0.0 
4079 124 0.0 
4079 124 0.0 
4079 124 0.0 
4080 48 0.0 
4081 164 0.0 
4082 336 0.0 
4082 336 0.0 
4083 128 0.0 
4083 331 0.0 
4083 338 0.0 
4084 113 0.0 
4085 170 0.0 
4086 44 0.0 
4086 212 0.0 
4087 124 0.0 
4087 289 0.0 
4088 154 0.0 
4088 154 0.0 
4088 176 0.0 
4088 176 0.0 
4088 176 0.0 
4089 1 0.0193117279559 
4089 1 0.0193117279559 
4089 1 0.0193117279559 
4089 1 0.0193117279559 
4089 8 0.0 
4089 10 0.00220335158519 
4089 10 0.00220335158519 
4089 10 0.00220335158519 
4089 10 0.00220335158519 
4089 61 0.187599658966 
4089 61 0.187599658966 
4089 61 0.187599658966 
4089 61 0.187599658966 
4089 85 0.0051097185351 
4089 85 0.0051097185351 
4089 85 0.0051097185351 
4089 85 0.0051097185351 
4089 86 0.0625332221389 
4089 91 0.0257489737123 
4089 221 0.0 
4089 310 0.0 
4089 331 0.0 
4089 331 0.0 
4089 331 0.0 
4089 332 0.0 
4089 332 0.0 
4089 332 0.0 
4089 336 0.00098517886363 
4089 336 0.0 
4089 336 0.0 
4089 336 0.0 
4089 336 0.0 
4090 170 0.0 
4091 28 0.0 
4091 336 0.0 
4091 355 0.0 
4091 355 0.0 
4091 355 0.0 
4092 113 0.0 
4092 186 0.0 
4092 337 0.0 
4093 124 0.0 
4094 154 0.0 
4094 154 0.0 
4094 176 0.0 
4094 280 0.0 
4095 111 0.0 
4096 1 0.0193117279559 
4096 7 0.0 
4096 61 0.187599658966 
4096 83 0.0 
4096 111 0.0 
4096 111 0.0 
4096 111 0.00853020045906 
4096 124 0.0 
4096 124 0.0 
4096 124 0.0 
4096 124 0.0 
4096 124 0.0 
4096 124 0.0 
4096 160 0.0 
4096 163 0.0 
4096 163 0.0 
4096 163 0.0 
4096 163 0.0 
4096 163 0.0 
4096 163 0.0 
4096 163 0.0 
4096 163 0.0 
4096 163 0.0 
4096 163 0.0 
4096 163 0.0 
4096 163 0.0 
4096 163 0.0 
4096 163 0.0 
4096 163 0.0 
4096 163 0.0 
4096 166 0.0 
4096 254 0.0 
4096 288 0.0 
4096 288 0.0 
4096 288 0.0 
4096 311 0.00146643444896 
4096 311 0.00146643444896 
4096 311 0.0 
4096 336 0.0 
4097 38 0.0 
4097 124 0.0 
4097 124 0.0 
4098 113 0.0 
4098 113 0.0 
4098 299 0.0 
4099 107 0.0 
4099 108 0.0 
4099 154 0.0 
4099 154 0.0 
4100 299 0.0 
4101 107 0.0 
4101 108 0.0 
4101 108 0.0 
4101 113 0.0 
4102 7 0.0 
4102 7 0.0 
4102 103 0.0 
4102 103 0.0 
4102 103 0.0 
4102 103 0.0 
4102 113 0.0 
4102 113 0.0 
4102 113 0.0 
4102 113 0.0 
4102 113 0.0 
4102 121 0.0 
4102 124 0.0 
4102 299 0.0 
4102 299 0.0 
4102 299 0.0 
4102 350 0.0 
4102 350 0.0 
4102 350 0.0 
4102 350 0.0 
4102 355 0.0 
4102 355 0.0 
4102 355 0.0 
4102 355 0.0 
4102 355 0.0 
4102 355 0.0 
4102 355 0.0 
4102 355 0.0 
4102 355 0.0 
4102 355 0.0 
4102 355 0.0 
4103 251 0.0 
4103 251 0.0 
4103 251 0.0 
4103 251 0.00650097802281 
4103 251 0.0 
4104 22 0.0 
4104 22 0.0 
4104 22 0.0 
4104 22 0.0 
4104 28 0.0 
4104 28 0.0 
4104 28 0.0 
4104 28 0.0 
4104 28 0.0 
4104 83 0.0 
4104 83 0.0 
4104 83 0.0 
4104 108 0.0 
4104 108 0.0 
4104 108 0.0 
4104 109 0.0 
4104 139 0.0 
4104 229 0.0 
4104 229 0.0 
4104 230 0.0 
4104 230 0.0 
4104 243 0.0 
4105 199 0.0 
4106 113 0.0 
4106 113 0.0 
4106 299 0.0 
4106 299 0.0 
4107 8 0.0 
4107 111 0.0 
4107 128 0.0 
4107 128 0.0 
4107 299 0.0 
4107 306 0.0 
4107 342 0.0 
4107 350 0.0 
4107 350 0.0 
4108 19 0.0 
4108 207 0.0 
4108 212 0.0 
4108 212 0.0 
4108 212 0.0 
4108 212 0.0 
4108 212 0.0 
4108 212 0.0 
4108 336 0.0 
4109 299 0.0 
4110 16 0.0 
4110 17 0.0 
4110 19 0.0 
4110 192 0.0 
4110 196 0.0 
4110 207 0.0 
4110 332 0.0 
4110 354 0.0 
