1 0.0121843442321 1 
1 0.0193117279559 1 
1 0.0193117279559 1 
1 0.0193117279559 1 
1 0.0193117279559 1 
1 0.0193117279559 1 
1 0.0193117279559 1 
1 0.0193117279559 1 
1 0.0193117279559 1 
1 0.0193117279559 1 
1 0.0193117279559 1 
3 0.0 1 
3 0.0 1 
3 0.0 1 
3 0.0 1 
3 0.0 1 
3 0.0 1 
3 0.0 1 
3 0.0 1 
3 0.0 1 
3 0.0 1 
3 0.0 1 
3 0.0 1 
3 0.0 1 
3 0.0 1 
3 0.0 1 
3 0.0 1 
3 0.0 1 
3 0.0 1 
3 0.00107882218435 1 
3 0.0 1 
3 0.0 1 
3 0.0 1 
3 0.0 1 
3 0.0 1 
4 0.0 1 
4 0.0 1 
4 0.0 1 
4 0.0 1 
4 0.0 1 
4 0.0 1 
4 0.0 1 
4 0.0 1 
4 0.0 1 
4 0.00110915047117 1 
4 0.0 1 
4 0.0 1 
4 0.0 1 
5 0.0 1 
5 0.0 1 
5 0.26263949275 1 
7 0.0 1 
7 0.0 1 
7 0.0 1 
7 0.0 1 
7 0.0 1 
7 0.0 1 
7 0.0 1 
7 0.0 1 
7 0.0 1 
7 0.0 1 
7 0.0 1 
7 0.0 1 
7 0.0 1 
7 0.000341978564393 1 
7 0.0 1 
7 0.0 1 
7 0.0 1 
7 0.0 1 
7 0.0 1 
7 0.0 1 
7 0.0 1 
7 0.0 1 
8 0.00825910456479 1 
8 0.00825910456479 1 
8 0.0 1 
8 0.00825910456479 1 
10 0.00220335158519 1 
10 0.00220335158519 1 
10 0.00220335158519 1 
10 0.00220335158519 1 
10 0.00220335158519 1 
10 0.00220335158519 1 
10 0.00220335158519 1 
10 0.00139016017783 1 
11 0.0 1 
11 0.0 1 
11 0.0 1 
11 0.00366608612239 1 
11 0.00366608612239 1 
11 0.0 1 
11 0.0 1 
12 0.00717713404447 1 
12 0.00452826777473 1 
12 0.00452826777473 1 
12 0.0 1 
13 0.0 1 
13 0.0 1 
13 0.0 1 
13 0.00377355632372 1 
14 0.00528563931584 1 
14 0.0 1 
14 0.00837753992528 1 
15 0.00277631613426 1 
16 0.0 1 
16 0.00296432850882 1 
17 0.0 1 
17 0.0 1 
17 0.0 1 
17 0.0 1 
17 0.00317197502591 1 
18 0.0 1 
18 0.0 1 
18 0.00594676844776 1 
18 0.00375199317932 1 
18 0.0 1 
19 0.0 1 
19 0.0 1 
19 0.00269005005248 1 
20 0.00269005005248 1 
21 0.0 1 
21 0.00442154100165 1 
22 0.0 1 
22 0.0 1 
22 0.0 1 
22 0.0 1 
22 0.0656598731875 1 
23 0.00253374734893 1 
24 0.00316433166154 1 
24 0.0 1 
24 0.0 1 
25 0.0 1 
25 0.0 1 
27 0.000406942766858 1 
27 0.0 1 
28 0.0 1 
28 0.0 1 
28 0.0 1 
28 0.0 1 
28 0.0 1 
28 0.0 1 
28 0.0 1 
28 0.0 1 
28 0.0 1 
28 0.0 1 
28 0.0 1 
28 0.0 1 
28 0.0 1 
28 0.0 1 
28 0.218866273761 1 
28 0.0 1 
28 0.0 1 
28 0.0 1 
28 0.0 1 
28 0.0 1 
28 0.0 1 
28 0.0 1 
30 0.0 1 
32 0.0 1 
32 0.0 1 
32 0.0 1 
32 0.0 1 
32 0.0 1 
34 0.0184118989855 1 
35 0.0 1 
35 0.0 1 
35 0.0 1 
38 0.0 1 
38 0.0 1 
38 0.0 1 
43 0.0 1 
43 0.00334146968089 1 
45 0.0 1 
45 0.0 1 
45 0.0 1 
48 0.0 1 
48 0.164149701595 1 
48 0.0 1 
48 0.0 1 
48 0.0 1 
48 0.0 1 
51 0.437732547522 1 
54 0.0 1 
54 0.0 1 
54 0.0 1 
57 0.0202081818134 1 
58 0.0820748507977 1 
61 0.187599658966 1 
61 0.187599658966 1 
61 0.118362210691 1 
61 0.187599658966 1 
61 0.187599658966 1 
61 0.187599658966 1 
61 0.187599658966 1 
61 0.187599658966 1 
61 0.187599658966 1 
61 0.187599658966 1 
61 0.187599658966 1 
67 0.187599658966 1 
70 0.0 1 
70 0.187599658966 1 
73 0.276178479195 1 
74 0.00470680138096 1 
75 0.0 1 
75 0.138089239597 1 
77 0.118362210691 1 
79 0.00552356941625 1 
81 0.00920594949275 1 
83 0.0 1 
83 0.0 1 
83 0.0 1 
83 0.0 1 
83 0.0 1 
83 0.0 1 
83 0.0 1 
83 0.207133859396 1 
83 0.0 1 
83 0.0 1 
83 0.0 1 
84 0.00282776611857 1 
85 0.0051097185351 1 
85 0.0051097185351 1 
85 0.0051097185351 1 
85 0.0051097185351 1 
85 0.0051097185351 1 
85 0.0051097185351 1 
85 0.00322387344204 1 
85 0.0051097185351 1 
86 0.0625332221389 1 
87 0.0345223098993 1 
87 0.0 1 
88 0.0 1 
88 0.0106222489849 1 
89 0.0116695137694 1 
89 0.0 1 
89 0.0 1 
90 0.0 1 
90 0.0 1 
90 0.00308005744591 1 
91 0.0257489737123 1 
91 0.0257489737123 1 
91 0.0257489737123 1 
91 0.0162457935512 1 
92 0.00304608605802 1 
92 0.0 1 
92 0.00304608605802 1 
92 0.00482793198898 1 
92 0.0 1 
93 0.011519276537 1 
93 0.011519276537 1 
93 0.011519276537 1 
93 0.011519276537 1 
93 0.011519276537 1 
93 0.011519276537 1 
93 0.011519276537 1 
93 0.011519276537 1 
93 0.00726785464212 1 
94 0.0 1 
94 0.0 1 
94 0.0 1 
94 0.00269005005248 1 
95 0.00986351724714 1 
95 0.0 1 
96 0.0 1 
97 0.00733629940078 1 
98 0.0 1 
99 0.00854160264134 1 
99 0.0 1 
100 0.437732547522 1 
100 0.0 1 
102 0.000842007575557 1 
102 0.0 1 
103 0.02851190418 1 
103 0.0 1 
103 0.02851190418 1 
103 0.0 1 
103 0.0 1 
103 0.0179890096188 1 
103 0.0 1 
103 0.0 1 
103 0.0 1 
103 0.0179890096188 1 
103 0.02851190418 1 
103 0.0 1 
104 0.00324915838428 1 
104 0.0051497942768 1 
106 0.00361762428656 1 
106 0.00573379872367 1 
107 0.00484039308503 1 
107 0.00305394781753 1 
108 0.00367733021267 1 
108 0.00232013710774 1 
109 0.00612167315558 1 
109 0.00386234582402 1 
109 0.0 1 
109 0.0 1 
110 0.00178352091461 1 
110 0.00178352091461 1 
110 0.00178352091461 1 
110 0.00112527643796 1 
111 0.00853020045906 1 
111 0.00538195716217 1 
112 0.000159523508046 1 
112 0.000252838770393 1 
113 0.0 1 
113 0.0 1 
113 0.0 1 
113 0.0 1 
113 0.0 1 
113 0.0 1 
113 0.0 1 
113 0.0 1 
113 0.0 1 
113 0.0 1 
113 0.0 1 
113 0.0 1 
113 0.0 1 
113 0.0 1 
113 0.0 1 
113 0.0 1 
113 0.0 1 
113 0.0 1 
113 0.0 1 
113 0.0 1 
113 0.0 1 
113 0.0 1 
113 0.0 1 
113 0.0 1 
113 0.0 1 
113 0.0 1 
113 0.0 1 
113 0.0 1 
113 0.0 1 
113 0.0 1 
113 0.0 1 
113 0.0 1 
113 0.0 1 
113 0.0 1 
113 0.0 1 
113 0.0 1 
113 0.0 1 
113 0.0 1 
113 0.0 1 
113 0.0 1 
113 0.0 1 
113 0.0 1 
113 0.0 1 
113 0.0 1 
113 0.0 1 
113 0.0 1 
113 0.0 1 
113 0.0 1 
113 0.0 1 
113 0.0 1 
113 0.0 1 
113 0.0 1 
113 0.0 1 
113 0.0 1 
113 0.0 1 
113 0.0 1 
113 0.0 1 
113 0.0 1 
113 0.0 1 
113 0.0 1 
113 0.0 1 
113 0.0301647670567 1 
113 0.0 1 
113 0.0 1 
113 0.0 1 
113 0.0 1 
113 0.0 1 
113 0.0 1 
113 0.0 1 
113 0.0301647670567 1 
113 0.0 1 
113 0.0 1 
113 0.0 1 
113 0.0 1 
113 0.0 1 
113 0.0 1 
113 0.0301647670567 1 
113 0.0 1 
113 0.0 1 
113 0.0 1 
113 0.0301647670567 1 
113 0.0190318487585 1 
113 0.0 1 
113 0.0 1 
113 0.0 1 
113 0.0 1 
113 0.0 1 
113 0.0 1 
113 0.0 1 
113 0.0 1 
113 0.0 1 
113 0.0 1 
113 0.0 1 
113 0.0 1 
113 0.0 1 
113 0.0 1 
113 0.0 1 
113 0.0 1 
113 0.0 1 
113 0.0 1 
113 0.0 1 
113 0.0 1 
113 0.0 1 
113 0.0 1 
113 0.0 1 
113 0.0 1 
113 0.0 1 
113 0.0 1 
113 0.0 1 
113 0.0 1 
113 0.0 1 
113 0.0 1 
113 0.0 1 
113 0.0 1 
113 0.0 1 
113 0.0 1 
113 0.0 1 
113 0.0 1 
113 0.0 1 
113 0.0 1 
113 0.0 1 
113 0.0 1 
113 0.0 1 
113 0.0 1 
113 0.0 1 
113 0.0 1 
113 0.0 1 
113 0.0 1 
113 0.0 1 
113 0.0 1 
113 0.0 1 
113 0.0 1 
113 0.0 1 
113 0.0 1 
113 0.0 1 
113 0.0 1 
114 0.0106764035299 1 
114 0.00673606060445 1 
115 0.0 1 
115 0.0190318487585 1 
116 0.00657567800954 1 
116 0.0104222027585 1 
117 0.0 1 
117 0.00662828376517 1 
118 0.0145910838619 1 
118 0.0 1 
119 0.0145910838619 1 
119 0.0231263209134 1 
120 0.00167073484045 1 
120 0.00264805206098 1 
121 0.0 1 
121 0.0 1 
121 0.0277515854686 1 
121 0.0175093002617 1 
121 0.0 1 
121 0.0 1 
121 0.0 1 
121 0.0 1 
121 0.0 1 
121 0.0 1 
122 0.0145910838619 1 
122 0.0231263209134 1 
123 0.000193718835362 1 
123 0.000307037087623 1 
124 0.0 1 
124 0.0 1 
124 0.0160146057606 1 
125 0.0216809269041 1 
125 0.01367914211 1 
126 0.0216809269041 1 
126 0.01367914211 1 
127 0.000200610695174 1 
127 0.000317960424582 1 
128 0.0236519183964 1 
128 0.0236519183964 1 
128 0.0 1 
128 0.0 1 
128 0.0 1 
128 0.0236519183964 1 
128 0.0 1 
128 0.0 1 
128 0.0 1 
128 0.0236519183964 1 
128 0.014922699891 1 
129 0.0128744859248 1 
129 0.0204055774957 1 
130 0.0127494912595 1 
130 0.020207464695 1 
131 0.00809871219099 1 
131 0.0051097185351 1 
132 0.0 1 
132 0.0182388555259 1 
133 0.0152697404847 1 
133 0.0 1 
134 0.00505075976253 1 
134 0.00800526514649 1 
135 0.0182388555259 1 
135 0.0 1 
136 0.0 1 
136 0.00781637150794 1 
137 0.0 1 
137 0.00512967817485 1 
137 0.0 1 
137 0.0 1 
138 0.00164355151355 1 
138 0.0 1 
139 0.0 1 
139 0.0122728748247 1 
139 0.019452046603 1 
139 0.0 1 
140 0.0175093002617 1 
140 0.0110471388325 1 
141 0.0051097185351 1 
142 0.0 1 
142 0.0051097185351 1 
143 0.0 1 
143 0.0051097185351 1 
144 0.0 1 
144 0.0121592376381 1 
145 0.0051097185351 1 
145 0.00809871219099 1 
146 0.0144307417795 1 
146 0.0 1 
147 0.0118306092918 1 
147 0.018751071766 1 
148 0.011320669204 1 
148 0.0179428346455 1 
149 0.0152697404847 1 
149 0.0242019649595 1 
150 0.0080361738801 1 
150 0.00507026072592 1 
151 0.00706020230427 1 
151 0.0 1 
152 0.0115631604567 1 
152 0.0 1 
152 0.00729554193094 1 
153 0.00454393634573 1 
153 0.0 1 
153 0.00720196869224 1 
154 0.0 1 
154 0.00732876360416 1 
154 0.00462393509224 1 
155 0.00773743074387 1 
155 0.0 1 
155 0.00488177547231 1 
156 0.0 1 
156 0.00725523522124 1 
157 0.0210239291191 1 
157 0.0132646225393 1 
157 0.0 1 
158 0.01367914211 1 
158 0.0216809269041 1 
159 0.00243635918014 1 
159 0.00386153790168 1 
160 0.0106192296371 1 
160 0.00669998768717 1 
160 0.0 1 
161 0.0099112810567 1 
161 0.0 1 
161 0.00625332212076 1 
162 0.00551763689145 1 
162 0.00348124140874 1 
163 0.0 1 
164 0.0193117298186 1 
164 0.0306083671749 1 
164 0.0 1 
165 0.0022284463048 1 
165 0.00140599312726 1 
166 0.0 1 
166 0.0 1 
166 0.00634563714266 1 
166 0.0 1 
166 0.00400365144014 1 
167 0.0 1 
167 0.0132646225393 1 
168 0.0107287056744 1 
168 0.00676905969158 1 
169 0.00451270677149 1 
169 0.0 1 
169 0.00715247076005 1 
170 0.00691156601533 1 
170 0.0109545728192 1 
170 0.0 1 
171 0.0 1 
171 0.0116277588531 1 
171 0.00733629893512 1 
172 0.00169216981158 1 
172 0.0 1 
172 0.00106764037628 1 
173 0.0174904949963 1 
173 0.0 1 
173 0.0 1 
173 0.0110352737829 1 
173 0.0 1 
173 0.0 1 
173 0.0 1 
174 0.0136932171881 1 
174 0.00863945763558 1 
175 0.00426510022953 1 
175 0.00269097858109 1 
176 0.0106764025986 1 
176 0.0169216971844 1 
176 0.0 1 
177 0.00687537994236 1 
177 0.0108972201124 1 
178 0.00750398635864 1 
178 0.0118935368955 1 
178 0.0 1 
179 0.00412955228239 1 
179 0.00654518511146 1 
179 0.0 1 
180 0.00424983073026 1 
180 0.00673582218587 1 
180 0.0 1 
181 0.00683957105502 1 
181 0.0 1 
181 0.010840463452 1 
182 0.0069850939326 1 
182 0.0110711120069 1 
182 0.0 1 
183 0.00683957105502 1 
183 0.010840463452 1 
183 0.0 1 
184 0.00628324225545 1 
184 0.0 1 
184 0.00396428443491 1 
186 0.0 1 
186 0.0106764025986 1 
187 0.00656583253294 1 
187 0.00414257915691 1 
188 0.00278219813481 1 
188 0.00440967967734 1 
188 0.0 1 
189 0.0 1 
189 0.00717713404447 1 
189 0.0 1 
189 0.00452826777473 1 
189 0.0 1 
189 0.0 1 
190 0.0 1 
190 0.0 1 
190 0.0147550292313 1 
190 0.0 1 
190 0.0093093868345 1 
191 0.0 1 
192 0.0 1 
192 0.0105903036892 1 
193 0.0145910847932 1 
193 0.00920594949275 1 
194 0.0 1 
195 0.0060681309551 1 
195 0.00382856442593 1 
196 0.00920594949275 1 
196 0.0 1 
197 0.0 1 
198 0.00229179346934 1 
198 0.0 1 
198 0.0036324064713 1 
199 0.0 1 
199 0.00691156601533 1 
199 0.0109545728192 1 
200 0.0 1 
200 0.0110125336796 1 
200 0.00694813532755 1 
201 0.0 1 
201 0.0145910847932 1 
201 0.00920594949275 1 
202 0.00750398635864 1 
202 0.0 1 
203 0.0 1 
203 0.00343768997118 1 
203 0.00544861005619 1 
204 0.0144307427108 1 
204 0.0 1 
204 0.00910478550941 1 
204 0.0 1 
205 0.0 1 
206 0.0 1 
206 0.0040282132104 1 
207 0.0 1 
207 0.00272544543259 1 
207 0.0 1 
208 0.00345223094337 1 
209 0.0 1 
209 0.00383581197821 1 
209 0.0060796183534 1 
209 0.00383581197821 1 
210 0.0 1 
211 0.00356398802251 1 
211 0.00224862620234 1 
212 0.0 1 
212 0.0 1 
212 0.00529515184462 1 
213 0.0 1 
213 0.0547165647149 1 
213 0.0345223098993 1 
214 0.0 1 
214 0.00519050424919 1 
216 0.00261150416918 1 
216 0.00164767575916 1 
216 0.0 1 
217 0.00253374734893 1 
217 0.00401589460671 1 
217 0.0 1 
218 0.00266410107724 1 
218 0.0 1 
218 0.00266410107724 1 
218 0.0 1 
218 0.00422250013798 1 
218 0.0 1 
219 0.0 1 
220 0.00311479484662 1 
220 0.0 1 
221 0.0 1 
222 0.0 1 
223 0.0 1 
224 0.0116212181747 1 
224 0.00733217224479 1 
224 0.00733217224479 1 
224 0.0 1 
225 0.0 1 
226 0.0 1 
227 0.00140750012361 1 
227 0.0 1 
227 0.000888033711817 1 
228 0.0 1 
228 0.0 1 
228 0.0 1 
232 0.0 1 
233 0.0 1 
234 0.0 1 
234 0.0 1 
234 0.0 1 
235 0.00691156601533 1 
235 0.0109545728192 1 
235 0.0 1 
236 0.0 1 
236 0.0116695137694 1 
236 0.018495740369 1 
237 0.00230385549366 1 
237 0.0 1 
238 0.0 1 
238 0.00841793324798 1 
238 0.0 1 
238 0.0 1 
239 0.020844405517 1 
239 0.0131513560191 1 
240 0.0 1 
240 0.0110471388325 1 
241 0.0162457935512 1 
241 0.0 1 
242 0.0 1 
242 0.00122271664441 1 
244 0.0 1 
244 0.0 1 
245 0.00733217224479 1 
245 0.0116212181747 1 
245 0.00733217224479 1 
245 0.0 1 
246 0.0 1 
246 0.00746428314596 1 
246 0.00746428314596 1 
246 0.0118306083605 1 
247 0.0117249786854 1 
247 0.00739763816819 1 
247 0.0 1 
248 0.0 1 
248 0.011320669204 1 
248 0.00714254705235 1 
248 0.00714254705235 1 
249 0.0 1 
249 0.00739763816819 1 
249 0.0117249786854 1 
250 0.00173703383189 1 
250 0.0027531334199 1 
250 0.00173703383189 1 
250 0.0 1 
252 0.0 1 
252 0.00428265193477 1 
252 0.00270205270499 1 
253 0.0 1 
255 0.0 1 
255 0.0 1 
255 0.00251834490336 1 
255 0.00251834490336 1 
256 0.00828535389155 1 
256 0.0 1 
256 0.0 1 
257 0.00511441659182 1 
258 0.0 1 
258 0.0 1 
258 0.00328783900477 1 
259 0.0 1 
259 0.0 1 
259 0.0 1 
259 0.00309154996648 1 
259 0.0 1 
259 0.0 1 
259 0.0 1 
260 0.00753214024007 1 
260 0.0 1 
261 0.00680413236842 1 
262 0.0 1 
262 0.0104222027585 1 
262 0.00657567800954 1 
263 0.00531112449244 1 
264 0.0 1 
264 0.0 1 
264 0.00443067075685 1 
265 0.0 1 
265 0.0552356950939 1 
267 0.0 1 
267 0.0162457935512 1 
267 0.0257489737123 1 
268 0.00311479484662 1 
268 0.0 1 
269 0.0 1 
269 0.00268134451471 1 
270 0.00381813570857 1 
271 0.00609217211604 1 
272 0.0 1 
272 0.0 1 
273 0.0 1 
273 0.0 1 
274 0.00429149530828 1 
274 0.00270763225853 1 
274 0.0 1 
275 0.0 1 
275 0.0 1 
275 0.0 1 
276 0.00858299061656 1 
276 0.0 1 
277 0.0107287056744 1 
277 0.00676905969158 1 
278 0.0 1 
278 0.0011587907793 1 
278 0.0018366399454 1 
279 0.0 1 
279 0.0 1 
280 0.00142605067231 1 
280 0.0 1 
281 0.0 1 
281 0.0 1 
281 0.0 1 
281 0.0 1 
281 0.0 1 
281 0.0 1 
281 0.0 1 
281 0.0 1 
281 0.0 1 
281 0.0 1 
281 0.0 1 
281 0.0 1 
281 0.00131305132527 1 
281 0.00131305132527 1 
282 0.0 1 
282 0.0 1 
283 0.0 1 
283 0.0 1 
284 0.0015933373943 1 
285 0.0 1 
285 0.0 1 
285 0.0 1 
286 0.0042775166221 1 
286 0.00269881240092 1 
286 0.0 1 
287 0.00178179657087 1 
287 0.0 1 
287 0.0 1 
288 0.00118871650193 1 
289 0.0 1 
289 0.0 1 
290 0.00168059917632 1 
291 0.0 1 
291 0.0 1 
292 0.00198689545505 1 
293 0.0 1 
293 0.0 1 
294 0.0 1 
294 0.0 1 
295 0.0158216580749 1 
295 0.0 1 
295 0.00998235493898 1 
296 0.00659898295999 1 
297 0.0 1 
297 0.00279999501072 1 
297 0.001766600064 1 
298 0.0 1 
298 0.0 1 
298 0.000213815597817 1 
299 0.0 1 
299 0.0 1 
299 0.0 1 
299 0.0 1 
299 0.0 1 
299 0.0 1 
299 0.0 1 
299 0.0 1 
299 0.0 1 
299 0.0 1 
299 0.0 1 
299 0.0 1 
299 0.0 1 
299 0.0 1 
299 0.0 1 
299 0.0 1 
299 0.0 1 
299 0.0 1 
299 0.0 1 
299 0.0 1 
299 0.0 1 
299 0.0 1 
299 0.0 1 
299 0.0 1 
299 0.0 1 
300 0.00869667250663 1 
300 0.0137839000672 1 
300 0.0 1 
301 0.00278810528107 1 
301 0.00441904226318 1 
302 0.0 1 
302 0.0 1 
302 0.0 1 
302 0.00746428314596 1 
302 0.0 1 
302 0.0118306083605 1 
302 0.0 1 
302 0.0 1 
302 0.0 1 
303 0.0 1 
303 0.00729554239661 1 
303 0.00460297474638 1 
303 0.00460297474638 1 
303 0.0 1 
304 0.0 1 
304 0.0 1 
305 0.0 1 
305 0.0 1 
305 0.0 1 
305 0.0 1 
305 0.0 1 
305 0.0 1 
305 0.0 1 
305 0.0 1 
305 0.0 1 
305 0.0 1 
305 0.0 1 
306 0.0 1 
306 0.0 1 
306 0.0 1 
306 0.0 1 
307 0.0 1 
307 0.0 1 
307 0.0 1 
307 0.0 1 
308 0.0 1 
308 0.0 1 
308 0.0 1 
309 0.0 1 
309 0.0 1 
310 0.0 1 
310 0.0 1 
310 0.0 1 
311 0.0 1 
311 0.0 1 
312 0.0 1 
312 0.0 1 
313 0.0 1 
313 0.0 1 
313 0.0 1 
314 0.0 1 
314 0.0 1 
315 0.0 1 
315 0.0 1 
316 0.0 1 
316 0.0 1 
317 0.0 1 
317 0.0 1 
318 0.0 1 
318 0.0 1 
319 0.0 1 
319 0.0 1 
320 0.0 1 
320 0.0 1 
321 0.0 1 
321 0.0 1 
321 0.0 1 
321 0.0 1 
322 0.0 1 
322 0.0 1 
322 0.0 1 
322 0.0 1 
322 0.0 1 
322 0.0 1 
322 0.0 1 
323 0.0 1 
323 0.0 1 
324 0.0 1 
324 0.0 1 
325 0.0 1 
325 0.0 1 
326 0.0 1 
326 0.00246378523298 1 
326 0.00155447551515 1 
327 0.0 1 
327 0.0 1 
328 0.0 1 
328 0.0 1 
329 0.0 1 
329 0.0042775166221 1 
329 0.00677970331162 1 
330 0.0 1 
330 0.00079974468099 1 
331 0.0 1 
331 0.0 1 
331 0.0 1 
332 0.0 1 
332 0.0 1 
333 0.0 1 
333 0.000765744422097 1 
334 0.0 1 
334 0.0 1 
335 0.0 1 
335 0.0 1 
336 0.0 1 
336 0.0 1 
336 0.0 1 
336 0.0 1 
336 0.0 1 
336 0.0 1 
336 0.0 1 
336 0.0 1 
336 0.0 1 
336 0.0 1 
336 0.0 1 
336 0.0 1 
336 0.0 1 
336 0.0 1 
336 0.0 1 
336 0.0 1 
336 0.0 1 
336 0.0 1 
336 0.0 1 
336 0.0 1 
336 0.0 1 
336 0.0 1 
336 0.0 1 
336 0.0 1 
336 0.0 1 
336 0.0 1 
336 0.0 1 
336 0.0 1 
336 0.0 1 
336 0.0 1 
336 0.0 1 
336 0.0 1 
336 0.0 1 
336 0.0 1 
336 0.0 1 
336 0.0 1 
336 0.0 1 
337 0.0 1 
337 0.0 1 
338 0.0 1 
338 0.0 1 
339 0.0 1 
339 0.0 1 
340 0.0 1 
340 0.0 1 
340 0.0 1 
340 0.0 1 
340 0.0 1 
340 0.0 1 
340 0.0 1 
340 0.0 1 
340 0.0 1 
340 0.0 1 
340 0.0 1 
340 0.0 1 
340 0.0 1 
340 0.0 1 
340 0.0 1 
340 0.0 1 
340 0.0 1 
340 0.0 1 
340 0.0 1 
341 0.00163419218734 1 
341 0.0 1 
342 0.0 1 
342 0.0 1 
343 0.00952339544892 1 
343 0.0 1 
344 0.00652466760948 1 
345 0.00659898295999 1 
345 0.0 1 
346 0.0238763187081 1 
346 0.0 1 
346 0.0150642804801 1 
347 0.00663231126964 1 
348 0.00881340634078 1 
348 0.0139689184725 1 
348 0.0 1 
349 0.000157816277351 1 
349 0.00025013287086 1 
350 0.0 1 
350 0.0 1 
351 0.0 1 
351 0.0 1 
351 0.0 1 
352 0.0 1 
352 0.0 1 
352 0.0 1 
353 0.000691156659741 1 
353 0.0 1 
354 0.0 1 
354 0.0 1 
354 0.00120809336659 1 
354 0.0 1 
354 0.0 1 
354 0.0 1 
354 0.0 1 
354 0.0 1 
354 0.0 1 
354 0.0 1 
354 0.0 1 
354 0.0 1 
354 0.0 1 
354 0.0 1 
354 0.0 1 
354 0.0 1 
355 0.0040909582749 1 
355 0.0 1 
355 0.0 1 
355 0.0 1 
355 0.0 1 
355 0.0 1 
355 0.0 1 
355 0.0 1 
355 0.0 1 
355 0.0 1 
356 -0.0 1 
356 -0.0 1 
356 -3.04452666269e+23 1 
